# 20/02/2019 16:13:36
# NanoCalc data
# Original file name: C:\SVA_DATA\StudentProjects\2018_Nathan\homopolymer_swelling\PSswellingrun2_312.dat
# Fit Result : Fitness; Thickness 1; Thickness 2; Thickness 3 
# Fit Result : 0.093264362504064; 2; 336.7; -1
# comment:PS id:350 ref:topsiloptics swelling run2 
#
# WaveLength; Reflectance; Raw Intensity; Dark Intensity; Reference Intensity
400; 0.314141251420819; 4260.25674263567; 3879.71; 587.4
401; 0.30070018340529; 4389.83891563951; 4007.34; 614.14
402; 0.29094775875319; 4473.81573029086; 4089.31; 635.26
403; 0.280680604974052; 4579.45202572198; 4198.31; 650.03
404; 0.270131566991767; 4675.87507748094; 4308.46; 648.35
405; 0.240899328138248; 4800.2845276738; 4456.61; 677.41
406; 0.225144945507788; 4888.65463594555; 4564.45; 681.07
407; 0.209278686067258; 4996.80098426267; 4693.78; 682.14
408; 0.19874469280317; 5088.96955860998; 4786.79; 713.46
409; 0.189704999402586; 5186.67385933139; 4891.06; 728.51
410; 0.178778468412168; 5333.73126564797; 5047.52; 745.65
411; 0.164932708661912; 5403.59394950715; 5133.46; 760.15
412; 0.161314438452529; 5478.12972792585; 5207.85; 774.86
413; 0.157362039715689; 5549.98436836338; 5289.87; 761.9
414; 0.160597397995929; 5677.9574194289; 5399.05; 797.8
415; 0.155927272827986; 5760.01598843965; 5484.45; 809.18
416; 0.15018681567026; 5829.69386208393; 5567.21; 797.56
417; 0.146652451462258; 5906.70496661275; 5640.47; 825.71
418; 0.1423859049242; 6012.91095669112; 5745.32; 851.93
419; 0.142233649845689; 6103.85401343543; 5837.55; 846.21
420; 0.139333646536511; 6203.80527612315; 5937.53; 861.15
421; 0.132060851437147; 6309.36290318022; 6056.08; 861.72
422; 0.131128155973182; 6468.50386341459; 6206.92; 893.67
423; 0.121869223172111; 6572.448577102; 6325.75; 904.16
424; 0.120363361928894; 6694.68101629291; 6447.44; 914.76
425; 0.118861388825417; 6835.5087416332; 6588.07; 924.54
426; 0.111070810624609; 7033.52579892595; 6798.69; 936.44
427; 0.101356296535208; 7167.18921282583; 6950.42; 944.65
428; 0.101384839568417; 7316.83932797569; 7093.04; 972.34
429; 0.0962761291280141; 7439.6601456776; 7222.32; 991.93
430; 0.0829220914025526; 7630.44152151606; 7438.56; 1014.23
431; 0.0843451695629373; 7770.2298903243; 7568.54; 1045.51
432; 0.0918209114293893; 7894.57151305856; 7669.88; 1067.25
433; 0.0838345929067354; 7983.53914327861; 7773.46; 1090.28
434; 0.0791478683351579; 8141.94771284502; 7941.66; 1098.36
435; 0.0802289648792638; 8246.27313545044; 8032.82; 1152.29
436; 0.0802100728066699; 8334.12778742502; 8119.6; 1155.85
437; 0.0830234712269368; 8442.6859213254; 8215.7; 1178.81
438; 0.0926822009291929; 8623.21567889713; 8367.16; 1188.44
439; 0.0945155113914928; 8711.32256209179; 8444.76; 1210.44
440; 0.0927360509486987; 8814.6419082236; 8551.57; 1214.72
441; 0.0913014947718938; 8916.66867651681; 8656.01; 1219.77
442; 0.0943088522831622; 9104.1476274863; 8831.26; 1233.49
443; 0.0997287687606983; 9223.76333904776; 8939.09; 1214.16
444; 0.104406594063595; 9379.02705016147; 9072.21; 1247.24
445; 0.0998835816549972; 9509.8598105363; 9218.16; 1236.69
446; 0.0921819515712263; 9686.64964336667; 9418.63; 1228.42
447; 0.0888109966718533; 9856.05389565543; 9595.14; 1238.58
448; 0.0861040083396734; 10045.6596344696; 9790.25; 1247.85
449; 0.0901760485348315; 10347.3392733957; 10077.07; 1258.16
450; 0.090378350474519; 10541.2112324052; 10261.67; 1295.63
451; 0.0836587821040864; 10723.6921379172; 10465.9; 1288.2
452; 0.0854593553749566; 10941.1826217774; 10678.16; 1284.02
453; 0.0964402460517233; 11298.7719413716; 10993.19; 1319.32
454; 0.10403314825441; 11562.4715639589; 11215.2; 1387.13
455; 0.108289151677207; 11791.2583648509; 11425.23; 1401.85
456; 0.118133967300203; 12068.4377780893; 11656.99; 1441.68
457; 0.130458548444877; 12466.2693223229; 11991.27; 1504.28
458; 0.131572980050591; 12747.1180114591; 12256.59; 1537.35
459; 0.140075408953924; 13013.2969479276; 12478.81; 1570.51
460; 0.155071582515398; 13299.3867294704; 12672.85; 1659.84
461; 0.159724663683831; 13676.2883549863; 13002.92; 1728.72
462; 0.170277352489628; 13923.1224038874; 13194.8; 1750.65
463; 0.169675936302397; 14155.8669154829; 13420.38; 1770.92
464; 0.176235575241008; 14558.8564731398; 13767.34; 1831.55
465; 0.173308042197795; 14800.4511079798; 14013.55; 1848.43
466; 0.178313645776244; 15071.5966802804; 14250.15; 1872.12
467; 0.188280853140761; 15384.7489645209; 14496.25; 1914.52
468; 0.191402826420994; 15901.0900213171; 14972.09; 1965.82
469; 0.196796608214103; 16266.782738655; 15298.15; 1990.22
470; 0.198558134534379; 16628.0245634833; 15628.65; 2031.84
471; 0.201952152003516; 17093.333353164; 16052.96; 2076.24
472; 0.212404998271424; 17807.4247174228; 16671.97; 2150.98
473; 0.218481673008023; 18312.4494497921; 17105.98; 2218.37
474; 0.225480581688841; 18882.1272371558; 17593.16; 2292.79
475; 0.226239019007308; 19793.3231974863; 18454.04; 2370.51
476; 0.22930504757846; 20416.7259600813; 19026.18; 2424.39
477; 0.233640081569235; 21099.545574978; 19644.74; 2485.41
478; 0.234167314586816; 21892.9553987208; 20382.52; 2570.48
479; 0.240744994844015; 23039.1412931575; 21398.92; 2710.86
480; 0.240757274537152; 23807.6334548111; 22101.79; 2814.77
481; 0.245300708439797; 24597.2910954417; 22814.87; 2882.32
482; 0.247753552652111; 25800.7731634758; 23905.63; 3029.69
483; 0.251499261150117; 26608.7785444632; 24625.21; 3119.24
484; 0.259517758922897; 27424.6566452302; 25326.6; 3192.56
485; 0.261553590665237; 28211.0568893198; 26037.35; 3277.01
486; 0.267003314272403; 29278.0118587874; 26968.07; 3406.11
487; 0.266278626824665; 29948.113301795; 27590.49; 3480.62
488; 0.270439737264768; 30644.6089668206; 28238.74; 3491.9
489; 0.274049201854696; 31305.1989502913; 28832.56; 3536.48
490; 0.279663412561; 32191.3826054815; 29602.73; 3622.88
491; 0.283074031523445; 32762.0322643015; 30093.52; 3684.84
492; 0.287519399168292; 33295.3957904465; 30535.42; 3747.31
493; 0.29408217012969; 34048.584069086; 31155.89; 3835
494; 0.301809746954489; 34538.8866669977; 31543.93; 3864.09
495; 0.305272137823968; 34998.7410324011; 31943.61; 3892.15
496; 0.30960334378929; 35609.6631262065; 32475.12; 3932.61
497; 0.313197931378139; 36018.0629513095; 32811.79; 3971.53
498; 0.31497992344477; 36401.991068296; 33145.13; 4006.41
499; 0.318592865067134; 36825.1758904874; 33528.57; 4004.25
500; 0.315528961434929; 37380.4721136448; 34045.25; 4085.41
501; 0.313880610614082; 37731.7096297776; 34411.09; 4083.6
502; 0.312104763389492; 38097.5996002703; 34785.49; 4090.91
503; 0.312253652462324; 38630.68971562; 35280.64; 4130.52
504; 0.3164499483356; 39087.1748117475; 35648.81; 4177.84
505; 0.321356259485671; 39549.86381078; 36028.85; 4207.93
506; 0.319639252282696; 39974.0426413768; 36418.92; 4266.42
507; 0.321479023997313; 40659.3869294016; 36984.21; 4380.21
508; 0.328322798942069; 41119.0127185543; 37348.87; 4394.66
509; 0.333693200529877; 41602.3442751287; 37773.59; 4386.29
510; 0.337898446902187; 42349.185642937; 38431.4; 4427.4
511; 0.342826038192716; 42865.4976400052; 38870.67; 4444.52
512; 0.346849900153289; 43386.7174880744; 39297.85; 4491.25
513; 0.348572153463519; 44081.2019895328; 39940.14; 4521.05
514; 0.346761784556912; 44562.1150356154; 40368.94; 4596.58
515; 0.348668113215179; 45049.419379568; 40784.87; 4644.04
516; 0.349325176572184; 45514.9812577828; 41168.74; 4718.67
517; 0.352754380467715; 46272.7652445888; 41758.69; 4847.65
518; 0.352895204130763; 46766.4908159828; 42135.74; 4965.34
519; 0.351084123496878; 47249.9839021351; 42543.16; 5067.19
520; 0.350694278981481; 47970.359272177; 43150.1; 5189.3
521; 0.349111669418417; 48436.7271137913; 43588.6; 5237.37
522; 0.353913579622045; 48945.7385232487; 43994.16; 5270.91
523; 0.361492142046118; 49728.0367915942; 44649.95; 5286.71
524; 0.368005328287001; 50267.182631536; 45111.24; 5267.23
525; 0.367849563122547; 50712.9328545023; 45486.44; 5336.08
526; 0.369388784234209; 51374.2700879805; 46109.8; 5346.95
527; 0.368927574781922; 51777.9385896404; 46489.36; 5372.87
528; 0.368437932415897; 52130.1517246067; 46848.18; 5367.87
529; 0.364853600511859; 52448.7638095949; 47152.18; 5430.24
530; 0.365957541779865; 52890.5541907425; 47540.28; 5463.47
531; 0.365625807317349; 53159.2241868415; 47725.2; 5548.94
532; 0.358069996949473; 53298.0242011801; 47915.08; 5607.62
533; 0.357124804783553; 53599.3641493593; 48188.92; 5645.99
534; 0.352833293040932; 53736.2949309467; 48323.49; 5711.89
535; 0.352764027052291; 53959.428279766; 48452.04; 5806.75
536; 0.354568676374379; 54240.1450208399; 48701.61; 5803.91
537; 0.358540355073817; 54489.7383495197; 48848.28; 5839.98
538; 0.357749725920476; 54681.4254034059; 49040.57; 5845.94
539; 0.357125378704216; 54959.1619185818; 49354.18; 5813.06
540; 0.362299520827156; 55224.7442011538; 49531.13; 5814.78
541; 0.360741177054971; 55437.1425366833; 49764.19; 5813.86
542; 0.364273980530949; 55839.5442778106; 50112.64; 5807.38
543; 0.364314581216408; 56030.5632012958; 50340.57; 5764.78
544; 0.359387034381114; 56262.3436435899; 50577.91; 5833.52
545; 0.3589720094335; 56630.1401035343; 50922.01; 5859.84
546; 0.360849086695784; 56931.0625470582; 51192.1; 5856.07
547; 0.361875451627927; 57219.1468209853; 51473.06; 5841.64
548; 0.357286357669781; 57628.0913292489; 51889.91; 5903.55
549; 0.359466996248805; 57911.8015609462; 52111.45; 5926.15
550; 0.357133593435211; 58185.3346730004; 52411.31; 5932.77
551; 0.357575465559521; 58503.3392282074; 52762.8; 5886.08
552; 0.363518953821747; 59009.5542948353; 53234.48; 5819.73
553; 0.360730346055389; 59261.2935464505; 53497.77; 5848.16
554; 0.357040085597409; 59552.8881753929; 53782.53; 5910.57
555; 0.353774373157547; 59927.7911992402; 54178.77; 5938
556; 0.354345530493817; 60238.7776575313; 54506.65; 5905.8
557; 0.352814523733588; 60569.0640397918; 54860.33; 5902.16
558; 0.3490804589763; 61076.4062788352; 55420.29; 5905.24
559; 0.343889240549252; 61472.8213311494; 55810.51; 5995.79
560; 0.340662494084936; 61871.173778455; 56209.19; 6047.02
561; 0.337170516756607; 62645.3943973829; 56981.81; 6106.26
562; 0.331843345369519; 63158.9061004292; 57482.48; 6212.98
563; 0.324857083026478; 63756.8001530452; 58117.91; 6299.5
564; 0.323779048987964; 64720.3686827694; 58992.24; 6415.27
565; 0.32037423024695; 65279.4537595179; 59567.68; 6460.18
566; 0.320432284343971; 65834.3549967151; 60075.18; 6507.81
567; 0.319170999985454; 66557.5437453976; 60727.68; 6609.19
568; 0.314517345916466; 66877.9183832514; 61032.05; 6720.78
569; 0.311112366187834; 67069.1269879693; 61281.45; 6721.9
570; 0.318123732765986; 67293.5366525342; 61454.25; 6627.63
571; 0.322766177237373; 67301.9100042817; 61385.47; 6613.52
572; 0.32343581192043; 67215.7163262947; 61345.78; 6542.73
573; 0.319460794643792; 66925.1264734101; 61091.63; 6577.76
574; 0.319479619248013; 66709.5200969799; 60848.44; 6603.01
575; 0.319202262521093; 66303.8280023365; 60514.05; 6523.12
576; 0.31913558449589; 66114.1505780688; 60351.55; 6488.82
577; 0.318793571208611; 65904.1063114418; 60126.02; 6508.18
578; 0.307366454206519; 65509.1200218602; 59920.74; 6523.44
579; 0.302659840227055; 65295.6907386664; 59829.93; 6474.65
580; 0.296691924785279; 65097.9559901655; 59712.75; 6502.64
581; 0.295412393858171; 64889.8308246221; 59533.62; 6491.09
582; 0.294450173277783; 64743.5958958658; 59451.05; 6430.38
583; 0.292658673011643; 64607.3618222982; 59373.38; 6393.83
584; 0.287915361763964; 64414.8287500392; 59326.92; 6313.68
585; 0.286438874388221; 64328.4490988456; 59266.51; 6309.73
586; 0.285450881604198; 64275.4932257879; 59208.17; 6334.18
587; 0.285462168978801; 64113.6077001371; 59075.34; 6293.68
588; 0.286396000054989; 64046.2680374873; 59000.06; 6279.12
589; 0.284954362023956; 63947.8100532004; 58963.16; 6230.17
590; 0.276692263235942; 63854.9028924187; 58972.58; 6280.55
591; 0.275157524634529; 63808.1587483948; 58939.57; 6293.86
592; 0.274072520414575; 63840.0725478814; 58962.25; 6326.78
593; 0.267453675809389; 63820.6627794396; 59051.12; 6335.44
594; 0.264846399945163; 63865.937359812; 59147.81; 6324.85
595; 0.259392812430803; 64061.3438082272; 59427.23; 6338.83
596; 0.256346681149915; 64247.2204948466; 59665.62; 6337.46
597; 0.253701493170285; 64488.6542515982; 59944.02; 6347.85
598; 0.251245211009166; 64931.1395031268; 60393.89; 6395.44
599; 0.245951141413251; 65310.8006640251; 60802.07; 6487.92
600; 0.245395732573581; 65769.8315416603; 61237.82; 6532.03
601; 0.239477378220796; 66547.9930441228; 62041.86; 6651.01
602; 0.23662146935242; 67143.9588392134; 62650.31; 6708.55
603; 0.234224276968268; 67746.373684369; 63222.38; 6818.63
604; 0.233626668517475; 68624.6741436296; 64036.27; 6928.98
605; 0.231505904088473; 69230.1513972645; 64614.62; 7029.5
606; 0.226285227771334; 69816.7064758085; 65221.81; 7155.15
607; 0.223455937785902; 70474.4724065221; 65873.44; 7250.98
608; 0.219963724884578; 70798.534358858; 66200.38; 7356.98
609; 0.219270604871831; 71191.4414692038; 66601.85; 7361.97
610; 0.21903463672858; 71300.2918408573; 66682.86; 7410.05
611; 0.216212561912373; 71351.6799573862; 66786.45; 7417.54
612; 0.211548266360457; 71297.6733863742; 66791.58; 7478.27
613; 0.209673193742986; 71177.1467794245; 66702.29; 7488.22
614; 0.209504090118203; 70952.8202700188; 66476.34; 7492.56
615; 0.207846086277814; 70543.8342464412; 66175.42; 7365.66
616; 0.203813874721765; 70159.046091924; 65861.29; 7385.31
617; 0.199833388899906; 69512.4117774283; 65314.7; 7352.93
618; 0.195666210190536; 69060.4042809024; 64964.5; 7323.06
619; 0.191852331794959; 68560.7987807381; 64576.59; 7261.07
620; 0.187003318270312; 67825.5520676798; 63983.5; 7179.7
621; 0.179946180972765; 67232.6833680266; 63569.06; 7111.14
622; 0.177638282852898; 66781.5310943015; 63221.37; 6996.53
623; 0.174763768225989; 66122.9778562446; 62632.13; 6969.79
624; 0.173377672676061; 65724.1028912178; 62344; 6799.35
625; 0.170631780587772; 65130.6355304904; 61836.57; 6729.66
626; 0.170677486168703; 64766.6403347014; 61503.34; 6661.8
627; 0.170526309753646; 64417.3614409769; 61171.85; 6628.34
628; 0.16707237403713; 63857.7795565618; 60729.71; 6517.4
629; 0.17012454927075; 63618.0379032738; 60451.26; 6476.72
630; 0.16827904021314; 63281.742843704; 60160.41; 6450.84
631; 0.160559160280478; 62772.2281187147; 59813.31; 6406.46
632; 0.158513786268233; 62493.2391626359; 59575.32; 6396.47
633; 0.153753868070353; 62044.2054641513; 59248.97; 6314.52
634; 0.148434651470692; 61738.4215704816; 59029.26; 6336.49
635; 0.145492116742265; 61468.7521576973; 58822.84; 6310.28
636; 0.142341440776095; 61144.7645134658; 58565.78; 6283.38
637; 0.135661519792628; 60836.0170956179; 58378.52; 6278.42
638; 0.131845815436277; 60601.4040363089; 58214.2; 6271.55
639; 0.133121030092804; 60282.4465418174; 57895.48; 6207.28
640; 0.135231804912202; 60113.9471875935; 57681.02; 6224.28
641; 0.13499422117682; 59824.2550209307; 57374.86; 6274.18
642; 0.131215990512551; 59570.1037718416; 57214.97; 6203.21
643; 0.128324408887657; 59377.9865919376; 57065.53; 6224.99
644; 0.127076984516932; 59057.4217970526; 56769.63; 6215.99
645; 0.128121232400033; 58882.1745369496; 56584.01; 6190.59
646; 0.124789510799791; 58556.7529702309; 56324.07; 6171.91
647; 0.119814720084699; 58342.6512566344; 56198.9; 6169.62
648; 0.113774001555645; 58091.6742529005; 56065.68; 6137.8
649; 0.106747555031234; 57830.7621698841; 55942.91; 6093.1
650; 0.107281274415751; 57740.2405593324; 55818.01; 6170.5
651; 0.104591803293496; 57551.8514143541; 55697.69; 6102.2
652; 0.101287143222668; 57413.8236153377; 55641.02; 6021.82
653; 0.099735145738645; 57321.0727996236; 55581.12; 5999.23
654; 0.0941222779574573; 57171.7875225988; 55540.87; 5955.84
655; 0.0944259880176156; 57099.9466222299; 55455.46; 5983.63
656; 0.092420723434038; 56950.80181843; 55344.5; 5969.06
657; 0.0885987584917663; 56802.9019425738; 55277.63; 5910.38
658; 0.0870328179306379; 56681.5027884884; 55204.34; 5824.9
659; 0.0837739587996036; 56471.3551758979; 55047.55; 5830.51
660; 0.081905488946271; 56325.754106223; 54929.62; 5845.22
661; 0.0824840327767841; 56113.705483041; 54683.01; 5944.59
662; 0.082081830557761; 55984.4138453114; 54559.22; 5947.6
663; 0.0809965422339896; 55837.6459619797; 54426.12; 5966.33
664; 0.082654435224836; 55677.7461039735; 54230.29; 5992.13
665; 0.081865378769365; 55505.0507851327; 54065.22; 6015.71
666; 0.0780182056369462; 55286.3269767677; 53920.99; 5983.47
667; 0.0780086730235796; 55135.0885155846; 53757.4; 6036.38
668; 0.0783807207099516; 54987.3741208291; 53603.39; 6033.4
669; 0.0800994894418684; 54791.9553599148; 53389.22; 5981.63
670; 0.0787265524317936; 54636.7455658676; 53265.52; 5946.95
671; 0.0774774022219511; 54426.4263168268; 53105.39; 5818.38
672; 0.0726072770226931; 54217.1766851965; 52987.27; 5777.1
673; 0.0742346706049657; 54074.9086644174; 52821.18; 5756.48
674; 0.0756239920730687; 53814.3549066196; 52532.53; 5774.1
675; 0.0762763218128335; 53620.9369648993; 52340.42; 5716.33
676; 0.0728049974169208; 53249.9660083402; 52024.9; 5726.99
677; 0.0698848987101581; 52965.5611766833; 51790.68; 5720.01
678; 0.0672970097478499; 52522.9916062515; 51400.6; 5672.57
679; 0.0661088132279268; 52238.4798500348; 51139.47; 5652.21
680; 0.0668515154902212; 51926.6692721753; 50812.34; 5665.47
681; 0.0665842079413038; 51514.7217595868; 50417.7; 5597.86
682; 0.0656365286015192; 51239.0373031144; 50168.59; 5538.97
683; 0.0631663617461636; 50860.439329792; 49834.37; 5514.82
684; 0.0636032625046813; 50611.6321493289; 49588.97; 5456.79
685; 0.0614151650477516; 50238.4006733515; 49271.52; 5340.88
686; 0.0616024985949367; 49982.7297978489; 49008.94; 5360.76
687; 0.05886826349529; 49717.5388967887; 48792.9; 5324.53
688; 0.0584767213752302; 49374.3881782021; 48456.63; 5318.38
689; 0.0562560623875705; 49098.0347211269; 48215.91; 5311.76
690; 0.0536767184871028; 48709.4502275317; 47879.45; 5236.01
691; 0.0541866116021481; 48452.490928207; 47628.27; 5148.61
692; 0.0564420898154; 48232.1165363031; 47360.01; 5227.99
693; 0.0605627730305404; 47899.1558312645; 46961.94; 5233.98
694; 0.0596070068214297; 47639.4697140854; 46726.11; 5180.51
695; 0.0573227287372847; 47174.9408349268; 46292.43; 5202.81
696; 0.0591021403230038; 46972.9444559977; 46081.86; 5093.04
697; 0.0626898522933793; 46601.1933437457; 45648.74; 5129.93
698; 0.0654231488729137; 46366.4735014976; 45374.87; 5115.5
699; 0.0660583544097019; 45983.3109754688; 44988.06; 5082.95
700; 0.0670143390148898; 45760.9450801873; 44752.14; 5076.68
701; 0.0652084490726975; 45519.7493096038; 44551.71; 5004.93
702; 0.0670445991260162; 45218.8898055454; 44233.82; 4951.85
703; 0.0664928878678418; 45006.1669956435; 44031.22; 4940.13
704; 0.058430088215746; 44608.9861437335; 43744.41; 4983.88
705; 0.0594741256645493; 44400.767707765; 43524.07; 4963.08
706; 0.0532692520381037; 44033.8229927636; 43266.29; 4849.44
707; 0.0487139755069636; 43806.6396285064; 43109.56; 4814.1
708; 0.0443094026800059; 43544.8212866635; 42926.44; 4693.12
709; 0.0394946062426305; 43174.0244832498; 42623.37; 4686.88
710; 0.0393222675075113; 42924.4776945357; 42372.11; 4720.34
711; 0.0437249442773032; 42627.2888259504; 42024.52; 4631.4
712; 0.0447917185443982; 42422.482936588; 41817.41; 4537.41
713; 0.0440397716143066; 42080.5528093624; 41486.97; 4526.28
714; 0.0455599462202883; 41798.9086137145; 41181.55; 4549.67
715; 0.0477963052818014; 41419.991626139; 40777.14; 4514.36
716; 0.0496409325554929; 41163.7369275944; 40498.7; 4495.24
717; 0.0476256791959459; 40810.9075805798; 40182.43; 4426.12
718; 0.0480345224722022; 40345.2129121986; 39722.66; 4345.35
719; 0.0473048966591216; 40016.8363761029; 39409.62; 4301.83
720; 0.0467114253154341; 39463.8078626713; 38871.98; 4244.39
721; 0.0484319119997116; 39160.8625516819; 38550.7; 4218.88
722; 0.0468293408505738; 38657.7917599893; 38073.41; 4177.36
723; 0.0464892405364023; 38328.8677417948; 37756.27; 4121.55
724; 0.049750442778482; 37897.6315203508; 37284.74; 4120.88
725; 0.0526114733614073; 37690.1144892653; 37039.12; 4137.52
726; 0.0506687848492827; 37406.7869997713; 36788.59; 4078.21
727; 0.0508652495391036; 37280.5789378393; 36660.03; 4076.41
728; 0.0501661093651632; 37166.7341757084; 36555.23; 4071.6
729; 0.0547801797049565; 37077.1188840837; 36422.18; 3992.39
730; 0.0574966471096522; 37048.7748304863; 36362.89; 3982.39
731; 0.0622664340578418; 37081.8223989865; 36331.72; 4021.25
732; 0.0645114775099092; 37109.3422912978; 36330.31; 4030.5
733; 0.0707338938098828; 37170.8507850554; 36304.53; 4087.31
734; 0.0747746999172278; 37182.9648155876; 36263.81; 4101.85
735; 0.0795662964718176; 37180.9659526501; 36206.03; 4087.76
736; 0.0810585524748474; 37186.6108726051; 36191.32; 4095.14
737; 0.0771627432950076; 37100.7494719989; 36142.71; 4139.48
738; 0.0772190064669786; 37029.5940403735; 36079.48; 4100.85
739; 0.0759777064167332; 36939.8548083601; 36014.4; 4058.17
740; 0.0780868702910123; 36888.9287652675; 35942.82; 4035.18
741; 0.0732922508957253; 36829.4192140075; 35949.3; 3997.93
742; 0.0757213302575901; 36845.2960429372; 35947.06; 3948.11
743; 0.0730032121417768; 36861.643222904; 35994.6; 3951.55
744; 0.0736152873145863; 36980.6621299006; 36108.39; 3940.98
745; 0.0762016650717412; 37126.3867230793; 36221.33; 3948.84
746; 0.0719085677694666; 37366.9170805543; 36516.3; 3931.42
747; 0.0755017415319082; 37570.2968260565; 36674.41; 3942.12
748; 0.0739595833185613; 37773.8807647345; 36895.62; 3943.79
749; 0.0747056482461047; 37859.2640997076; 36969.51; 3954.39
750; 0.0776410456826115; 37861.6159682253; 36938.78; 3945.37
751; 0.0793124947442166; 37804.8121874411; 36868.3; 3919.34
752; 0.0839187515914298; 37615.4452821784; 36634.37; 3880.23
753; 0.0897411398039388; 37402.6565762486; 36350.52; 3891.18
754; 0.0916400444352838; 36878.051868241; 35799.43; 3906.23
755; 0.0919350081890514; 36486.6340537017; 35425.85; 3828.35
756; 0.0943260280206568; 35891.5450492322; 34827.03; 3743.38
757; 0.099792875343372; 35525.2024418042; 34410.79; 3702.66
758; 0.0981808432380074; 34903.0337463306; 33811.43; 3684.93
759; 0.100260914830137; 34536.1722584828; 33440.04; 3621.75
760; 0.102446486604865; 34220.1952271259; 33139.18; 3493.96
761; 0.107068119327326; 33714.2373666912; 32613.99; 3401.02
762; 0.109650882323172; 33403.8294140286; 32292.61; 3352.45
763; 0.119129192702104; 32981.8903579759; 31771.54; 3359.62
764; 0.120000567592153; 32656.7029893298; 31448.33; 3328.52
765; 0.120689728005379; 32217.237592071; 31036.39; 3233.82
766; 0.119270362365865; 31924.7217727014; 30772.39; 3192.98
767; 0.115515013950326; 31411.9135195408; 30284.41; 3225.85
768; 0.111553399515399; 31084.1231328238; 29988.76; 3245.29
769; 0.106914308022162; 30670.0305810442; 29632.01; 3208.64
770; 0.106861262847576; 30433.3320166168; 29416.24; 3145.31
771; 0.0987294000876932; 30036.4469374698; 29114.84; 3083.51
772; 0.0978406843873286; 29811.2420297047; 28894.55; 3093.66
773; 0.100197162822014; 29473.1763460113; 28544.39; 3059.41
774; 0.107171135262961; 29316.3661114059; 28321.23; 3063.21
775; 0.111287082848419; 29033.4117861087; 28009.35; 3034.61
776; 0.114504205058763; 28833.9576796215; 27784.78; 3020.54
777; 0.112439438401943; 28455.7285822296; 27440.76; 2974.96
778; 0.11769915858112; 28283.0502062733; 27225.52; 2960.35
779; 0.125990562763172; 27979.4490471199; 26867.33; 2907.64
780; 0.129739108866331; 27800.3436304983; 26670.64; 2867.55
781; 0.13360042233667; 27505.7393866755; 26351.76; 2843.88
782; 0.136515671865792; 27294.6426913357; 26139.45; 2785.37
783; 0.132835749343338; 26931.7397972934; 25815.51; 2765.37
784; 0.132848186617738; 26743.7697120198; 25624.56; 2771.79
785; 0.131868178247412; 26480.1947719938; 25373.98; 2759.18
786; 0.130400365338054; 26274.6018130626; 25157.95; 2815.76
787; 0.132163767016852; 26058.7955454565; 24919.97; 2832.46
788; 0.130773612425137; 25874.0784381378; 24750.4; 2823.6
789; 0.131974143638096; 25618.7571170402; 24472.97; 2852.15
790; 0.13469258086642; 25480.4461581146; 24319.16; 2831.58
791; 0.140492467419873; 25259.8042948553; 24066.1; 2789.76
792; 0.142211462018414; 25082.9200847063; 23876.82; 2784.04
793; 0.142003993137683; 24805.3895396951; 23610.65; 2761.32
794; 0.143805625627838; 24672.8029623075; 23494.7; 2688.33
795; 0.144190777236089; 24415.4090236237; 23258.27; 2633.27
796; 0.145427189319436; 24199.2291511185; 23037.62; 2620.8
797; 0.145184609534789; 23992.9780969124; 22858.73; 2563.26
798; 0.148175548578464; 23769.6523013185; 22634.22; 2514.06
799; 0.151059132759525; 23630.504830311; 22499.02; 2457.18
800; 0.153138290484924; 23440.3403852451; 22323.51; 2392.12
801; 0.158095171417834; 23293.6899638042; 22155.83; 2359.92
802; 0.160985026245088; 23074.3404663498; 21920.22; 2349.85
803; 0.161297772607516; 22909.3062940518; 21780.52; 2292.86
804; 0.162883744626914; 22725.1996641256; 21606.77; 2248.84
805; 0.161838768536172; 22590.9098108273; 21479.93; 2247.71
806; 0.167824650757462; 22407.0563253797; 21254.87; 2247.36
807; 0.171587267089683; 22312.0317846156; 21119.44; 2274.8
808; 0.166640604508764; 22070.5285986181; 20882.02; 2333.86
809; 0.160929393313254; 21916.5334981614; 20775.11; 2320.5
810; 0.159009946007672; 21705.2795219829; 20572.94; 2329.3
811; 0.156493711701364; 21565.4619473765; 20459.09; 2311.81
812; 0.158392856214303; 21360.1612032055; 20231.19; 2330
813; 0.160582726394409; 21247.8415888084; 20126.93; 2281.16
814; 0.157232369944853; 21071.6756943385; 19982.49; 2263.1
815; 0.162373690230939; 20958.9548965568; 19835.99; 2258.97
816; 0.166208988308088; 20789.2720190354; 19674.5; 2190.25
817; 0.178918272408358; 20655.0084403832; 19480.03; 2144.21
818; 0.184487440437013; 20557.8147536491; 19358.41; 2122.37
819; 0.190754028764568; 20386.7350817192; 19163.69; 2092.7
820; 0.185728261257093; 20243.600883681; 19059.87; 2079.77
821; 0.185645391069534; 20059.2232713716; 18869.97; 2089.8
822; 0.189289079521633; 19954.7209728392; 18771.84; 2038
823; 0.191707035470494; 19806.6016255467; 18637.36; 1988.58
824; 0.194018844344664; 19710.6508037901; 18540.73; 1965.52
825; 0.19268330636748; 19554.799846579; 18410.31; 1936.06
826; 0.190488117022281; 19454.9958279261; 18358.37; 1876.47
827; 0.198350779978329; 19333.8399112977; 18219.8; 1830.88
828; 0.200648577566124; 19234.6914450206; 18123.26; 1805.85
829; 0.203650067415417; 19070.7883299187; 17967.58; 1765.9
830; 0.200418709405612; 18896.3857883735; 17779.31; 1816.81
831; 0.202724763679043; 18781.5007954911; 17652.68; 1814.15
832; 0.206879886411074; 18640.8550746381; 17529.03; 1750.1
833; 0.208664129101273; 18533.8305276529; 17412.36; 1749.34
834; 0.208286169743001; 18374.1329072779; 17227.97; 1790.29
835; 0.205467310195992; 18243.4482598268; 17105.29; 1801.71
836; 0.206000583657898; 18095.5663421969; 16960.05; 1792.41
837; 0.202308901652487; 17994.3711848489; 16883.79; 1785.27
838; 0.208424529430359; 17851.5137338033; 16729.11; 1751.56
839; 0.205273446859519; 17684.8569507897; 16573.41; 1762.34
840; 0.205809286719403; 17602.1588813836; 16482.79; 1770.28
841; 0.207265473121204; 17492.610988492; 16388.33; 1736.11
842; 0.207215450439693; 17395.13278579; 16298.12; 1724.71
843; 0.216240411444508; 17289.5550286847; 16153.65; 1710.88
844; 0.216902355172846; 17199.1242999835; 16056.8; 1714.91
845; 0.220230339029893; 17054.8772664961; 15909.65; 1692.85
846; 0.215682554697444; 16932.2102465179; 15810.65; 1692.44
847; 0.215908926063162; 16792.1664320995; 15670.24; 1690.78
848; 0.219868425369302; 16642.679332841; 15506.32; 1681.31
849; 0.22329993240071; 16551.1960698719; 15414.62; 1655.36
850; 0.214881025074634; 16355.2296585666; 15274.38; 1635.45
851; 0.212780426718256; 16253.0601673553; 15192.66; 1619.98
852; 0.218160258276764; 16109.5863207171; 15050.06; 1578.32
853; 0.219586812557443; 16014.3658692423; 14959.51; 1560.8
854; 0.222964040367448; 15865.6724841674; 14837.47; 1497.93
855; 0.221481546545768; 15672.3466134269; 14678.97; 1456.55
856; 0.228297114181658; 15575.2555459301; 14584.2; 1409.49
857; 0.229270101723855; 15442.4213911298; 14440.99; 1417.88
858; 0.231862767229294; 15335.439872044; 14333.91; 1401.89
859; 0.24025709907349; 15185.1663749519; 14148.13; 1400.6
860; 0.241596980335917; 15074.5913410925; 14045.52; 1381.82
861; 0.242969099874527; 14910.8008111822; 13855.36; 1408.95
862; 0.244755422636111; 14750.0103093481; 13650.11; 1457.3
863; 0.242568189858942; 14630.2083302779; 13521.4; 1482.06
864; 0.235672523615825; 14407.9024739285; 13325.76; 1488.4
865; 0.234193983651628; 14269.0229694842; 13189.68; 1493.63
866; 0.232495031548484; 14077.2914768906; 13022.23; 1470.41
867; 0.228175327604125; 13846.7358408437; 12804.92; 1479.1
868; 0.225984751360183; 13704.5836989029; 12682.05; 1465.51
869; 0.227890069528527; 13480.362612581; 12491.78; 1404.73
870; 0.232829791824605; 13333.9825656281; 12338.43; 1384.35
871; 0.231684327207562; 13068.1185057492; 12080.58; 1379.68
872; 0.237738915043764; 12889.9713175557; 11906.26; 1339.07
873; 0.243950387583966; 12634.9295511675; 11639.84; 1319.81
874; 0.248501475147475; 12363.7697583133; 11399.08; 1255.77
875; 0.252067932453184; 12188.9049057839; 11242.92; 1213.76
876; 0.25949866189517; 11957.1780978426; 10985.25; 1211.1
877; 0.261016365048331; 11801.8797066612; 10847.61; 1181.95
878; 0.262189995505023; 11593.2665814602; 10641.56; 1173.23
879; 0.265967018783509; 11454.8925528775; 10503.64; 1155.79
880; 0.256499233922162; 11343.7130070145; 10448.03; 1128.22
881; 0.256019668263257; 11239.5789853932; 10326.28; 1152.3
882; 0.249519123658233; 11132.387449638; 10242.01; 1152.42
883; 0.247156520509501; 11019.7786116871; 10137.62; 1152.47
884; 0.24855955384661; 10908.9457627838; 10056.16; 1107.59
885; 0.248832485667459; 10855.476510331; 10008.15; 1099.04
886; 0.247091552109315; 10771.8626721282; 9928.66; 1101.18
887; 0.250292466756261; 10727.1985371063; 9859.69; 1118.25
888; 0.260455947053058; 10689.2013069632; 9801.26; 1099.78
889; 0.270592760869348; 10679.2323482583; 9780.08; 1071.77
890; 0.280042948630123; 10680.2453547216; 9765.36; 1053.55
891; 0.277609247621932; 10647.2824530051; 9743.04; 1050.25
892; 0.283138735604608; 10660.2948411389; 9746.33; 1040.64
893; 0.273703722839338; 10674.935193915; 9787.54; 1045.08
894; 0.285521417980091; 10763.0989774712; 9883.65; 992.69
895; 0.280939725710567; 10829.6600488454; 9941.94; 1018.2
896; 0.283142445875097; 10976.1176988742; 10078.39; 1021.5
897; 0.278971176447451; 11065.5315687993; 10166.26; 1038.42
898; 0.280604611575922; 11277.6367730878; 10361.05; 1052.08
899; 0.291360175899523; 11522.9143706738; 10562.47; 1061.55
900; 0.303237720901752; 11661.4059321574; 10658.14; 1065.27
901; 0.299540279526955; 11814.8270540338; 10815.55; 1073.99
902; 0.299487124272032; 11915.8534162794; 10934.36; 1054.89
903; 0.299170088952815; 11951.9153191638; 10970.1; 1056.18
904; 0.303219785881799; 11990.4795564201; 10989.16; 1062.6
905; 0.303102361590029; 11960.7300249313; 10939.43; 1084.08
906; 0.299189384414225; 11858.7524422962; 10849.15; 1085.5
907; 0.295436229769829; 11701.2303381175; 10697; 1093.26
908; 0.296937676111474; 11570.9102960103; 10555.74; 1099.4
909; 0.317118172817876; 11377.8094550695; 10321.72; 1070.79
910; 0.331378019417379; 11120.0664931667; 10040.56; 1047.26
911; 0.334272790173863; 10896.0715425989; 9836.75; 1018.61
912; 0.321954048125342; 10515.5161028353; 9509.29; 1004.41
913; 0.32822881296283; 10266.1625293881; 9284.93; 960.61
914; 0.329783585503801; 9862.21824071525; 8936.09; 902.24
915; 0.31566437194636; 9461.48759760345; 8593.23; 883.55
916; 0.307185962517033; 9201.5745564147; 8358.64; 881.31
917; 0.28765668547767; 8810.20186883341; 8044.06; 855.29
918; 0.284535634763799; 8474.35878160175; 7734.89; 834.43
919; 0.289343704100675; 8266.05827204791; 7536.13; 809.87
920; 0.288127128988028; 7950.19499001186; 7222.62; 810.56
921; 0.29648574263826; 7665.72061416452; 6930.99; 795.35
922; 0.305596977624379; 7492.97475097259; 6774.69; 754.29
923; 0.308440125484176; 7195.1599387405; 6509.7; 713.09
924; 0.312277199948195; 7009.82622102749; 6322.57; 706.08
925; 0.327220681670352; 6750.35330929323; 6075.18; 661.9
926; 0.329090140537516; 6486.46853784041; 5851.98; 618.42
927; 0.335893515397192; 6308.59158961542; 5694.31; 586.52
928; 0.334528933123471; 6044.85473209877; 5474.57; 546.66
929; 0.331008723648961; 5768.48959876913; 5224.19; 527.23
930; 0.332643358246088; 5575.78817196349; 5063.92; 493.33
931; 0.333579061946874; 5253.50661368325; 4795.95; 439.69
932; 0.312432174755929; 4874.88751554467; 4487.67; 397.23
933; 0.329815315122188; 4622.35292730014; 4237.99; 373.47
934; 0.317144229701183; 4174.49912192877; 3829.38; 348.69
935; 0.332522537705141; 3715.6786911808; 3399.61; 304.54
936; 0.322620112696069; 3394.25709937875; 3113.15; 279.13
937; 0.330525531596832; 2924.84654879205; 2671.98; 245.05
938; 0.346649760812846; 2498.06131740318; 2270.22; 210.5
939; 0.354731490161969; 2242.76502677215; 2025.85; 195.82
940; 0.335829555717687; 1911.89311545508; 1739.17; 164.68
941; 0.320275418539856; 1680.74591440676; 1539.66; 141.03
942; 0.302396403371987; 1562.04369504937; 1436.09; 133.33
943; 0.269431963597917; 1449.78564919911; 1341.6; 128.52
944; 0.255959275346755; 1399.01459154836; 1307.75; 114.11
945; 0.256156381690029; 1390.45614739684; 1303.6; 108.5
946; 0.272184225717526; 1420.54503367625; 1333.04; 102.86
947; 0.274466582188934; 1474.30536853182; 1384.03; 105.22
948; 0.303034390693651; 1520.28846743493; 1417.49; 108.51
949; 0.286565704633234; 1584.29731808731; 1484.51; 111.37
950; 0.318783230068501; 1680.58737729752; 1568.46; 112.48
951; 0.302600599470171; 1745.045757611; 1620.7; 131.39
952; 0.330107064933479; 1846.82101286968; 1706.44; 135.96
953; 0.333364244645667; 1945.15721143169; 1789.69; 149.08
954; 0.323299051949764; 2008.81679889808; 1842.76; 164.17
955; 0.324237228794231; 2116.07953383279; 1938.47; 175.06
956; 0.317114825798173; 2214.27488145349; 2015.74; 200.06
957; 0.294856093468028; 2269.17243915046; 2074.84; 210.58
958; 0.28733768357856; 2350.87278793285; 2159.3; 213
959; 0.28392542225434; 2422.05607765622; 2226.2; 220.35
960; 0.277826861042067; 2452.46341537935; 2258.64; 222.82
961; 0.294203882286581; 2508.0482929817; 2314.58; 210.01
962; 0.292934094851985; 2545.70876383836; 2345.94; 217.76
963; 0.299651549452833; 2575.67287426859; 2377.95; 210.67
964; 0.348271494307947; 2619.79714283354; 2403.17; 198.57
965; 0.35391054415596; 2643.78784627156; 2419.1; 202.65
966; 0.335771128225335; 2666.04474892845; 2426.53; 227.67
967; 0.344489658074806; 2686.98487928557; 2436.22; 232.3
968; 0.327460522514592; 2704.98962830698; 2439.28; 258.91
969; 0.329769789193605; 2715.4490765218; 2457.72; 249.35
970; 0.342245629178299; 2715.7162668746; 2448.04; 249.5
971; 0.322298342243598; 2700.75490802301; 2440.34; 257.72
972; 0.309355476841563; 2685.65176751556; 2421.76; 272.06
973; 0.305500513359233; 2672.93359891426; 2416.98; 267.17
974; 0.304828479573039; 2660.48307289483; 2393.48; 279.29
975; 0.324943879513255; 2642.07851151776; 2372.9; 264.1
976; 0.328221069197526; 2621.93312633348; 2358.57; 255.78
977; 0.30698834578294; 2588.80679553453; 2340.52; 257.79
978; 0.308502533375602; 2560.96709402825; 2317.54; 251.47
979; 0.333563213206047; 2540.28029502874; 2296.03; 233.34
980; 0.332996810420983; 2518.66050262602; 2284.47; 224.08
981; 0.329563647404682; 2489.75303186944; 2262.27; 219.9
982; 0.294501801765343; 2436.82598233195; 2224.51; 229.65
983; 0.32028347735243; 2420.50073150685; 2195.53; 223.72
984; 0.319634067429531; 2390.37271069258; 2155.5; 234.01
985; 0.323116530353896; 2343.62998250486; 2110.01; 230.23
986; 0.331970511358906; 2306.18619832176; 2070.23; 226.3
987; 0.34684128133478; 2285.0619113465; 2046.29; 219.16
988; 0.344050449597726; 2233.37746346692; 2015.81; 201.29
989; 0.334470053671283; 2187.89594615123; 1986.92; 191.24
990; 0.331407543035748; 2162.1073292501; 1966.94; 187.41
991; 0.350457412145417; 2120.09036216572; 1937.5; 165.78
992; 0.350182160888087; 2088.55313184715; 1901.91; 169.57
993; 0.338293024224535; 2038.78016756521; 1861.38; 166.82
994; 0.33383950155525; 2005.75824679403; 1832.46; 165.12
995; 0.363153632438405; 1973.52996653423; 1794.05; 157.19
996; 0.385146736183373; 1937.94860272234; 1758.97; 147.78
997; 0.329894812479378; 1886.51516795628; 1716.4; 163.97
998; 0.298406229600613; 1850.91874557772; 1688.1; 173.48
999; 0.289447993772782; 1805.85163900281; 1650.03; 171.14
1000; 0.280671669413453; 1772.90892175232; 1609.02; 185.61
1001; 0.296990129787154; 1748.89340480197; 1580.42; 180.3
1002; 0.284836306415732; 1705.93748455926; 1546.21; 178.21
1003; 0.273661236685438; 1655.71301241688; 1497.81; 183.35
1004; 0.304579094018294; 1629.00643580135; 1460.1; 176.2
1005; 0.344983612294343; 1607.22712035839; 1449.53; 145.22
1006; 0.347510419966021; 1567.26789819616; 1418.88; 135.64
1007; 0.355276284336517; 1526.23947017841; 1397.07; 115.48
1008; 0.293486712184348; 1481.16403585115; 1356.36; 135.05
1009; 0.275042753280434; 1442.89478398707; 1334.93; 124.65
1010; 0.324535414290854; 1434.06445116405; 1309.48; 121.89
1011; 0.309253373146263; 1391.51741383276; 1286.97; 107.33
1012; 0.283645599184575; 1354.15587635057; 1248.79; 117.92
1013; 0.300446695208157; 1335.2769658484; 1229.48; 111.77
1014; 0.290107481131839; 1295.89529061907; 1199.46; 105.5
1015; 0.319810366510332; 1272.44684227487; 1179.87; 91.86
1016; 0.403874314672016; 1245.36965716758; 1146.33; 77.81
1017; 0.367590915860001; 1210.24951296167; 1130.63; 68.72
1018; 0.336973473326229; 1174.85026322524; 1094.13; 75.99
1019; 0.456491097323114; 1154.85947231564; 1067.69; 60.57
1020; 0.413179248124037; 1119.03464917039; 1039.75; 60.86
1021; 0.419420516415921; 1109.10693993545; 1011.01; 74.17
1022; 0.410217525675962; 1074.88269780171; 975.94; 76.48
1023; 0.40597967160643; 1048.43291213785; 958.07; 70.57
1024; 0.388777941014151; 1031.37621756543; 929.97; 82.69
1025; 0.386694677703245; 1013.1023197281; 912.36; 82.58
1026; 0.345801938821249; 984.892889775082; 884.67; 91.86
1027; 0.369215516130864; 966.881442510164; 867.05; 85.69
1028; 0.343951583053747; 935.974197961733; 851.71; 77.63
1029; 0.415561927851853; 927.504713187569; 842.96; 64.46
1030; 0.390735955644826; 901.009038646292; 821.84; 64.19
1031; 0.575026347097967; 874.784752332921; 808.78; 36.36
1032; 0.66071214318381; 858.099232014438; 792.89; 31.26
1033; 0.872687804736427; 840.883840786975; 772.16; 24.94
1034; 1.31846258717683; 823.662971696952; 763; 14.57
1035; 1.86455945267106; 800.512050627639; 737.68; 10.67
1036; 1.02064121810466; 771.425963218474; 715.72; 17.28
1037; 0.778867486511244; 761.596895169094; 697.53; 26.04
1038; 0.936593884345222; 757.962974828337; 687.69; 23.75
1039; 0.992852381856668; 613.770984531736; 748.47; -42.94
1040; 0.545160553464421; 731.576842535944; 651.18; 46.67
1041; -20.5144391791235; 782.753098097782; 653.74; -1.99
