# 20/02/2019 16:02:56
# NanoCalc data
# Original file name: C:\SVA_DATA\StudentProjects\2018_Nathan\homopolymer_swelling\PSswellingrun2_248.dat
# Fit Result : Fitness; Thickness 1; Thickness 2; Thickness 3 
# Fit Result : 0.559660119005052; 2; 350.5; -1
# comment:PS id:350 ref:topsiloptics swelling run2 
#
# WaveLength; Reflectance; Raw Intensity; Dark Intensity; Reference Intensity
400; 0.424290791945516; 4393.69050423146; 3879.71; 587.4
401; 0.432662665174029; 4557.69882716344; 4007.34; 614.14
402; 0.430146832866158; 4657.77604631797; 4089.31; 635.26
403; 0.425189018369523; 4775.68300299421; 4198.31; 650.03
404; 0.420889510953933; 4880.92605422744; 4308.46; 648.35
405; 0.422173403667661; 5058.89580221968; 4456.61; 677.41
406; 0.433965788508168; 5189.35286050525; 4564.45; 681.07
407; 0.421714082105252; 5304.39266504651; 4693.78; 682.14
408; 0.419630333437638; 5424.81311975759; 4786.79; 713.46
409; 0.41093290909821; 5531.40929794867; 4891.06; 728.51
410; 0.409439548898596; 5703.00280247278; 5047.52; 745.65
411; 0.405050377837785; 5796.86909090977; 5133.46; 760.15
412; 0.400432666998938; 5878.76844553608; 5207.85; 774.86
413; 0.403346744617466; 5956.58913948976; 5289.87; 761.9
414; 0.400253615663079; 6094.16526621688; 5399.05; 797.8
415; 0.391760242303171; 6176.79712083192; 5484.45; 809.18
416; 0.390477606480752; 6249.65385999491; 5567.21; 797.56
417; 0.378098623866903; 6326.875672035; 5640.47; 825.71
418; 0.378295590254554; 6456.26452054181; 5745.32; 851.93
419; 0.377699033004901; 6544.71576892324; 5837.55; 846.21
420; 0.374482501253926; 6653.18938237717; 5937.53; 861.15
421; 0.370480098246444; 6766.63330806353; 6056.08; 861.72
422; 0.357087150315107; 6919.26309414247; 6206.92; 893.67
423; 0.354893875501389; 7044.15791160834; 6325.75; 904.16
424; 0.352424698458239; 7171.36328709639; 6447.44; 914.76
425; 0.347971428238744; 7312.45672624101; 6588.07; 924.54
426; 0.347000882838358; 7532.35016769937; 6798.69; 936.44
427; 0.337677213734462; 7672.60526438574; 6950.42; 944.65
428; 0.333840904145717; 7829.96842358536; 7093.04; 972.34
429; 0.329107452784849; 7965.26908176808; 7222.32; 991.93
430; 0.317976688517615; 8174.35729801075; 7438.56; 1014.23
431; 0.312754498781794; 8316.4123545711; 7568.54; 1045.51
432; 0.314612885458266; 8439.75740767199; 7669.88; 1067.25
433; 0.304104312644026; 8535.50787609168; 7773.46; 1090.28
434; 0.298763521611351; 8697.69631132136; 7941.66; 1098.36
435; 0.286903532253283; 8796.14106021099; 8032.82; 1152.29
436; 0.275343690293491; 8856.02711685945; 8119.6; 1155.85
437; 0.265449444365738; 8941.43798474381; 8215.7; 1178.81
438; 0.261729038840282; 9090.24605164159; 8367.16; 1188.44
439; 0.24846954107978; 9145.51986996098; 8444.76; 1210.44
440; 0.240683053166263; 9234.33521833519; 8551.57; 1214.72
441; 0.232073971345141; 9318.56316384421; 8656.01; 1219.77
442; 0.222616944959133; 9475.41384640401; 8831.26; 1233.49
443; 0.218868884192639; 9563.84589392146; 8939.09; 1214.16
444; 0.208000858757954; 9683.45692829551; 9072.21; 1247.24
445; 0.193239445447958; 9782.49608698582; 9218.16; 1236.69
446; 0.185798416281265; 9958.84014331986; 9418.63; 1228.42
447; 0.18899394563973; 10150.3769465501; 9595.14; 1238.58
448; 0.172936948161442; 10303.2314925915; 9790.25; 1247.85
449; 0.158510351223418; 10552.1460112793; 10077.07; 1258.16
450; 0.148490450103281; 10720.9525959351; 10261.67; 1295.63
451; 0.138430606172113; 10892.469943056; 10465.9; 1288.2
452; 0.126133663882461; 11066.3680179893; 10678.16; 1284.02
453; 0.123886586488785; 11385.7388077752; 10993.19; 1319.32
454; 0.109122845678992; 11579.4614101221; 11215.2; 1387.13
455; 0.103732118396739; 11775.8551281057; 11425.23; 1401.85
456; 0.103082830066665; 12016.0163017435; 11656.99; 1441.68
457; 0.102357744358069; 12363.9543490454; 11991.27; 1504.28
458; 0.0960244254490371; 12614.5865312704; 12256.59; 1537.35
459; 0.0944516593425023; 12839.2100124338; 12478.81; 1570.51
460; 0.100726048364221; 13079.8141122565; 12672.85; 1659.84
461; 0.0956153843803733; 13406.016006632; 13002.92; 1728.72
462; 0.0958160734124122; 13604.6313245916; 13194.8; 1750.65
463; 0.089927819336765; 13810.1862147258; 13420.38; 1770.92
464; 0.0726765468062696; 14093.747899934; 13767.34; 1831.55
465; 0.0631508774648773; 14300.2850805931; 14013.55; 1848.43
466; 0.062550737145158; 14538.305710985; 14250.15; 1872.12
467; 0.0592627582065086; 14775.9114654267; 14496.25; 1914.52
468; 0.057557104966812; 15251.4513487374; 14972.09; 1965.82
469; 0.0551033091115598; 15569.3684406939; 15298.15; 1990.22
470; 0.0539347121502622; 15900.1119551506; 15628.65; 2031.84
471; 0.0460514420916422; 16290.1978444677; 16052.96; 2076.24
472; 0.050914833875719; 16944.1457434216; 16671.97; 2150.98
473; 0.0485731803023585; 17374.2041366391; 17105.98; 2218.37
474; 0.0430372439363675; 17839.1838349394; 17593.16; 2292.79
475; 0.0359669240917505; 18666.9559563753; 18454.04; 2370.51
476; 0.0271959955354336; 19191.1012789755; 19026.18; 2424.39
477; 0.0270256877458029; 19813.0207202263; 19644.74; 2485.41
478; 0.015954171957303; 20485.4282394531; 20382.52; 2570.48
479; 0.0181324648679105; 21522.4584145496; 21398.92; 2710.86
480; 0.0205754060402598; 22247.5734318458; 22101.79; 2814.77
481; 0.0186977649568037; 22950.7330022253; 22814.87; 2882.32
482; 0.0219756772073356; 24073.7287173601; 23905.63; 3029.69
483; 0.021270186046102; 24792.9674390596; 24625.21; 3119.24
484; 0.0243867798123505; 25523.7535422216; 25326.6; 3192.56
485; 0.0237289211596217; 26234.5551665191; 26037.35; 3277.01
486; 0.0279148857396069; 27209.571732774; 26968.07; 3406.11
487; 0.0271206017533402; 27830.6150277383; 27590.49; 3480.62
488; 0.0233728030122603; 28446.6676588697; 28238.74; 3491.9
489; 0.0218843420345551; 29030.0138737932; 28832.56; 3536.48
490; 0.0305216608745078; 29885.2481035406; 29602.73; 3622.88
491; 0.0301101752468864; 30377.3657893653; 30093.52; 3684.84
492; 0.0381687060093255; 30901.811641201; 30535.42; 3747.31
493; 0.0468389808192775; 31616.6144361608; 31155.89; 3835
494; 0.0530384421732037; 32070.2477799813; 31543.93; 3864.09
495; 0.0556494191319081; 32500.5434579202; 31943.61; 3892.15
496; 0.0593727786264592; 33076.2328072764; 32475.12; 3932.61
497; 0.0663509867210209; 33491.0389754968; 32811.79; 3971.53
498; 0.0691257993559777; 33859.8838874071; 33145.13; 4006.41
499; 0.0699003344543412; 34251.8562991475; 33528.57; 4004.25
500; 0.0669551615638599; 34752.9832440575; 34045.25; 4085.41
501; 0.0652805901336685; 35101.709304637; 34411.09; 4083.6
502; 0.0627398096772613; 35451.2956855475; 34785.49; 4090.91
503; 0.0647160871578124; 35974.9540862227; 35280.64; 4130.52
504; 0.0679583320223709; 36387.2065101583; 35648.81; 4177.84
505; 0.0704665725926759; 36800.933219086; 36028.85; 4207.93
506; 0.0700249629185324; 37197.7584228639; 36418.92; 4266.42
507; 0.0787541617038301; 37884.5346139963; 36984.21; 4380.21
508; 0.0834584768971656; 38307.2267452195; 37348.87; 4394.66
509; 0.0873458781981479; 38775.7857415824; 37773.59; 4386.29
510; 0.09594335904061; 39543.8215515949; 38431.4; 4427.4
511; 0.101696232062244; 40055.6993544455; 38870.67; 4444.52
512; 0.106870636658344; 40557.7029550361; 39297.85; 4491.25
513; 0.114217420088858; 41297.0510790199; 39940.14; 4521.05
514; 0.118184422117911; 41798.0708630122; 40368.94; 4596.58
515; 0.124215414747647; 42304.1450636418; 40784.87; 4644.04
516; 0.130591584509334; 42793.5370961704; 41168.74; 4718.67
517; 0.139277727436552; 43540.9786868487; 41758.69; 4847.65
518; 0.146273682735477; 44055.1681128092; 42135.74; 4965.34
519; 0.149593729679665; 44548.6945580788; 42543.16; 5067.19
520; 0.156287819902152; 45298.261114004; 43150.1; 5189.3
521; 0.156816577419377; 45766.3178120266; 43588.6; 5237.37
522; 0.161611072217552; 46255.2484701464; 43994.16; 5270.91
523; 0.164863692472236; 46965.8845440209; 44649.95; 5286.71
524; 0.169440230908544; 47485.184187453; 45111.24; 5267.23
525; 0.174739343880206; 47969.1775746701; 45486.44; 5336.08
526; 0.174887706611987; 48602.2717249416; 46109.8; 5346.95
527; 0.17762819995949; 49035.6611155439; 46489.36; 5372.87
528; 0.181238131990012; 49446.4322546326; 46848.18; 5367.87
529; 0.181042012561828; 49780.3689263151; 47152.18; 5430.24
530; 0.189934842532314; 50317.1143862542; 47540.28; 5463.47
531; 0.195222221504113; 50626.6425465364; 47725.2; 5548.94
532; 0.197032685629851; 50877.1152489455; 47915.08; 5607.62
533; 0.201806227111513; 51246.2862376701; 48188.92; 5645.99
534; 0.202797286849292; 51434.5970749016; 48323.49; 5711.89
535; 0.205180389787485; 51655.3373526122; 48452.04; 5806.75
536; 0.208272716398056; 51954.9310362838; 48701.61; 5803.91
537; 0.212424622625832; 52190.6782656272; 48848.28; 5839.98
538; 0.216567260318619; 52455.3164332108; 49040.57; 5845.94
539; 0.221471873105101; 52830.1184749765; 49354.18; 5813.06
540; 0.226992997870019; 53098.3733496035; 49531.13; 5814.78
541; 0.230923815500088; 53395.6574571298; 49764.19; 5813.86
542; 0.23898461675595; 53869.8175563978; 50112.64; 5807.38
543; 0.246245858442166; 54186.5243828987; 50340.57; 5764.78
544; 0.249029268405169; 54516.8121198237; 50577.91; 5833.52
545; 0.261766943099222; 55084.4508832679; 50922.01; 5859.84
546; 0.265672811181495; 55417.3741363529; 51192.1; 5856.07
547; 0.27294047511961; 55806.9811320993; 51473.06; 5841.64
548; 0.278940153862582; 56369.8156793303; 51889.91; 5903.55
549; 0.28152018661344; 56654.053551651; 52111.45; 5926.15
550; 0.282250717843544; 56974.6516703387; 52411.31; 5932.77
551; 0.284674138401202; 57332.9766931664; 52762.8; 5886.08
552; 0.289082694895221; 57827.0164353621; 53234.48; 5819.73
553; 0.287626155909749; 58093.2805809322; 53497.77; 5848.16
554; 0.283147995103494; 58358.6698069848; 53782.53; 5910.57
555; 0.283408963980822; 58784.3159795978; 54178.77; 5938
556; 0.287193273486019; 59152.4783351619; 54506.65; 5905.8
557; 0.28870230989671; 59531.6929768778; 54860.33; 5902.16
558; 0.291888027432821; 60149.7229462079; 55420.29; 5905.24
559; 0.287928371994922; 60551.3971551268; 55810.51; 5995.79
560; 0.294179441282447; 61098.6018179059; 56209.19; 6047.02
561; 0.297957649716017; 61986.7206079779; 56981.81; 6106.26
562; 0.300465682066917; 62622.1679394062; 57482.48; 6212.98
563; 0.295698615650691; 63250.6655998706; 58117.91; 6299.5
564; 0.296965070503268; 64245.9898749453; 58992.24; 6415.27
565; 0.29959781501461; 64909.0426211144; 59567.68; 6460.18
566; 0.30190846607944; 65501.4237778425; 60075.18; 6507.81
567; 0.30454796275051; 66290.4445583553; 60727.68; 6609.19
568; 0.302961423025819; 66663.1308519982; 61032.05; 6720.78
569; 0.30357654182338; 66928.9367480442; 61281.45; 6721.9
570; 0.309432211180644; 67134.0003439971; 61454.25; 6627.63
571; 0.31643619378078; 67185.8787408154; 61385.47; 6613.52
572; 0.319252993761022; 67139.8036556649; 61345.78; 6542.73
573; 0.317739981570896; 66893.7036598428; 61091.63; 6577.76
574; 0.317150994722508; 66666.7998292774; 60848.44; 6603.01
575; 0.328972860860931; 66481.0497892087; 60514.05; 6523.12
576; 0.328376377400669; 66281.0106874452; 60351.55; 6488.82
577; 0.33180829697764; 66139.9962904275; 60126.02; 6508.18
578; 0.328995358094804; 65902.3657151681; 59920.74; 6523.44
579; 0.327749054439707; 65748.7790701234; 59829.93; 6474.65
580; 0.326351163419673; 65636.2959186057; 59712.75; 6502.64
581; 0.326593618451068; 65455.1869713572; 59533.62; 6491.09
582; 0.327820773989737; 65343.4102341444; 59451.05; 6430.38
583; 0.32935349004238; 65263.6212228313; 59373.38; 6393.83
584; 0.328942975981538; 65139.8500066054; 59326.92; 6313.68
585; 0.326407774535501; 65034.7782897611; 59266.51; 6309.73
586; 0.32600901010552; 64995.4810058018; 59208.17; 6334.18
587; 0.328464617372454; 64872.5798873926; 59075.34; 6293.68
588; 0.331264266094957; 64836.8328661704; 59000.06; 6279.12
589; 0.335991785900227; 64840.5975712896; 58963.16; 6230.17
590; 0.334971973151911; 64883.266889874; 58972.58; 6280.55
591; 0.333089209023415; 64833.1917623599; 58939.57; 6293.86
592; 0.333524135471945; 64898.1663253829; 58962.25; 6326.78
593; 0.334422365598994; 65014.9257854272; 59051.12; 6335.44
594; 0.332617220238554; 65073.2460545473; 59147.81; 6324.85
595; 0.332461067774333; 65366.7254333285; 59427.23; 6338.83
596; 0.330221599356633; 65567.5627762226; 59665.62; 6337.46
597; 0.330038226923814; 65856.0980554806; 59944.02; 6347.85
598; 0.332754061955514; 66403.1118124548; 60393.89; 6395.44
599; 0.331427921083042; 66877.7451203298; 60802.07; 6487.92
600; 0.331743326529681; 67364.5140909434; 61237.82; 6532.03
601; 0.330202275674232; 68255.1207126187; 62041.86; 6651.01
602; 0.331551902406761; 68946.7708641245; 62650.31; 6708.55
603; 0.332085527828812; 69636.5435957379; 63222.38; 6818.63
604; 0.334793219310379; 70611.5749704937; 64036.27; 6928.98
605; 0.330483959198751; 71203.4761070614; 64614.62; 7029.5
606; 0.327251760248788; 71866.9099682082; 65221.81; 7155.15
607; 0.325898322935172; 72583.7953385661; 65873.44; 7250.98
608; 0.326562711979901; 73026.8954098422; 66200.38; 7356.98
609; 0.32974745300564; 73503.8517443332; 66601.85; 7361.97
610; 0.330771283241802; 73655.7930396932; 66682.86; 7410.05
611; 0.331671073425731; 73789.5339420665; 66786.45; 7417.54
612; 0.329314990398108; 73806.1688018687; 66791.58; 7478.27
613; 0.328664937678502; 73716.6750927009; 66702.29; 7488.22
614; 0.327108012795267; 73465.6668652508; 66476.34; 7492.56
615; 0.329113020571032; 73092.5673636992; 66175.42; 7365.66
616; 0.325023451744229; 72714.952547061; 65861.29; 7385.31
617; 0.320157149965986; 72039.9396931189; 65314.7; 7352.93
618; 0.317234035493716; 71605.1981704269; 64964.5; 7323.06
619; 0.314254538011419; 71102.7326745128; 64576.59; 7261.07
620; 0.309440872498594; 70341.0767264693; 63983.5; 7179.7
621; 0.306973898797586; 69818.910610496; 63569.06; 7111.14
622; 0.306079162703566; 69355.6959422069; 63221.37; 6996.53
623; 0.302505647983096; 68674.5792071958; 62632.13; 6969.79
624; 0.302555429936764; 68242.5016219111; 62344; 6799.35
625; 0.30313083646435; 67688.5445629232; 61836.57; 6729.66
626; 0.304249585868448; 67320.4972460113; 61503.34; 6661.8
627; 0.303934694610427; 66956.432625948; 61171.85; 6628.34
628; 0.302273387948631; 66389.1266932156; 60729.71; 6517.4
629; 0.30185929270522; 66070.210011238; 60451.26; 6476.72
630; 0.299907339332935; 65723.2574416191; 60160.41; 6450.84
631; 0.29193175096644; 65193.2717901199; 59813.31; 6406.46
632; 0.286915276372885; 64856.8516742529; 59575.32; 6396.47
633; 0.282522143621692; 64385.204458167; 59248.97; 6314.52
634; 0.277270846759869; 64089.8810558931; 59029.26; 6336.49
635; 0.273932483024941; 63804.5620578889; 58822.84; 6310.28
636; 0.271307752649221; 63481.4144677316; 58565.78; 6283.38
637; 0.266931746817863; 63213.9662896763; 58378.52; 6278.42
638; 0.265197341846663; 63015.8705177929; 58214.2; 6271.55
639; 0.274261750453707; 62813.2125444138; 57895.48; 6207.28
640; 0.276357716433859; 62652.9140174593; 57681.02; 6224.28
641; 0.273594448173279; 62339.0790107688; 57374.86; 6274.18
642; 0.271769512486974; 62092.8324808976; 57214.97; 6203.21
643; 0.27048043703974; 61939.694432507; 57065.53; 6224.99
644; 0.271454165724489; 61656.6724174843; 56769.63; 6215.99
645; 0.272506495352136; 61472.0738437142; 56584.01; 6190.59
646; 0.267292469482448; 61106.3577168088; 56324.07; 6171.91
647; 0.261712601041384; 60881.5192721805; 56198.9; 6169.62
648; 0.258594951651873; 60670.5271418098; 56065.68; 6137.8
649; 0.255380723423915; 60459.3699106869; 55942.91; 6093.1
650; 0.252442239718031; 60341.1869504508; 55818.01; 6170.5
651; 0.249445486946075; 60119.7592474564; 55697.69; 6102.2
652; 0.246882537687408; 59962.1435054167; 55641.02; 6021.82
653; 0.24636232624688; 59879.0915535618; 55581.12; 5999.23
654; 0.245422548655171; 59793.465068125; 55540.87; 5955.84
655; 0.241374587349574; 59659.1468046178; 55455.46; 5983.63
656; 0.236990198696745; 59463.4656710312; 55344.5; 5969.06
657; 0.236179494357978; 59343.5781271282; 55277.63; 5910.38
658; 0.237123905823247; 59228.9208221709; 55204.34; 5824.9
659; 0.236729002617018; 59070.9480110399; 55047.55; 5830.51
660; 0.233610728030516; 58911.6718646429; 54929.62; 5845.22
661; 0.228025517175439; 58638.1400592182; 54683.01; 5944.59
662; 0.227532653174035; 58509.8889203626; 54559.22; 5947.6
663; 0.226416853263187; 58371.8843227223; 54426.12; 5966.33
664; 0.226397290440188; 58194.9912175366; 54230.29; 5992.13
665; 0.227050447021245; 58058.534735895; 54065.22; 6015.71
666; 0.222544492712608; 57815.5710454866; 53920.99; 5983.47
667; 0.217548766068882; 57599.4655675314; 53757.4; 6036.38
668; 0.21832080535992; 57458.3242890438; 53603.39; 6033.4
669; 0.218198293988591; 57210.3986939416; 53389.22; 5981.63
670; 0.217291463389368; 57050.2101793703; 53265.52; 5946.95
671; 0.215927413499392; 56787.0822980201; 53105.39; 5818.38
672; 0.212222668596699; 56582.1449155784; 52987.27; 5777.1
673; 0.21157251306074; 56394.369212876; 52821.18; 5756.48
674; 0.211376111859842; 56115.3501794024; 52532.53; 5774.1
675; 0.213154570333214; 55918.8311893499; 52340.42; 5716.33
676; 0.206255761618453; 55495.4986065233; 52024.9; 5726.99
677; 0.203073630369944; 55204.684888122; 51790.68; 5720.01
678; 0.201195299452551; 54756.1713124389; 51400.6; 5672.57
679; 0.199163582562627; 54450.4164278217; 51139.47; 5652.21
680; 0.200712543698811; 54157.9614282693; 50812.34; 5665.47
681; 0.199373589435462; 53702.5204200377; 50417.7; 5597.86
682; 0.197219748098725; 53384.9902571625; 50168.59; 5538.97
683; 0.193361716914054; 52975.3222694806; 49834.37; 5514.82
684; 0.19531261436065; 52729.3563595582; 49588.97; 5456.79
685; 0.194277513945491; 52330.0996416018; 49271.52; 5340.88
686; 0.188287819458152; 51985.3250790076; 49008.94; 5360.76
687; 0.18650695401229; 51722.3491456357; 48792.9; 5324.53
688; 0.182095451016133; 51314.5123410958; 48456.63; 5318.38
689; 0.180131795293166; 51040.4715307086; 48215.91; 5311.76
690; 0.178251119407538; 50635.7375271815; 47879.45; 5236.01
691; 0.178988043672311; 50350.8187464823; 47628.27; 5148.61
692; 0.180537647113598; 50149.5605395266; 47360.01; 5227.99
693; 0.178084430851884; 49717.8169115799; 46961.94; 5233.98
694; 0.177620132133686; 49447.7878991679; 46726.11; 5180.51
695; 0.173177953723772; 48958.5874544389; 46292.43; 5202.81
696; 0.170102691874371; 48646.502563268; 46081.86; 5093.04
697; 0.166835346673917; 48183.4865017289; 45648.74; 5129.93
698; 0.166577866382319; 47899.6521057585; 45374.87; 5115.5
699; 0.165859910056745; 47486.9450956133; 44988.06; 5082.95
700; 0.16029343319972; 47165.1285052902; 44752.14; 5076.68
701; 0.159880712095153; 46925.1879212892; 44551.71; 5004.93
702; 0.155711188345668; 46521.6461936745; 44233.82; 4951.85
703; 0.151798947339093; 46256.9607129653; 44031.22; 4940.13
704; 0.142678309379235; 45855.5870713411; 43744.41; 4983.88
705; 0.139246578389254; 45576.6795125218; 43524.07; 4963.08
706; 0.130694832881836; 45149.4137981112; 43266.29; 4849.44
707; 0.12522289192588; 44901.4549557241; 43109.56; 4814.1
708; 0.121522418335772; 44622.4048486267; 42926.44; 4693.12
709; 0.115416156305789; 44232.5624937497; 42623.37; 4686.88
710; 0.115804760288858; 43998.8424473288; 42372.11; 4720.34
711; 0.116830718790362; 43635.0861508357; 42024.52; 4631.4
712; 0.117976454280596; 43411.1054856743; 41817.41; 4537.41
713; 0.114707084408572; 43033.0305475731; 41486.97; 4526.28
714; 0.114051423620553; 42727.0002171293; 41181.55; 4549.67
715; 0.111030712767697; 42270.4829233338; 40777.14; 4514.36
716; 0.109196890744414; 41961.6049251311; 40498.7; 4495.24
717; 0.105411545499336; 41573.4609353916; 40182.43; 4426.12
718; 0.101359453164295; 41036.332323542; 39722.66; 4345.35
719; 0.0958057053596569; 40639.4037502465; 39409.62; 4301.83
720; 0.0929780998668535; 40050.0007893005; 38871.98; 4244.39
721; 0.0936941471745335; 39731.0923809164; 38550.7; 4218.88
722; 0.0922513867455311; 39224.6119338437; 38073.41; 4177.36
723; 0.0928138160502269; 38899.437340755; 37756.27; 4121.55
724; 0.0935108885654047; 38436.7303635309; 37284.74; 4120.88
725; 0.0911983848908527; 38167.5743503659; 37039.12; 4137.52
726; 0.088259813361207; 37865.4256095883; 36788.59; 4078.21
727; 0.0875859291963667; 37728.5660993007; 36660.03; 4076.41
728; 0.0881423506390051; 37629.6488886598; 36555.23; 4071.6
729; 0.0848595102624174; 37436.7402525311; 36422.18; 3992.39
730; 0.0832064193533121; 37355.4699799192; 36362.89; 3982.39
731; 0.0832443471650834; 37334.5361312817; 36331.72; 4021.25
732; 0.0839193559901994; 37343.7093314793; 36330.31; 4030.5
733; 0.0869311676568331; 37369.228595735; 36304.53; 4087.31
734; 0.0866460319703765; 37328.8910718771; 36263.81; 4101.85
735; 0.0867150742137717; 37268.56083575; 36206.03; 4087.76
736; 0.0845814998671823; 37229.8679661159; 36191.32; 4095.14
737; 0.084029167736306; 37186.0018278037; 36142.71; 4139.48
738; 0.0808684399971941; 37074.4972085844; 36079.48; 4100.85
739; 0.0808419088712249; 36999.1037612787; 36014.4; 4058.17
740; 0.0795394681493807; 36906.5285942924; 35942.82; 4035.18
741; 0.0741308732854534; 36839.4896876179; 35949.3; 3997.93
742; 0.0739033045615364; 36823.7299108893; 35947.06; 3948.11
743; 0.0694545295750041; 36819.4962943034; 35994.6; 3951.55
744; 0.0659292034722907; 36889.5892431636; 36108.39; 3940.98
745; 0.0640773813379885; 36982.3850861672; 36221.33; 3948.84
746; 0.0575972624630795; 37197.6265340138; 36516.3; 3931.42
747; 0.0593498312794774; 37378.6418613205; 36674.41; 3942.12
748; 0.0557015592961587; 37557.0690221455; 36895.62; 3943.79
749; 0.0521174792873263; 37590.2360354607; 36969.51; 3954.39
750; 0.0556497460448141; 37600.2289387829; 36938.78; 3945.37
751; 0.0571256591192605; 37542.832759981; 36868.3; 3919.34
752; 0.0618797984444621; 37357.7928294484; 36634.37; 3880.23
753; 0.0628848435836334; 37087.7899318346; 36350.52; 3891.18
754; 0.0645281647509819; 36558.9395577132; 35799.43; 3906.23
755; 0.0620671751334661; 36142.0066734677; 35425.85; 3828.35
756; 0.0659281281051582; 35571.0609531562; 34827.03; 3743.38
757; 0.0655822470835132; 35143.1636475161; 34410.79; 3702.66
758; 0.0621340637394494; 34502.2549564358; 33811.43; 3684.93
759; 0.0583762390274805; 34078.2555881515; 33440.04; 3621.75
760; 0.0573489311057926; 33744.3258653128; 33139.18; 3493.96
761; 0.0543283592242706; 33172.2760196733; 32613.99; 3401.02
762; 0.054616441440865; 32846.1016707316; 32292.61; 3352.45
763; 0.0610129098622978; 32391.4300170309; 31771.54; 3359.62
764; 0.0619018081827665; 32071.6643266588; 31448.33; 3328.52
765; 0.061002579692235; 31633.2489914834; 31036.39; 3233.82
766; 0.0573646171912898; 31326.6188101348; 30772.39; 3192.98
767; 0.0564669155419167; 30835.5647272851; 30284.41; 3225.85
768; 0.055904211672395; 30537.6936291098; 29988.76; 3245.29
769; 0.0513334845771145; 30130.4017912719; 29632.01; 3208.64
770; 0.0481097031948196; 29874.1420847905; 29416.24; 3145.31
771; 0.0377339131401896; 29467.0738441943; 29114.84; 3083.51
772; 0.0322223505899881; 29196.448664642; 28894.55; 3093.66
773; 0.0322478149584862; 28843.3139353548; 28544.39; 3059.41
774; 0.0330410772449611; 28628.0324710715; 28321.23; 3063.21
775; 0.0306184810977873; 28291.100726485; 28009.35; 3034.61
776; 0.0270160962396257; 28032.3227443959; 27784.78; 3020.54
777; 0.0258810866773715; 27674.383452988; 27440.76; 2974.96
778; 0.0283211939573631; 27479.9867136851; 27225.52; 2960.35
779; 0.0338988005003333; 27166.5548060817; 26867.33; 2907.64
780; 0.0350478023918318; 26975.8188311868; 26670.64; 2867.55
781; 0.0361402415695234; 26663.9228889436; 26351.76; 2843.88
782; 0.0405965355648114; 26482.9770144231; 26139.45; 2785.37
783; 0.0440525901882925; 26185.6875618326; 25815.51; 2765.37
784; 0.0425405151036733; 25982.9522285319; 25624.56; 2771.79
785; 0.0365826766575923; 25680.8644800584; 25373.98; 2759.18
786; 0.0386717033115595; 25489.1057257154; 25157.95; 2815.76
787; 0.037616319607309; 25244.1013913926; 24919.97; 2832.46
788; 0.035078611479949; 25051.8146250827; 24750.4; 2823.6
789; 0.0376662101238316; 24799.9844978244; 24472.97; 2852.15
790; 0.0351060266270194; 24621.8354890738; 24319.16; 2831.58
791; 0.0340346738182396; 24355.2780396269; 24066.1; 2789.76
792; 0.0342024387877409; 24166.8920077944; 23876.82; 2784.04
793; 0.0374512708611482; 23925.7433513979; 23610.65; 2761.32
794; 0.0331108112815953; 23765.9546514432; 23494.7; 2688.33
795; 0.0362976041956905; 23549.5602966749; 23258.27; 2633.27
796; 0.0324895060082409; 23297.132046345; 23037.62; 2620.8
797; 0.0309494142333045; 23100.5208778841; 22858.73; 2563.26
798; 0.0348013005790692; 22900.8936933621; 22634.22; 2514.06
799; 0.0344155579463374; 22756.8043592215; 22499.02; 2457.18
800; 0.0352729654177182; 22580.7540859269; 22323.51; 2392.12
801; 0.0339873699586758; 22400.4476388826; 22155.83; 2359.92
802; 0.0355768733298388; 22175.274762523; 21920.22; 2349.85
803; 0.0338955170441041; 22017.7259728455; 21780.52; 2292.86
804; 0.0376126957348663; 21865.0349039286; 21606.77; 2248.84
805; 0.0359351292843457; 21726.6150402748; 21479.93; 2247.71
806; 0.0415407092281542; 21540.0643198048; 21254.87; 2247.36
807; 0.0441165744553401; 21426.0656905492; 21119.44; 2274.8
808; 0.0500689366468138; 21239.1200111517; 20882.02; 2333.86
809; 0.0477303830956064; 21113.6471666413; 20775.11; 2320.5
810; 0.0490576426510624; 20922.288635251; 20572.94; 2329.3
811; 0.0486968299239528; 20803.3645779897; 20459.09; 2311.81
812; 0.0533497707888141; 20611.4492891986; 20231.19; 2330
813; 0.0565644673931792; 20521.7655370432; 20126.93; 2281.16
814; 0.0499729943711178; 20328.6647132055; 19982.49; 2263.1
815; 0.0514885260254384; 20192.0809850591; 19835.99; 2258.97
816; 0.0462352611500098; 19984.6022149734; 19674.5; 2190.25
817; 0.0538172530895977; 19833.4545622303; 19480.03; 2144.21
818; 0.0579552966237031; 19735.1936883907; 19358.41; 2122.37
819; 0.0572876678044516; 19530.9975782733; 19163.69; 2092.7
820; 0.053347497614875; 19399.8779237613; 19059.87; 2079.77
821; 0.049856491972887; 19189.3530767156; 18869.97; 2089.8
822; 0.0503503900815756; 19086.4831825494; 18771.84; 2038
823; 0.0531289450798561; 18961.399094112; 18637.36; 1988.58
824; 0.0508244759777904; 18847.1982298721; 18540.73; 1965.52
825; 0.0446014198364141; 18675.2310931041; 18410.31; 1936.06
826; 0.0424621667505092; 18602.8215148568; 18358.37; 1876.47
827; 0.0472671866260221; 18485.2768103352; 18219.8; 1830.88
828; 0.0501910055768216; 18401.2777289664; 18123.26; 1805.85
829; 0.0560526933733701; 18271.2273251823; 17967.58; 1765.9
830; 0.0585024689109701; 18105.3858028746; 17779.31; 1816.81
831; 0.0594072635899526; 17983.4740940542; 17652.68; 1814.15
832; 0.0583414268274283; 17842.571651449; 17529.03; 1750.1
833; 0.0607552120578448; 17738.8903912926; 17412.36; 1749.34
834; 0.0629977892141556; 17574.6359804003; 17227.97; 1790.29
835; 0.0654785665156687; 17467.9996264137; 17105.29; 1801.71
836; 0.0630372723192857; 17307.5240295151; 16960.05; 1792.41
837; 0.0606783604410012; 17216.8857999515; 16883.79; 1785.27
838; 0.0646718460805958; 17077.3795712985; 16729.11; 1751.56
839; 0.0704903834737692; 16955.078077243; 16573.41; 1762.34
840; 0.0665404999196972; 16844.6947816018; 16482.79; 1770.28
841; 0.0649994204351999; 16734.6376757006; 16388.33; 1736.11
842; 0.0646741877240965; 16640.5095790269; 16298.12; 1724.71
843; 0.0692869941866339; 16517.6127051821; 16153.65; 1710.88
844; 0.0729992129880393; 16441.2530632664; 16056.8; 1714.91
845; 0.0766419880261833; 16308.1986052135; 15909.65; 1692.85
846; 0.0747695663954036; 16199.4555454281; 15810.65; 1692.44
847; 0.0814137712130469; 16093.289956879; 15670.24; 1690.78
848; 0.0861468682343941; 15951.5580897746; 15506.32; 1681.31
849; 0.0864043104778719; 15854.4099747085; 15414.62; 1655.36
850; 0.0845361828015384; 15699.5962529746; 15274.38; 1635.45
851; 0.0809301885456434; 15595.9789838064; 15192.66; 1619.98
852; 0.0800345274590892; 15438.759064985; 15050.06; 1578.32
853; 0.0829757521928016; 15358.1107091499; 14959.51; 1560.8
854; 0.0762148663056338; 15188.9361590129; 14837.47; 1497.93
855; 0.0709894769860067; 14997.368021583; 14678.97; 1456.55
856; 0.072440264731615; 14898.6688287815; 14584.2; 1409.49
857; 0.071449028500716; 14753.0729949843; 14440.99; 1417.88
858; 0.0818700785609232; 14687.5473273086; 14333.91; 1401.89
859; 0.0900580034234027; 14536.852854666; 14148.13; 1400.6
860; 0.0872056237409834; 14416.9683850302; 14045.52; 1381.82
861; 0.102076871732961; 14298.774806082; 13855.36; 1408.95
862; 0.115113706354027; 14167.4166233439; 13650.11; 1457.3
863; 0.113813108076028; 14041.6533869049; 13521.4; 1482.06
864; 0.120203557412676; 13877.701197887; 13325.76; 1488.4
865; 0.12148590738091; 13749.5789264304; 13189.68; 1493.63
866; 0.113951326598921; 13539.3406416097; 13022.23; 1470.41
867; 0.115114149976106; 13330.5147091635; 12804.92; 1479.1
868; 0.104836462447309; 13156.4130491921; 12682.05; 1465.51
869; 0.0996808843480049; 12924.1937040153; 12491.78; 1404.73
870; 0.104043244858859; 12783.3065707506; 12338.43; 1384.35
871; 0.101667416129772; 12513.9303669337; 12080.58; 1379.68
872; 0.104820225003229; 12339.9830260575; 11906.26; 1339.07
873; 0.10571211071508; 12071.0465983836; 11639.84; 1319.81
874; 0.112095883897094; 11834.2393932407; 11399.08; 1255.77
875; 0.114730391313054; 11673.4913041741; 11242.92; 1213.76
876; 0.125979563489477; 11457.0947355957; 10985.25; 1211.1
877; 0.125532362999248; 11306.55337389; 10847.61; 1181.95
878; 0.127878022277325; 11105.7361986037; 10641.56; 1173.23
879; 0.131078803259332; 10972.4539409122; 10503.64; 1155.79
880; 0.11972251205156; 10866.0952626597; 10448.03; 1128.22
881; 0.114158257550562; 10733.5167623255; 10326.28; 1152.3
882; 0.117360423516097; 10660.7958351163; 10242.01; 1152.42
883; 0.12074651308046; 10568.592147227; 10137.62; 1152.47
884; 0.114097901381492; 10447.6197703281; 10056.16; 1107.59
885; 0.113471230309077; 10394.5432048215; 10008.15; 1099.04
886; 0.110726975548916; 10306.5170366429; 9928.66; 1101.18
887; 0.115234344458374; 10259.0898656094; 9859.69; 1118.25
888; 0.115395323765135; 10194.6634747941; 9801.26; 1099.78
889; 0.116347752920785; 10166.6918033505; 9780.08; 1071.77
890; 0.116375454075251; 10145.552392286; 9765.36; 1053.55
891; 0.118096009179296; 10127.7081115459; 9743.04; 1050.25
892; 0.119836169849545; 10133.1581946847; 9746.33; 1040.64
893; 0.113903404567657; 10156.8346984255; 9787.54; 1045.08
894; 0.11689860777995; 10243.7153212189; 9883.65; 992.69
895; 0.126186517128091; 10340.6671677768; 9941.94; 1018.2
896; 0.129826193840857; 10490.0152153227; 10078.39; 1021.5
897; 0.133638725827901; 10597.0482561847; 10166.26; 1038.42
898; 0.135341880568776; 10803.1403023563; 10361.05; 1052.08
899; 0.142347440172988; 11031.7063915964; 10562.47; 1061.55
900; 0.151573970028226; 11159.6244455332; 10658.14; 1065.27
901; 0.156066404266501; 11336.1930899222; 10815.55; 1073.99
902; 0.161064994471237; 11462.2098434644; 10934.36; 1054.89
903; 0.169547272969392; 11526.5196290694; 10970.1; 1056.18
904; 0.165623159988601; 11536.0956447515; 10989.16; 1062.6
905; 0.169156581709643; 11509.4012143815; 10939.43; 1084.08
906; 0.168730077269237; 11418.5228018906; 10849.15; 1085.5
907; 0.17460879447665; 11290.5204658284; 10697; 1093.26
908; 0.177280764425052; 11161.8273394548; 10555.74; 1099.4
909; 0.178371811754409; 10915.7464722188; 10321.72; 1070.79
910; 0.177714328119179; 10619.4872670249; 10040.56; 1047.26
911; 0.180492612289885; 10408.7370659505; 9836.75; 1018.61
912; 0.185988927695581; 10090.5745496907; 9509.29; 1004.41
913; 0.181873130861481; 9828.63556506614; 9284.93; 960.61
914; 0.179064333411659; 9438.95473726109; 8936.09; 902.24
915; 0.166394759961656; 9050.91077546192; 8593.23; 883.55
916; 0.165606566734652; 8813.07319325536; 8358.64; 881.31
917; 0.163039447261019; 8478.29759336829; 8044.06; 855.29
918; 0.155330914841436; 8138.57357530414; 7734.89; 834.43
919; 0.153196502172932; 7922.59929769021; 7536.13; 809.87
920; 0.158029064174139; 7621.67299855627; 7222.62; 810.56
921; 0.161915824088884; 7332.23868001133; 6930.99; 795.35
922; 0.16225511942099; 7156.05953759596; 6774.69; 754.29
923; 0.158442917336525; 6861.81460325039; 6509.7; 713.09
924; 0.159273912088585; 6673.09827087096; 6322.57; 706.08
925; 0.172956686960961; 6432.05150978271; 6075.18; 661.9
926; 0.161131564139014; 6162.64300060985; 5851.98; 618.42
927; 0.16585315341898; 5997.622014239; 5694.31; 586.52
928; 0.179321093525497; 5780.26577592591; 5474.57; 546.66
929; 0.181641565235148; 5522.87527326832; 5224.19; 527.23
930; 0.188767183019727; 5354.39299608947; 5063.92; 493.33
931; 0.193554876984475; 5061.44122585218; 4795.95; 439.69
932; 0.178588814141864; 4709.00673322891; 4487.67; 397.23
933; 0.190217584925857; 4459.66735824814; 4237.99; 373.47
934; 0.209373181972773; 4057.22172610033; 3829.38; 348.69
935; 0.201709796534141; 3591.33881281637; 3399.61; 304.54
936; 0.198814898803463; 3286.3824716177; 3113.15; 279.13
937; 0.201766028949532; 2826.33987397844; 2671.98; 245.05
938; 0.200160923432508; 2401.77909405667; 2270.22; 210.5
939; 0.220684490897577; 2160.79652597487; 2025.85; 195.82
940; 0.247402292788463; 1866.41340086694; 1739.17; 164.68
941; 0.214824184599121; 1634.29313375416; 1539.66; 141.03
942; 0.229319358457641; 1531.6057542286; 1436.09; 133.33
943; 0.208784454018618; 1425.43371222575; 1341.6; 128.52
944; 0.180457285251577; 1372.09367501666; 1307.75; 114.11
945; 0.170435629285662; 1361.3904092853; 1303.6; 108.5
946; 0.158497609195161; 1383.99570323249; 1333.04; 102.86
947; 0.121879193612645; 1424.11753645706; 1384.03; 105.22
948; 0.14369966093928; 1466.23728865481; 1417.49; 108.51
949; 0.159393502761094; 1540.01367648295; 1484.51; 111.37
950; 0.16341163511825; 1625.93767240382; 1568.46; 112.48
951; 0.196630229167116; 1701.50002107669; 1620.7; 131.39
952; 0.228480940528636; 1803.60358496989; 1706.44; 135.96
953; 0.228500124261455; 1896.25294939033; 1789.69; 149.08
954; 0.235665771987174; 1963.80552571381; 1842.76; 164.17
955; 0.240919747151741; 2070.44017548497; 1938.47; 175.06
956; 0.217474560202263; 2151.89347664756; 2015.74; 200.06
957; 0.219432355701657; 2219.46249842111; 2074.84; 210.58
958; 0.196472548432269; 2290.29149887575; 2159.3; 213
959; 0.194606930007679; 2360.44282226436; 2226.2; 220.35
960; 0.20245799016118; 2399.8829992431; 2258.64; 222.82
961; 0.236455877597406; 2470.07324043147; 2314.58; 210.01
962; 0.226955869085263; 2500.7143817118; 2345.94; 217.76
963; 0.22727064938138; 2527.91286892102; 2377.95; 210.67
964; 0.25939587891196; 2564.51592991354; 2403.17; 198.57
965; 0.270393668752544; 2590.76533204702; 2419.1; 202.65
966; 0.256997065668423; 2609.85305098493; 2426.53; 227.67
967; 0.245269254063615; 2614.75922010735; 2436.22; 232.3
968; 0.21658654917482; 2615.02372335208; 2439.28; 258.91
969; 0.22534828897118; 2633.83924535092; 2457.72; 249.35
970; 0.243829366106506; 2638.74319358202; 2448.04; 249.5
971; 0.249487399487027; 2641.9241525527; 2440.34; 257.72
972; 0.24224840466756; 2628.40693037999; 2421.76; 272.06
973; 0.236998425736338; 2615.54136848091; 2416.98; 267.17
974; 0.240359344418127; 2604.01375212355; 2393.48; 279.29
975; 0.25099671593888; 2580.82181866443; 2372.9; 264.1
976; 0.256662823418338; 2564.51510813793; 2358.57; 255.78
977; 0.229750261339135; 2526.3379860725; 2340.52; 257.79
978; 0.228498005863976; 2497.8386994956; 2317.54; 251.47
979; 0.247527944781566; 2477.28132252941; 2296.03; 233.34
980; 0.267930592014125; 2472.90063371493; 2284.47; 224.08
981; 0.261901828255287; 2443.04910720082; 2262.27; 219.9
982; 0.253058064062869; 2406.94783615742; 2224.51; 229.65
983; 0.271128005222887; 2385.97337276215; 2195.53; 223.72
984; 0.261591114826064; 2347.72173257811; 2155.5; 234.01
985; 0.257313577131269; 2296.05307653907; 2110.01; 230.23
986; 0.257342051092694; 2253.14218637341; 2070.23; 226.3
987; 0.254345602296263; 2221.38618627039; 2046.29; 219.16
988; 0.256143741589544; 2177.787826815; 2015.81; 201.29
989; 0.240843924704221; 2131.63799526118; 1986.92; 191.24
990; 0.223647999476441; 2098.64726999789; 1966.94; 187.41
991; 0.227043891007702; 2055.79119559157; 1937.5; 165.78
992; 0.223031308313446; 2020.78316526353; 1901.91; 169.57
993; 0.224254503315192; 1978.97860126162; 1861.38; 166.82
994; 0.230679294500359; 1952.20711537239; 1832.46; 165.12
995; 0.238338178861296; 1911.84292438472; 1794.05; 157.19
996; 0.279366575904172; 1888.79231109664; 1758.97; 147.78
997; 0.247410565739241; 1843.98093899255; 1716.4; 163.97
998; 0.242906374373052; 1820.63647962104; 1688.1; 173.48
999; 0.221989124863382; 1769.53578349548; 1650.03; 171.14
1000; 0.198331104559017; 1724.82887712697; 1609.02; 185.61
1001; 0.202797916737011; 1695.46104713486; 1580.42; 180.3
1002; 0.195203754287472; 1655.67429210943; 1546.21; 178.21
1003; 0.180112844693826; 1601.73542654779; 1497.81; 183.35
1004; 0.200944248240807; 1571.53501780558; 1460.1; 176.2
1005; 0.228612300350377; 1554.03206954469; 1449.53; 145.22
1006; 0.225987317451094; 1515.37720160574; 1418.88; 135.64
1007; 0.233078543493119; 1481.8114626315; 1397.07; 115.48
1008; 0.213243935878374; 1447.04112017858; 1356.36; 135.05
1009; 0.228671742216057; 1424.69239132951; 1334.93; 124.65
1010; 0.198297417841274; 1385.6035103509; 1309.48; 121.89
1011; 0.21337198445404; 1359.10337378372; 1286.97; 107.33
1012; 0.214417055890205; 1328.43953823831; 1248.79; 117.92
1013; 0.230809922548614; 1310.75561355411; 1229.48; 111.77
1014; 0.229594776022141; 1275.78012405862; 1199.46; 105.5
1015; 0.204932394122835; 1239.19263589432; 1179.87; 91.86
1016; 0.24800557101563; 1207.1469072326; 1146.33; 77.81
1017; 0.307449795519078; 1197.22305745389; 1130.63; 68.72
1018; 0.273067917877337; 1159.54201594254; 1094.13; 75.99
1019; 0.296937857870394; 1124.39190838964; 1067.69; 60.57
1020; 0.3124041779786; 1099.69699821653; 1039.75; 60.86
1021; 0.280474046097453; 1076.60918882507; 1011.01; 74.17
1022; 0.288209065076255; 1045.45478336417; 975.94; 76.48
1023; 0.331668648614121; 1031.8927725418; 958.07; 70.57
1024; 0.286236954106996; 1004.63011772099; 929.97; 82.69
1025; 0.303630219108261; 991.462233302503; 912.36; 82.58
1026; 0.296585682552291; 970.628668342432; 884.67; 91.86
1027; 0.315465638605887; 952.348120984854; 867.05; 85.69
1028; 0.349316320056704; 937.288497075626; 851.71; 77.63
1029; 0.345964663888489; 913.345377776747; 842.96; 64.46
1030; 0.282389276562164; 879.056356023734; 821.84; 64.19
1031; 0.376683309471278; 852.017824971107; 808.78; 36.36
1032; 0.345502606930814; 826.989508975843; 792.89; 31.26
1033; 0.381862685479418; 802.231544780324; 772.16; 24.94
1034; 0.522160879472537; 787.024823275816; 763; 14.57
1035; 0.684957958670433; 760.76175964855; 737.68; 10.67
1036; 0.679684334096171; 752.816748439814; 715.72; 17.28
1037; 0.464173761257687; 735.711298125494; 697.53; 26.04
1038; 0.456903134721444; 721.971605957437; 687.69; 23.75
1039; 0.108796548257705; 733.709711154992; 748.47; -42.94
1040; 0.125606588355077; 669.70366801172; 651.18; 46.67
1041; 2.34922202681312; 638.965995741227; 653.74; -1.99
