# 20/02/2019 16:08:06
# NanoCalc data
# Original file name: C:\SVA_DATA\StudentProjects\2018_Nathan\homopolymer_swelling\PSswellingrun2_279.dat
# Fit Result : Fitness; Thickness 1; Thickness 2; Thickness 3 
# Fit Result : 0.1265087250436; 2; 338.7; -1
# comment:PS id:350 ref:topsiloptics swelling run2 
#
# WaveLength; Reflectance; Raw Intensity; Dark Intensity; Reference Intensity
400; 0.349999692307119; 4303.69520483558; 3879.71; 587.4
401; 0.329155895963291; 4426.03536578439; 4007.34; 614.14
402; 0.327783163535853; 4522.49603041488; 4089.31; 635.26
403; 0.313813377391315; 4624.44370584918; 4198.31; 650.03
404; 0.306144628269847; 4724.85765973581; 4308.46; 648.35
405; 0.295342964878197; 4877.95552528949; 4456.61; 677.41
406; 0.291809015507975; 4984.64968702838; 4564.45; 681.07
407; 0.279760033125406; 5098.85307355596; 4693.78; 682.14
408; 0.268825526157439; 5195.52332360025; 4786.79; 713.46
409; 0.264498327647606; 5303.22294598899; 4891.06; 728.51
410; 0.249757198671346; 5447.36302679903; 5047.52; 745.65
411; 0.246503697799474; 5537.19445628172; 5133.46; 760.15
412; 0.236295270812234; 5603.75889766566; 5207.85; 774.86
413; 0.223380338190767; 5659.11048314491; 5289.87; 761.9
414; 0.214849773232904; 5772.17681628125; 5399.05; 797.8
415; 0.196360013208606; 5831.47166047337; 5484.45; 809.18
416; 0.18986411906002; 5899.03850984373; 5567.21; 797.56
417; 0.182955431336035; 5972.6099176604; 5640.47; 825.71
418; 0.179796895226824; 6083.21877747696; 5745.32; 851.93
419; 0.169715717640582; 6155.30867946716; 5837.55; 846.21
420; 0.168387048097287; 6259.3281359292; 5937.53; 861.15
421; 0.157581747061246; 6358.31008521855; 6056.08; 861.72
422; 0.156167894705768; 6518.45493264111; 6206.92; 893.67
423; 0.148453657750705; 6626.26316632227; 6325.75; 904.16
424; 0.146376578127518; 6748.11533307275; 6447.44; 914.76
425; 0.133833840214284; 6866.67752207096; 6588.07; 924.54
426; 0.119433417670783; 7051.20676745178; 6798.69; 936.44
427; 0.108036514550738; 7181.47609632722; 6950.42; 944.65
428; 0.103620642159776; 7321.77469227239; 7093.04; 972.34
429; 0.100159233102801; 7448.42612319669; 7222.32; 991.93
430; 0.0945778309127738; 7657.41287491282; 7438.56; 1014.23
431; 0.0901359801997213; 7784.0771321791; 7568.54; 1045.51
432; 0.0968483298098003; 7906.8739202672; 7669.88; 1067.25
433; 0.0916082295976356; 8003.01891743342; 7773.46; 1090.28
434; 0.0869769682903272; 8161.75964911873; 7941.66; 1098.36
435; 0.0900357876536918; 8272.36467325301; 8032.82; 1152.29
436; 0.0906686666172851; 8362.10007209276; 8119.6; 1155.85
437; 0.082958408989679; 8442.50804136388; 8215.7; 1178.81
438; 0.0821817345884692; 8594.20575023063; 8367.16; 1188.44
439; 0.0827843342642818; 8678.23706548553; 8444.76; 1210.44
440; 0.0778080857645094; 8772.29453364031; 8551.57; 1214.72
441; 0.0756598037540162; 8872.01286349435; 8656.01; 1219.77
442; 0.0755269019363365; 9049.80106567764; 8831.26; 1233.49
443; 0.0758990549384084; 9155.74200190861; 8939.09; 1214.16
444; 0.0741945447220953; 9290.24365538235; 9072.21; 1247.24
445; 0.0634004041343481; 9403.31441244181; 9218.16; 1236.69
446; 0.0608629694369616; 9595.58949244605; 9418.63; 1228.42
447; 0.0576095479064594; 9764.38854054685; 9595.14; 1238.58
448; 0.0480441081336735; 9932.7628554809; 9790.25; 1247.85
449; 0.0498293521862398; 10226.4150093231; 10077.07; 1258.16
450; 0.0549960110643413; 10431.7732673154; 10261.67; 1295.63
451; 0.0519642544893282; 10626.0263599966; 10465.9; 1288.2
452; 0.0405238884764155; 10802.8824408014; 10678.16; 1284.02
453; 0.0512477663393448; 11155.5744045414; 10993.19; 1319.32
454; 0.0546891207495032; 11397.7569716277; 11215.2; 1387.13
455; 0.0646338364625348; 11643.6989519495; 11425.23; 1401.85
456; 0.0746111491808319; 11916.8525294038; 11656.99; 1441.68
457; 0.0868469198874617; 12307.4794671765; 11991.27; 1504.28
458; 0.0910123008074993; 12595.9004185696; 12256.59; 1537.35
459; 0.103365613145922; 12873.223062961; 12478.81; 1570.51
460; 0.113076032513717; 13129.7118340217; 12672.85; 1659.84
461; 0.1249468770101; 13529.6719185359; 13002.92; 1728.72
462; 0.139206604010287; 13790.2243884309; 13194.8; 1750.65
463; 0.139573212307887; 14025.3819445386; 13420.38; 1770.92
464; 0.139984019566729; 14396.0419934078; 13767.34; 1831.55
465; 0.143556192467796; 14665.3635308536; 14013.55; 1848.43
466; 0.14434971110395; 14915.1332684963; 14250.15; 1872.12
467; 0.143026611671829; 15171.1938100026; 14496.25; 1914.52
468; 0.152953659488497; 15714.4716856957; 14972.09; 1965.82
469; 0.156065640297212; 16066.3049491268; 15298.15; 1990.22
470; 0.158515266011048; 16426.4824592277; 15628.65; 2031.84
471; 0.158945071482646; 16871.7787912175; 16052.96; 2076.24
472; 0.167500535467945; 17567.3786519419; 16671.97; 2150.98
473; 0.178881293972909; 18093.7736824004; 17105.98; 2218.37
474; 0.180725331707468; 18626.2823635768; 17593.16; 2292.79
475; 0.19165851189628; 19588.6145122314; 18454.04; 2370.51
476; 0.196084486669815; 20215.2706617746; 19026.18; 2424.39
477; 0.198989002805104; 20883.783869082; 19644.74; 2485.41
478; 0.198611997143255; 21663.6150649758; 20382.52; 2570.48
479; 0.201818006916382; 22773.9275780447; 21398.92; 2710.86
480; 0.209614536129526; 23586.9770423323; 22101.79; 2814.77
481; 0.212515693892914; 24359.0663389198; 22814.87; 2882.32
482; 0.222343861846581; 25606.4066193813; 23905.63; 3029.69
483; 0.222093095173109; 26376.8528299362; 24625.21; 3119.24
484; 0.228019360212254; 27170.0096222162; 25326.6; 3192.56
485; 0.233537064942607; 27978.218506856; 26037.35; 3277.01
486; 0.239828842894967; 29042.9157173923; 26968.07; 3406.11
487; 0.243668198715235; 29747.9212217546; 27590.49; 3480.62
488; 0.248110114669679; 30445.9615839112; 28238.74; 3491.9
489; 0.250986520318826; 31097.1133792412; 28832.56; 3536.48
490; 0.260121287306888; 32010.4945408167; 29602.73; 3622.88
491; 0.261563755947875; 32559.2569200815; 30093.52; 3684.84
492; 0.26776098342618; 33105.7294609274; 30535.42; 3747.31
493; 0.273822080352261; 33849.298809757; 31155.89; 3835
494; 0.284055006966155; 34362.700584754; 31543.93; 3864.09
495; 0.288797660126581; 34833.8662147559; 31943.61; 3892.15
496; 0.293255738246229; 35444.1536909472; 32475.12; 3932.61
497; 0.297765023748261; 35860.0730371488; 32811.79; 3971.53
498; 0.297666410025897; 36222.9710622186; 33145.13; 4006.41
499; 0.303518283140832; 36669.1932523815; 33528.57; 4004.25
500; 0.300195263774287; 37218.390993455; 34045.25; 4085.41
501; 0.302001619347943; 37606.0388803065; 34411.09; 4083.6
502; 0.299797773452507; 37966.9956995863; 34785.49; 4090.91
503; 0.3009942073048; 38509.8914455259; 35280.64; 4130.52
504; 0.300307195409458; 38911.7768572909; 35648.81; 4177.84
505; 0.304533584778206; 39365.5423039451; 36028.85; 4207.93
506; 0.304060685395673; 39800.7731963235; 36418.92; 4266.42
507; 0.306336682834654; 40486.2783321246; 36984.21; 4380.21
508; 0.313262028981927; 40946.0693458004; 37348.87; 4394.66
509; 0.315644963231455; 41395.2610453681; 37773.59; 4386.29
510; 0.318104778186932; 42119.6866564083; 38431.4; 4427.4
511; 0.320563661080262; 42606.0822236912; 38870.67; 4444.52
512; 0.323155734891958; 43107.3969463896; 39297.85; 4491.25
513; 0.330058873729229; 43861.2629087787; 39940.14; 4521.05
514; 0.329837328139175; 44357.4580886773; 40368.94; 4596.58
515; 0.333191693385924; 44860.1277464095; 40784.87; 4644.04
516; 0.33199716937415; 45299.3892969105; 41168.74; 4718.67
517; 0.33966456251595; 46105.2593922337; 41758.69; 4847.65
518; 0.340921935792581; 46609.3755549138; 42135.74; 4965.34
519; 0.344375630256552; 47160.0462085237; 42543.16; 5067.19
520; 0.349425691526666; 47952.9226591265; 43150.1; 5189.3
521; 0.34942309501468; 48441.0518929649; 43588.6; 5237.37
522; 0.352480292290655; 48925.685506986; 43994.16; 5270.91
523; 0.356423154843567; 49656.8298303188; 44649.95; 5286.71
524; 0.362306144026914; 50187.3341488297; 45111.24; 5267.23
525; 0.361514700369445; 50622.9256389648; 45486.44; 5336.08
526; 0.359951279177274; 51239.7682698476; 46109.8; 5346.95
527; 0.358112796983441; 51622.9086969831; 46489.36; 5372.87
528; 0.359033998758038; 51995.3357697044; 46848.18; 5367.87
529; 0.355007068914319; 52305.8215999881; 47152.18; 5430.24
530; 0.359513184257775; 52796.3381252431; 47540.28; 5463.47
531; 0.360000473149043; 53075.6190328347; 47725.2; 5548.94
532; 0.355357964243658; 53257.2536232162; 47915.08; 5607.62
533; 0.354723759265998; 53562.9882871991; 48188.92; 5645.99
534; 0.35352862854772; 53746.9620520321; 48323.49; 5711.89
535; 0.350012704445127; 53916.4743481898; 48452.04; 5806.75
536; 0.350978859924189; 54184.0703434852; 48701.61; 5803.91
537; 0.351387881437145; 54377.1976506937; 48848.28; 5839.98
538; 0.350153366995401; 54561.6490369014; 49040.57; 5845.94
539; 0.34997923909595; 54847.0052764598; 49354.18; 5813.06
540; 0.352672246098161; 55073.4495265423; 49531.13; 5814.78
541; 0.353033609306422; 55315.9346768883; 49764.19; 5813.86
542; 0.354538729486293; 55686.4923064017; 50112.64; 5807.38
543; 0.360935739984235; 55977.7912711273; 50340.57; 5764.78
544; 0.357961842684366; 56239.8013511461; 50577.91; 5833.52
545; 0.362103369533537; 56679.9328739518; 50922.01; 5859.84
546; 0.364089755030965; 56982.6023039503; 51192.1; 5856.07
547; 0.367283725837855; 57305.0228123579; 51473.06; 5841.64
548; 0.364908898595635; 57750.5128017827; 51889.91; 5903.55
549; 0.368215378830884; 58052.9652702582; 52111.45; 5926.15
550; 0.366615489824759; 58338.6350197235; 52411.31; 5932.77
551; 0.368343913903332; 58676.2165816574; 52762.8; 5886.08
552; 0.370655815387729; 59122.9346436237; 53234.48; 5819.73
553; 0.366303220545806; 59350.3334448071; 53497.77; 5848.16
554; 0.361242094790719; 59620.7995922892; 53782.53; 5910.57
555; 0.361079658956095; 60046.5059680561; 54178.77; 5938
556; 0.359662239062151; 60324.7842516856; 54506.65; 5905.8
557; 0.359206665366638; 60672.49242517; 54860.33; 5902.16
558; 0.356676252980439; 61199.4801806041; 55420.29; 5905.24
559; 0.349675453574773; 61568.0942728865; 55810.51; 5995.79
560; 0.347689688392888; 61987.9693191163; 56209.19; 6047.02
561; 0.347622959604242; 62820.9681480058; 56981.81; 6106.26
562; 0.344889022513174; 63382.0620662466; 57482.48; 6212.98
563; 0.336632071730062; 63961.1911647303; 58117.91; 6299.5
564; 0.332356265440307; 64872.1122861081; 58992.24; 6415.27
565; 0.33058300194636; 65461.4602656737; 59567.68; 6460.18
566; 0.327003302801998; 65952.4568455469; 60075.18; 6507.81
567; 0.324463203330782; 66654.2092457645; 60727.68; 6609.19
568; 0.321934846186258; 67015.7859154334; 61032.05; 6720.78
569; 0.319417022792126; 67223.6199466086; 61281.45; 6721.9
570; 0.322307208119671; 67370.3259935292; 61454.25; 6627.63
571; 0.327366149206308; 67386.2294283568; 61385.47; 6613.52
572; 0.329182154639855; 67320.0049196691; 61345.78; 6542.73
573; 0.325012293451566; 67026.4993155874; 61091.63; 6577.76
574; 0.324156288006655; 66795.3169006883; 60848.44; 6603.01
575; 0.328696542672477; 66476.0378542791; 60514.05; 6523.12
576; 0.328629837265417; 66285.5873878637; 60351.55; 6488.82
577; 0.328294581591395; 66076.3107189193; 60126.02; 6508.18
578; 0.319768122318613; 65734.6008229265; 59920.74; 6523.44
579; 0.315777289655578; 65532.5799143961; 59829.93; 6474.65
580; 0.311409243172661; 65365.0875988073; 59712.75; 6502.64
581; 0.308682136842209; 65130.4285195353; 59533.62; 6491.09
582; 0.310058140700848; 65024.1387225457; 59451.05; 6430.38
583; 0.306856019152856; 64861.2707560854; 59373.38; 6393.83
584; 0.299923078602579; 64627.0236367478; 59326.92; 6313.68
585; 0.296616714312471; 64508.3115772344; 59266.51; 6309.73
586; 0.295107293250327; 64446.9138174399; 59208.17; 6334.18
587; 0.293780085872864; 64260.4148661083; 59075.34; 6293.68
588; 0.292681333996558; 64157.013657706; 59000.06; 6279.12
589; 0.294296203450478; 64111.2250296652; 58963.16; 6230.17
590; 0.289205548052569; 64075.7037785912; 58972.58; 6280.55
591; 0.288905186202329; 64051.4074493513; 58939.57; 6293.86
592; 0.285786216993893; 64048.5477835862; 58962.25; 6326.78
593; 0.285101180178781; 64135.3734551686; 59051.12; 6335.44
594; 0.282795085781756; 64185.6856582062; 59147.81; 6324.85
595; 0.279739807515311; 64424.8476771025; 59427.23; 6338.83
596; 0.277762464700851; 64629.9777986445; 59665.62; 6337.46
597; 0.273902375546607; 64850.5189801527; 59944.02; 6347.85
598; 0.271794857796569; 65302.2465753813; 60393.89; 6395.44
599; 0.269065912736746; 65734.536360714; 60802.07; 6487.92
600; 0.267744788189292; 66182.577830821; 61237.82; 6532.03
601; 0.261216076415607; 66957.0398902158; 62041.86; 6651.01
602; 0.257614156628059; 67542.628347379; 62650.31; 6708.55
603; 0.25482809332665; 68144.3321551378; 63222.38; 6818.63
604; 0.253475014168029; 69014.4936449952; 64036.27; 6928.98
605; 0.250308628317079; 69605.0211629965; 64614.62; 7029.5
606; 0.246730068621799; 70231.8547738105; 65221.81; 7155.15
607; 0.244441807393907; 70906.5784722736; 65873.44; 7250.98
608; 0.242477812465429; 71269.1721878905; 66200.38; 7356.98
609; 0.244397112889913; 71717.3688132638; 66601.85; 7361.97
610; 0.245540116998918; 71859.0493523879; 66682.86; 7410.05
611; 0.243399131002425; 71925.7120050651; 66786.45; 7417.54
612; 0.238576329075086; 71873.3858549291; 66791.58; 7478.27
613; 0.236812945132065; 71756.3648393363; 66702.29; 7488.22
614; 0.235169747285545; 71501.219147873; 66476.34; 7492.56
615; 0.226995286047917; 70946.3033935958; 66175.42; 7365.66
616; 0.225585893905505; 70618.1454942986; 65861.29; 7385.31
617; 0.218553356763124; 69905.6445099817; 65314.7; 7352.93
618; 0.212614100052137; 69415.1764951176; 64964.5; 7323.06
619; 0.208966850300474; 68916.2170040654; 64576.59; 7261.07
620; 0.203429681561102; 68163.0377531189; 63983.5; 7179.7
621; 0.201524810002774; 67672.0145565906; 63569.06; 7111.14
622; 0.197877436004555; 67187.1567537873; 63221.37; 6996.53
623; 0.194158661405258; 66510.3843648374; 62632.13; 6969.79
624; 0.190624940770205; 66060.3488440606; 62344; 6799.35
625; 0.188288868139134; 65471.5075724479; 61836.57; 6729.66
626; 0.190534050047957; 65146.2916467036; 61503.34; 6661.8
627; 0.191790818988344; 64822.0744034967; 61171.85; 6628.34
628; 0.188765850225775; 64263.9430700258; 60729.71; 6517.4
629; 0.185274896072438; 63900.053542311; 60451.26; 6476.72
630; 0.181515680101829; 63527.2633718252; 60160.41; 6450.84
631; 0.175182428356024; 63041.7178992291; 59813.31; 6406.46
632; 0.170357484332568; 62711.2577612196; 59575.32; 6396.47
633; 0.167115792495109; 62287.1243935424; 59248.97; 6314.52
634; 0.162174247471666; 61989.1904112542; 59029.26; 6336.49
635; 0.155703661060353; 61654.458777857; 58822.84; 6310.28
636; 0.151465149497534; 61310.0705787246; 58565.78; 6283.38
637; 0.148405817459649; 61066.8789829848; 58378.52; 6278.42
638; 0.146548022798865; 60867.6026156304; 58214.2; 6271.55
639; 0.149908900962339; 60583.4664937062; 57895.48; 6207.28
640; 0.152517843619565; 60424.9367034418; 57681.02; 6224.28
641; 0.147430274780986; 60049.9002930951; 57374.86; 6274.18
642; 0.143445168595279; 59789.5995070183; 57214.97; 6203.21
643; 0.142946213361993; 59641.4772905178; 57065.53; 6224.99
644; 0.143050430785799; 59344.9948731961; 56769.63; 6215.99
645; 0.141256699074226; 59117.7909380833; 56584.01; 6190.59
646; 0.138871513153502; 58808.7024060478; 56324.07; 6171.91
647; 0.135549426980261; 58624.18008428; 56198.9; 6169.62
648; 0.130837287009811; 58395.5232675529; 56065.68; 6137.8
649; 0.127210910713543; 58192.6607671556; 55942.91; 6093.1
650; 0.126009692558158; 58075.8101904479; 55818.01; 6170.5
651; 0.122514165288693; 57869.571838127; 55697.69; 6102.2
652; 0.117846890114693; 57703.6647365816; 55641.02; 6021.82
653; 0.116445388364494; 57612.5952436317; 55581.12; 5999.23
654; 0.111566759552051; 57474.0593260727; 55540.87; 5955.84
655; 0.107918292732773; 57334.9234021709; 55455.46; 5983.63
656; 0.103186006147117; 57137.9058850875; 55344.5; 5969.06
657; 0.101174689803473; 57019.4028903073; 55277.63; 5910.38
658; 0.0995253096265731; 56893.5313577971; 55204.34; 5824.9
659; 0.0991378565161698; 56732.4768586292; 55047.55; 5830.51
660; 0.0986290834539103; 56610.819014218; 54929.62; 5845.22
661; 0.0968365338092272; 56362.6513420902; 54683.01; 5944.59
662; 0.0960169144443901; 56226.3698988518; 54559.22; 5947.6
663; 0.0968795707207546; 56114.4393465561; 54426.12; 5966.33
664; 0.098006740918788; 55946.5978422538; 54230.29; 5992.13
665; 0.0981190518782033; 55790.9169139577; 54065.22; 6015.71
666; 0.092014508177144; 55531.2655682175; 53920.99; 5983.47
667; 0.0906567135052794; 55358.4618847358; 53757.4; 6036.38
668; 0.0908261746869655; 55207.1260001776; 53603.39; 6033.4
669; 0.0930591023049358; 55018.9094558834; 53389.22; 5981.63
670; 0.0942419899026555; 54906.9868487448; 53265.52; 5946.95
671; 0.0922489551017213; 54678.2901797142; 53105.39; 5818.38
672; 0.0867092754577627; 54456.0527711914; 52987.27; 5777.1
673; 0.0877686842810028; 54303.4808497855; 52821.18; 5756.48
674; 0.0888857064921411; 54039.1406575546; 52532.53; 5774.1
675; 0.0883607134945879; 53823.8081599334; 52340.42; 5716.33
676; 0.0837351512078659; 53433.8841506422; 52024.9; 5726.99
677; 0.0811121603691535; 53154.3100857081; 51790.68; 5720.01
678; 0.077310610346416; 52690.0002341579; 51400.6; 5672.57
679; 0.0750426512626969; 52386.9982626249; 51139.47; 5652.21
680; 0.0778703966828686; 52110.3399304925; 50812.34; 5665.47
681; 0.0758262752523142; 51666.9913330671; 50417.7; 5597.86
682; 0.0770531514812184; 51425.2277283643; 50168.59; 5538.97
683; 0.0768940855702192; 51083.4313780015; 49834.37; 5514.82
684; 0.0759364056013515; 50809.9339050964; 49588.97; 5456.79
685; 0.072419946794227; 50411.6528461144; 49271.52; 5340.88
686; 0.0692562088278339; 50103.7168537391; 49008.94; 5360.76
687; 0.066850274918121; 49842.9116833794; 48792.9; 5324.53
688; 0.0658421683968648; 49489.9845912917; 48456.63; 5318.38
689; 0.0637190981402715; 49215.0590568644; 48215.91; 5311.76
690; 0.0572882726871645; 48765.2954969945; 47879.45; 5236.01
691; 0.0570684434907174; 48496.3258550257; 47628.27; 5148.61
692; 0.0589278758224975; 48270.5252882067; 47360.01; 5227.99
693; 0.0610296662086665; 47906.3810565333; 46961.94; 5233.98
694; 0.0597603924638101; 47641.8200462685; 46726.11; 5180.51
695; 0.0617144296542823; 47242.55317175; 46292.43; 5202.81
696; 0.0616985518969623; 47012.0906185949; 46081.86; 5093.04
697; 0.0653789381986972; 46642.0489011994; 45648.74; 5129.93
698; 0.0668640664944427; 46388.3131558629; 45374.87; 5115.5
699; 0.0654312233088002; 45973.8624682286; 44988.06; 5082.95
700; 0.0648699969265836; 45728.6650752788; 44752.14; 5076.68
701; 0.0627231261433986; 45482.8539329029; 44551.71; 5004.93
702; 0.0620145816215891; 45144.9849954702; 44233.82; 4951.85
703; 0.0571835948938307; 44869.6701836143; 44031.22; 4940.13
704; 0.0471237816088948; 44441.6894090456; 43744.41; 4983.88
705; 0.0484339318926174; 44238.0261379649; 43524.07; 4963.08
706; 0.0439569898720956; 43899.6467433099; 43266.29; 4849.44
707; 0.0405882261038378; 43690.3630504543; 43109.56; 4814.1
708; 0.0407607309000258; 43495.2960823384; 42926.44; 4693.12
709; 0.0392817806048314; 43171.0571567525; 42623.37; 4686.88
710; 0.0424509428810881; 42968.4268183425; 42372.11; 4720.34
711; 0.0489190431151238; 42698.8919099586; 42024.52; 4631.4
712; 0.0537409963983839; 42543.3750569939; 41817.41; 4537.41
713; 0.0539002753402499; 42213.4559850336; 41486.97; 4526.28
714; 0.0563254993806503; 41944.7869021307; 41181.55; 4549.67
715; 0.0553046353343779; 41520.9773018189; 40777.14; 4514.36
716; 0.0537551306622435; 41218.8546203446; 40498.7; 4495.24
717; 0.0517610352100393; 40865.4785302534; 40182.43; 4426.12
718; 0.0460752352876436; 40319.8195101244; 39722.66; 4345.35
719; 0.0434007304088521; 39966.7216131583; 39409.62; 4301.83
720; 0.0437728898830997; 39426.5769896556; 38871.98; 4244.39
721; 0.042495761049582; 39086.0767986247; 38550.7; 4218.88
722; 0.0449181351646786; 38633.9418889012; 38073.41; 4177.36
723; 0.046645267664818; 38330.7894935885; 37756.27; 4121.55
724; 0.0482684459308921; 37879.3743300557; 37284.74; 4120.88
725; 0.049606350892118; 37652.9302394794; 37039.12; 4137.52
726; 0.0515506452892651; 37417.5463554543; 36788.59; 4078.21
727; 0.0510824981444769; 37283.2293404724; 36660.03; 4076.41
728; 0.049524052883012; 37158.9077720896; 36555.23; 4071.6
729; 0.053899065838228; 37066.5844948989; 36422.18; 3992.39
730; 0.0526999072500852; 36991.5539094265; 36362.89; 3982.39
731; 0.0550273459559851; 36994.6155846918; 36331.72; 4021.25
732; 0.0584392302324086; 37036.0146154716; 36330.31; 4030.5
733; 0.0658611761560339; 37111.1716643982; 36304.53; 4087.31
734; 0.0676903987595375; 37095.8822926036; 36263.81; 4101.85
735; 0.0711827162483538; 37078.2408776596; 36206.03; 4087.76
736; 0.0708053046111071; 37060.71466916; 36191.32; 4095.14
737; 0.0673262268759008; 36978.6209603098; 36142.71; 4139.48
738; 0.0681525417940632; 36918.0389223214; 36079.48; 4100.85
739; 0.0697644067465021; 36864.1730284435; 36014.4; 4058.17
740; 0.0687813931346783; 36776.1826215202; 35942.82; 4035.18
741; 0.0653430357522366; 36733.9622332413; 35949.3; 3997.93
742; 0.0674958727323687; 36747.7224478397; 35947.06; 3948.11
743; 0.0659761882588309; 36778.1847933891; 35994.6; 3951.55
744; 0.0639118687318594; 36865.6857180271; 36108.39; 3940.98
745; 0.062658835411662; 36965.5368384759; 36221.33; 3948.84
746; 0.0561325890237823; 37180.3006953335; 36516.3; 3931.42
747; 0.0552824544803886; 37330.3792753592; 36674.41; 3942.12
748; 0.0532813201054498; 37528.3289856675; 36895.62; 3943.79
749; 0.0541081201392109; 37613.9448299172; 36969.51; 3954.39
750; 0.058010724284747; 37628.2913588708; 36938.78; 3945.37
751; 0.0607374081804687; 37585.4798488755; 36868.3; 3919.34
752; 0.0711031491909577; 37465.6209520628; 36634.37; 3880.23
753; 0.0786771834755814; 37272.9413402207; 36350.52; 3891.18
754; 0.0836654066669522; 36784.1887678766; 35799.43; 3906.23
755; 0.0841038507683378; 36396.2749285158; 35425.85; 3828.35
756; 0.0871144192799297; 35810.1585412368; 34827.03; 3743.38
757; 0.0922812157479316; 35441.3178269662; 34410.79; 3702.66
758; 0.0882560112618885; 34792.686519626; 33811.43; 3684.93
759; 0.0889725378472813; 34412.7587211359; 33440.04; 3621.75
760; 0.087282557109401; 34060.1854578218; 33139.18; 3493.96
761; 0.0843420550473844; 33480.701067218; 32613.99; 3401.02
762; 0.0856962156526649; 33161.0690267259; 32292.61; 3352.45
763; 0.0941331512533583; 32727.9310468344; 31771.54; 3359.62
764; 0.0977496683045047; 32432.6425017255; 31448.33; 3328.52
765; 0.097683641868048; 31992.1423675873; 31036.39; 3233.82
766; 0.0954919029096731; 31694.9859540643; 30772.39; 3192.98
767; 0.0926584691953689; 31188.8184103038; 30284.41; 3225.85
768; 0.0936647912721876; 30908.4716327148; 29988.76; 3245.29
769; 0.0941176448184338; 30545.7890270381; 29632.01; 3208.64
770; 0.0932166399864106; 30303.4642178277; 29416.24; 3145.31
771; 0.0891242648751317; 29946.7861146615; 29114.84; 3083.51
772; 0.0885300275736609; 29724.0083298809; 28894.55; 3093.66
773; 0.0900023931583647; 29378.6750388121; 28544.39; 3059.41
774; 0.0939136378635649; 29193.2638005398; 28321.23; 3063.21
775; 0.0952486253168256; 28885.8261809706; 28009.35; 3034.61
776; 0.0940724726623541; 28646.7460608403; 27784.78; 3020.54
777; 0.10025249108744; 28345.719418067; 27440.76; 2974.96
778; 0.09639396751579; 28091.6224732834; 27225.52; 2960.35
779; 0.111201251522133; 27848.9037557566; 26867.33; 2907.64
780; 0.111347117845203; 27640.1953204767; 26670.64; 2867.55
781; 0.113955419349333; 27336.0548295306; 26351.76; 2843.88
782; 0.117627488004456; 27134.811284062; 26139.45; 2785.37
783; 0.118235442879354; 26809.0522135271; 25815.51; 2765.37
784; 0.118784783374367; 26625.2893782286; 25624.56; 2771.79
785; 0.113685055321777; 26327.6603285166; 25373.98; 2759.18
786; 0.116625967752128; 26156.6481094952; 25157.95; 2815.76
787; 0.113499099396481; 25897.9662897285; 24919.97; 2832.46
788; 0.113125004966022; 25722.431945415; 24750.4; 2823.6
789; 0.112520978071568; 25449.8665610772; 24472.97; 2852.15
790; 0.113532921421306; 25298.0128016078; 24319.16; 2831.58
791; 0.112915720123193; 25025.4964896702; 24066.1; 2789.76
792; 0.115577581838272; 24857.037271286; 23876.82; 2784.04
793; 0.117770472520852; 24601.5027008308; 23610.65; 2761.32
794; 0.117812686652355; 24459.8602608491; 23494.7; 2688.33
795; 0.11726706513558; 24199.3447334555; 23258.27; 2633.27
796; 0.121114313448106; 24005.0284708034; 23037.62; 2620.8
797; 0.121705053994586; 23809.5451471448; 22858.73; 2563.26
798; 0.130943168089976; 23637.6048641877; 22634.22; 2514.06
799; 0.133633523554211; 23499.9810273832; 22499.02; 2457.18
800; 0.13542076649014; 23311.1273119763; 22323.51; 2392.12
801; 0.132675154063083; 23110.7342177951; 22155.83; 2359.92
802; 0.132820223679537; 22872.423705333; 21920.22; 2349.85
803; 0.135579281951168; 22729.324392955; 21780.52; 2292.86
804; 0.136998941974298; 22547.4635051059; 21606.77; 2248.84
805; 0.138251623386598; 22428.9903752479; 21479.93; 2247.71
806; 0.135666410999625; 22186.2765774104; 21254.87; 2247.36
807; 0.135650261738201; 22062.2569728082; 21119.44; 2274.8
808; 0.141837978570701; 21893.632131622; 20882.02; 2333.86
809; 0.140664040353132; 21772.797480825; 20775.11; 2320.5
810; 0.144199293250534; 21599.8100976837; 20572.94; 2329.3
811; 0.145790768984753; 21489.7947819211; 20459.09; 2311.81
812; 0.152673168250649; 21319.3931840118; 20231.19; 2330
813; 0.154843686467988; 21207.7815119459; 20126.93; 2281.16
814; 0.149784647062355; 21020.0835621214; 19982.49; 2263.1
815; 0.155263602424946; 20909.7820348314; 19835.99; 2258.97
816; 0.159732598473707; 20745.8345476615; 19674.5; 2190.25
817; 0.169858455134769; 20595.5114989753; 19480.03; 2144.21
818; 0.175347965886493; 20498.3964583127; 19358.41; 2122.37
819; 0.177774560745978; 20303.5154788291; 19163.69; 2092.7
820; 0.168560077407327; 20134.1802209228; 19059.87; 2079.77
821; 0.175145019498184; 19991.9573879047; 18869.97; 2089.8
822; 0.177488343453354; 19880.9773305967; 18771.84; 2038
823; 0.175127259925444; 19705.4798088021; 18637.36; 1988.58
824; 0.171974551542934; 19577.72517566; 18540.73; 1965.52
825; 0.171866597245632; 19431.1538874231; 18410.31; 1936.06
826; 0.169049579867536; 19331.5757746211; 18358.37; 1876.47
827; 0.173373869366888; 19193.5567458617; 18219.8; 1830.88
828; 0.176551303366442; 19101.2119625857; 18123.26; 1805.85
829; 0.179452382107303; 18939.7052012192; 17967.58; 1765.9
830; 0.173387033899396; 18745.7190651084; 17779.31; 1816.81
831; 0.17910603687972; 18649.9859795888; 17652.68; 1814.15
832; 0.183507772052106; 18515.2473935706; 17529.03; 1750.1
833; 0.182765053333112; 18394.6353037659; 17412.36; 1749.34
834; 0.189826446155897; 18272.5522287324; 17227.97; 1790.29
835; 0.195360230028135; 18187.4614619035; 17105.29; 1801.71
836; 0.193129427590311; 18024.6179604099; 16960.05; 1792.41
837; 0.196294416172017; 17961.3544744788; 16883.79; 1785.27
838; 0.203284719571132; 17823.8349294284; 16729.11; 1751.56
839; 0.199796217427989; 17655.2006555232; 16573.41; 1762.34
840; 0.201548189572712; 17578.983350179; 16482.79; 1770.28
841; 0.198203450638386; 17444.3298204114; 16388.33; 1736.11
842; 0.195651855843322; 17333.9143240633; 16298.12; 1724.71
843; 0.198482548354448; 17196.2734544962; 16153.65; 1710.88
844; 0.199051378040689; 17105.111466696; 16056.8; 1714.91
845; 0.201579119339261; 16957.8884254617; 15909.65; 1692.85
846; 0.201697917278819; 16859.4894211702; 15810.65; 1692.44
847; 0.208201494447608; 16752.1163451913; 15670.24; 1690.78
848; 0.214056788597924; 16612.6426976436; 15506.32; 1681.31
849; 0.213267162845856; 16500.1301977599; 15414.62; 1655.36
850; 0.208791853545988; 16324.6011795494; 15274.38; 1635.45
851; 0.207000882418501; 16224.2575663021; 15192.66; 1619.98
852; 0.207461986829675; 16057.6286439436; 15050.06; 1578.32
853; 0.21078742184384; 15972.0951662256; 14959.51; 1560.8
854; 0.2100287007965; 15806.0209445807; 14837.47; 1497.93
855; 0.201228793083855; 15581.5100992327; 14678.97; 1456.55
856; 0.208367254589936; 15488.7384738734; 14584.2; 1409.49
857; 0.207527132316334; 15347.450036656; 14440.99; 1417.88
858; 0.217790341729427; 15274.6541120936; 14333.91; 1401.89
859; 0.216758404521335; 15083.7375259878; 14148.13; 1400.6
860; 0.217123871930473; 14970.3492497696; 14045.52; 1381.82
861; 0.217962213108619; 14802.1726404931; 13855.36; 1408.95
862; 0.223685613962768; 14655.3252199306; 13650.11; 1457.3
863; 0.221497261484399; 14533.8905858862; 13521.4; 1482.06
864; 0.218786861569574; 14330.3682250466; 13325.76; 1488.4
865; 0.21776765388829; 14193.318020672; 13189.68; 1493.63
866; 0.222292223556452; 14030.9911770657; 13022.23; 1470.41
867; 0.21925231551249; 13805.9946465932; 12804.92; 1479.1
868; 0.213110413171839; 13646.330013336; 12682.05; 1465.51
869; 0.217928871982827; 13437.15113472; 12491.78; 1404.73
870; 0.222953292352633; 13291.7518256884; 12338.43; 1384.35
871; 0.228861911815288; 13056.0881543108; 12080.58; 1379.68
872; 0.236821800747268; 12886.1765004018; 11906.26; 1339.07
873; 0.246208703424398; 12644.1413688584; 11639.84; 1319.81
874; 0.25556953053791; 12391.2081493422; 11399.08; 1255.77
875; 0.264224163496204; 12234.5259848558; 11242.92; 1213.76
876; 0.271888470597866; 12003.5829737564; 10985.25; 1211.1
877; 0.271628329634245; 11840.6768002099; 10847.61; 1181.95
878; 0.271648396522841; 11627.5990222591; 10641.56; 1173.23
879; 0.262599282844689; 11442.8475729252; 10503.64; 1155.79
880; 0.241605815746506; 11291.7059059706; 10448.03; 1128.22
881; 0.227913764065297; 11139.3167908451; 10326.28; 1152.3
882; 0.224216985938361; 11042.0999697723; 10242.01; 1152.42
883; 0.217170462153561; 10912.751455152; 10137.62; 1152.47
884; 0.216031115589711; 10797.3435789136; 10056.16; 1107.59
885; 0.215021741641368; 10740.3438753357; 10008.15; 1099.04
886; 0.21444502269186; 10660.456027079; 9928.66; 1101.18
887; 0.222907734173956; 10632.2836177345; 9859.69; 1118.25
888; 0.234871280611916; 10601.9785638659; 9801.26; 1099.78
889; 0.233584005855364; 10556.2560022909; 9780.08; 1071.77
890; 0.246421794082462; 10570.4068386834; 9765.36; 1053.55
891; 0.248575296103041; 10552.7116425341; 9743.04; 1050.25
892; 0.252040824874801; 10559.9115538461; 9746.33; 1040.64
893; 0.242667062416861; 10574.3089291044; 9787.54; 1045.08
894; 0.260286203545409; 10685.3707156551; 9883.65; 992.69
895; 0.258510677471753; 10758.7882070375; 9941.94; 1018.2
896; 0.262511922165429; 10910.7068329081; 10078.39; 1021.5
897; 0.260175054280387; 11004.9417312263; 10166.26; 1038.42
898; 0.267820465000396; 11235.8777314579; 10361.05; 1052.08
899; 0.271673117845914; 11458.0176358186; 10562.47; 1061.55
900; 0.288262020911549; 11611.8586345267; 10658.14; 1065.27
901; 0.288945929728473; 11779.4839253142; 10815.55; 1073.99
902; 0.292274340344801; 11892.2153384995; 10934.36; 1054.89
903; 0.291547287968208; 11926.8988383792; 10970.1; 1056.18
904; 0.290130986082295; 11947.2565484914; 10989.16; 1062.6
905; 0.286614571013167; 11905.1745985768; 10939.43; 1084.08
906; 0.284838972144163; 11810.3275581574; 10849.15; 1085.5
907; 0.283772276737839; 11661.5828801662; 10697; 1093.26
908; 0.280742003767044; 11515.5405440027; 10555.74; 1099.4
909; 0.287453032900383; 11279.0164998389; 10321.72; 1070.79
910; 0.296483772294327; 11006.3939979007; 10040.56; 1047.26
911; 0.304945019041551; 10803.1308645955; 9836.75; 1018.61
912; 0.297821199038408; 10440.0919768507; 9509.29; 1004.41
913; 0.302315632303; 10188.6956684693; 9284.93; 960.61
914; 0.299276404183774; 9776.54520116134; 8936.09; 902.24
915; 0.28949815907908; 9389.51554392364; 8593.23; 883.55
916; 0.290514456207767; 9155.82705981552; 8358.64; 881.31
917; 0.280204864318835; 8790.35476470871; 8044.06; 855.29
918; 0.264594098782182; 8422.5334862294; 7734.89; 834.43
919; 0.26849376570189; 8213.4600668959; 7536.13; 809.87
920; 0.266341009132158; 7895.18095508844; 7222.62; 810.56
921; 0.274259241008008; 7610.64042363594; 6930.99; 795.35
922; 0.270826333277232; 7411.24873453684; 6774.69; 754.29
923; 0.271324394282348; 7112.67603105833; 6509.7; 713.09
924; 0.274489122046146; 6926.66263552345; 6322.57; 706.08
925; 0.286159200776012; 6665.62878699717; 6075.18; 661.9
926; 0.288571056313056; 6408.34740524671; 5851.98; 618.42
927; 0.297453325080231; 6238.29222350501; 5694.31; 586.52
928; 0.297741744239724; 5982.14215306606; 5474.57; 546.66
929; 0.298782379808206; 5715.49768414841; 5224.19; 527.23
930; 0.295162327348984; 5518.1127478403; 5063.92; 493.33
931; 0.305698860882404; 5215.26449406874; 4795.95; 439.69
932; 0.3053556176276; 4866.11707801857; 4487.67; 397.23
933; 0.31541796472256; 4605.57442281221; 4237.99; 373.47
934; 0.315260533561007; 4172.44926732952; 3829.38; 348.69
935; 0.317623525704366; 3701.5169105825; 3399.61; 304.54
936; 0.324243145755195; 3395.67128931141; 3113.15; 279.13
937; 0.34826992805124; 2938.42179143714; 2671.98; 245.05
938; 0.361686611428178; 2507.94453741683; 2270.22; 210.5
939; 0.37116339070204; 2252.81298204091; 2025.85; 195.82
940; 0.39152105835509; 1940.53624610315; 1739.17; 164.68
941; 0.364318316393329; 1700.14744245755; 1539.66; 141.03
942; 0.370565304891765; 1590.43730336657; 1436.09; 133.33
943; 0.32558215132613; 1472.33176596607; 1341.6; 128.52
944; 0.324115046377905; 1423.31614731888; 1307.75; 114.11
945; 0.327437677472084; 1414.62583113549; 1303.6; 108.5
946; 0.319477066510856; 1435.74930062212; 1333.04; 102.86
947; 0.293418412153681; 1480.53885393749; 1384.03; 105.22
948; 0.300937862010182; 1519.57726124113; 1417.49; 108.51
949; 0.338169837634086; 1602.2668027504; 1484.51; 111.37
950; 0.373254928899277; 1699.74700726151; 1568.46; 112.48
951; 0.328111573017552; 1755.52882122256; 1620.7; 131.39
952; 0.339385359178495; 1850.76669135457; 1706.44; 135.96
953; 0.331007956941392; 1944.05833689851; 1789.69; 149.08
954; 0.323262779494766; 2008.79816819771; 1842.76; 164.17
955; 0.317195198164756; 2112.22207495311; 1938.47; 175.06
956; 0.287515945239053; 2195.74402207733; 2015.74; 200.06
957; 0.269755044684549; 2252.62895185822; 2074.84; 210.58
958; 0.260952182067819; 2333.28113750097; 2159.3; 213
959; 0.271685773804242; 2413.61298186616; 2226.2; 220.35
960; 0.290079490818681; 2461.01135254343; 2258.64; 222.82
961; 0.308229366183156; 2517.27144261053; 2314.58; 210.01
962; 0.322593897668332; 2565.9355051035; 2345.94; 217.76
963; 0.334725916807756; 2598.81643798194; 2377.95; 210.67
964; 0.373763729745183; 2635.6534796784; 2403.17; 198.57
965; 0.377214326136369; 2658.58276173713; 2419.1; 202.65
966; 0.34870172010812; 2675.26849453359; 2426.53; 227.67
967; 0.353865072160126; 2693.80953868027; 2436.22; 232.3
968; 0.326411405530929; 2704.13834864236; 2439.28; 258.91
969; 0.333592240052996; 2718.43648398702; 2457.72; 249.35
970; 0.345383450646343; 2718.17041169071; 2448.04; 249.5
971; 0.323363347642227; 2701.61542527233; 2440.34; 257.72
972; 0.325894051406005; 2699.75978887195; 2421.76; 272.06
973; 0.346846545912924; 2707.57401806308; 2416.98; 267.17
974; 0.324422920923912; 2677.64608882979; 2393.48; 279.29
975; 0.344692057968708; 2658.43759878473; 2372.9; 264.1
976; 0.356884459073966; 2644.93250290498; 2358.57; 255.78
977; 0.347063344436073; 2621.21875231829; 2340.52; 257.79
978; 0.361842429405241; 2603.05548709326; 2317.54; 251.47
979; 0.381459231289826; 2575.35195786357; 2296.03; 233.34
980; 0.360259480739346; 2537.83383481714; 2284.47; 224.08
981; 0.352913869570528; 2505.87064488575; 2262.27; 219.9
982; 0.335980456799433; 2466.72930155302; 2224.51; 229.65
983; 0.326604681465666; 2424.9408166624; 2195.53; 223.72
984; 0.314129662367001; 2386.32797745065; 2155.5; 234.01
985; 0.323597728426573; 2343.97789873557; 2110.01; 230.23
986; 0.309643274244571; 2290.31656590483; 2070.23; 226.3
987; 0.323787742904761; 2269.19143187805; 2046.29; 219.16
988; 0.328395187006488; 2223.47753229151; 2015.81; 201.29
989; 0.324206361433334; 2181.72871163835; 1986.92; 191.24
990; 0.317294584174899; 2153.79614700163; 1966.94; 187.41
991; 0.330161783032792; 2109.51622065343; 1937.5; 165.78
992; 0.320881999337189; 2072.93647707063; 1901.91; 169.57
993; 0.336144672852983; 2037.65357651541; 1861.38; 166.82
994; 0.34528376021049; 2011.699035561; 1832.46; 165.12
995; 0.364928160246188; 1974.40698431157; 1794.05; 157.19
996; 0.367827983081672; 1929.90053703769; 1758.97; 147.78
997; 0.335178732702498; 1889.23990002911; 1716.4; 163.97
998; 0.30855629553342; 1856.45690409714; 1688.1; 173.48
999; 0.282393059021326; 1802.05368040686; 1650.03; 171.14
1000; 0.232767062388331; 1744.93661372165; 1609.02; 185.61
1001; 0.240164746609617; 1716.65810529906; 1580.42; 180.3
1002; 0.232090341204828; 1676.35916131176; 1546.21; 178.21
1003; 0.237685933228195; 1634.95519937287; 1497.81; 183.35
1004; 0.258944115078286; 1603.69924370575; 1460.1; 176.2
1005; 0.286132416706506; 1580.32536693269; 1449.53; 145.22
1006; 0.30421904988121; 1548.78236496367; 1418.88; 135.64
1007; 0.36246509646424; 1528.85314042517; 1397.07; 115.48
1008; 0.298091377094622; 1483.12215095717; 1356.36; 135.05
1009; 0.31754768269446; 1459.57959195906; 1334.93; 124.65
1010; 0.306624067072669; 1427.18854405339; 1309.48; 121.89
1011; 0.307890568773128; 1391.05669881672; 1286.97; 107.33
1012; 0.273785795787359; 1350.49325359676; 1248.79; 117.92
1013; 0.284337178732578; 1329.60428583034; 1229.48; 111.77
1014; 0.268589334898982; 1288.74239446674; 1199.46; 105.5
1015; 0.289993949898221; 1263.81575964919; 1179.87; 91.86
1016; 0.341340462233849; 1230.03485848925; 1146.33; 77.81
1017; 0.373507253431893; 1211.53098074465; 1130.63; 68.72
1018; 0.337260017631704; 1174.91890344056; 1094.13; 75.99
1019; 0.443541196555493; 1152.38661792029; 1067.69; 60.57
1020; 0.425466596277928; 1121.39245898789; 1039.75; 60.86
1021; 0.416858179651616; 1108.50764308223; 1011.01; 74.17
1022; 0.427249630508212; 1078.99076802266; 975.94; 76.48
1023; 0.466679944077592; 1061.94357233015; 958.07; 70.57
1024; 0.394708507115727; 1032.92310645222; 929.97; 82.69
1025; 0.384389665228637; 1012.50181416885; 912.36; 82.58
1026; 0.329817954408845; 980.26029253346; 884.67; 91.86
1027; 0.310309298085806; 950.953908418742; 867.05; 85.69
1028; 0.281635351529481; 920.707435056416; 851.71; 77.63
1029; 0.286987741332004; 901.346716041784; 842.96; 64.46
1030; 0.234486703780965; 869.350567291; 821.84; 64.19
1031; 0.389388495723547; 853.476197576391; 808.78; 36.36
1032; 0.442084526175871; 836.5216976081; 792.89; 31.26
1033; 0.54726330340272; 815.256782065107; 772.16; 24.94
1034; 0.843216628944379; 801.796722025751; 763; 14.57
1035; 1.50722656270491; 788.470622717625; 737.68; 10.67
1036; 1.01220907141578; 770.965741893907; 715.72; 17.28
1037; 0.702858701000961; 755.344680283312; 697.53; 26.04
1038; 0.770675636454069; 745.514069222074; 687.69; 23.75
1039; 0.534172969860822; 675.999434944339; 748.47; -42.94
1040; 0.654346312517548; 747.678870134929; 651.18; 46.67
1041; -10.4605503723707; 719.525274438349; 653.74; -1.99
