# 20/02/2019 15:35:06
# NanoCalc data
# Original file name: C:\SVA_DATA\StudentProjects\2018_Nathan\homopolymer_swelling\PSswellingrun2_81.dat
# Fit Result : Fitness; Thickness 1; Thickness 2; Thickness 3 
# Fit Result : 0.255701282706558; 2; 287.5; -1
# comment:PS id:350 ref:topsiloptics swelling run2 
#
# WaveLength; Reflectance; Raw Intensity; Dark Intensity; Reference Intensity
400; 0.129963165356728; 4037.14573636202; 3879.71; 587.4
401; 0.137924612927893; 4182.78390657658; 4007.34; 614.14
402; 0.150428405910564; 4288.11058302905; 4089.31; 635.26
403; 0.130041291425133; 4374.89577173817; 4198.31; 650.03
404; 0.128640691746222; 4483.4285542178; 4308.46; 648.35
405; 0.136630431553387; 4651.53125359117; 4456.61; 677.41
406; 0.13664679617723; 4761.21890683843; 4564.45; 681.07
407; 0.135634887061888; 4890.16988446554; 4693.78; 682.14
408; 0.144699732119665; 5006.79739021598; 4786.79; 713.46
409; 0.137008053775435; 5104.55716488013; 4891.06; 728.51
410; 0.13382640841196; 5261.76630196743; 5047.52; 745.65
411; 0.137788280307053; 5359.13562648499; 5133.46; 760.15
412; 0.149485506447629; 5458.31054401022; 5207.85; 774.86
413; 0.148219227190123; 5534.87159460009; 5289.87; 761.9
414; 0.157912233920741; 5673.29412978474; 5399.05; 797.8
415; 0.152186105878619; 5753.40432680008; 5484.45; 809.18
416; 0.149576939334895; 5828.62797161155; 5567.21; 797.56
417; 0.157485975747408; 5926.3723021915; 5640.47; 825.71
418; 0.16981245395622; 6064.45465758006; 5745.32; 851.93
419; 0.190459378620623; 6194.14702874894; 5837.55; 846.21
420; 0.196632781974413; 6313.30749249088; 5937.53; 861.15
421; 0.198978183609129; 6437.70537546589; 6056.08; 861.72
422; 0.212982382244249; 6631.7925529099; 6206.92; 893.67
423; 0.216887579684; 6764.79322934409; 6325.75; 904.16
424; 0.231884301242811; 6923.7586187464; 6447.44; 914.76
425; 0.234200816631173; 7075.61566919795; 6588.07; 924.54
426; 0.244604170413364; 7315.85391963483; 6798.69; 936.44
427; 0.252439124066153; 7490.30782227509; 6950.42; 944.65
428; 0.262675929404908; 7672.87715046999; 7093.04; 972.34
429; 0.265829515537414; 7822.42125205061; 7222.32; 991.93
430; 0.267025699718317; 8056.45683158262; 7438.56; 1014.23
431; 0.27118544657978; 8217.01060313762; 7568.54; 1045.51
432; 0.2829978193249; 8362.39336353031; 7669.88; 1067.25
433; 0.276320311513428; 8465.88459825384; 7773.46; 1090.28
434; 0.274767822005546; 8636.97397105806; 7941.66; 1098.36
435; 0.269365676411765; 8749.48072595287; 8032.82; 1152.29
436; 0.272765018496479; 8849.13026792575; 8119.6; 1155.85
437; 0.268246731712521; 8949.08575996012; 8215.7; 1178.81
438; 0.279914034676223; 9140.48624239915; 8367.16; 1188.44
439; 0.276256779187571; 9223.88835439722; 8444.76; 1210.44
440; 0.27178586305883; 9322.5670921949; 8551.57; 1214.72
441; 0.273464384054311; 9436.72957748521; 8656.01; 1219.77
442; 0.292066732281519; 9676.37046111215; 8831.26; 1233.49
443; 0.302746695345846; 9803.27306092375; 8939.09; 1214.16
444; 0.302902752037907; 9962.34275166753; 9072.21; 1247.24
445; 0.305218899833875; 10109.5206598646; 9218.16; 1236.69
446; 0.311105520668562; 10323.1713909963; 9418.63; 1228.42
447; 0.324434219180216; 10548.2809305427; 9595.14; 1238.58
448; 0.325760182426267; 10756.5498357754; 9790.25; 1247.85
449; 0.33718717894774; 11087.6635593015; 10077.07; 1258.16
450; 0.326113362898115; 11270.342219505; 10261.67; 1295.63
451; 0.328825378879516; 11479.1659750808; 10465.9; 1288.2
452; 0.328856716192851; 11690.2991075634; 10678.16; 1284.02
453; 0.337588757030687; 12062.8785582741; 10993.19; 1319.32
454; 0.336653560694375; 12338.9784350116; 11215.2; 1387.13
455; 0.335935316120312; 12560.7255925938; 11425.23; 1401.85
456; 0.33226728135102; 12814.2408548386; 11656.99; 1441.68
457; 0.335329190785177; 13212.2029344589; 11991.27; 1504.28
458; 0.33395132201253; 13501.6212963038; 12256.59; 1537.35
459; 0.338907508233372; 13771.982306675; 12478.81; 1570.51
460; 0.347253859066975; 14075.8620388704; 12672.85; 1659.84
461; 0.350425138748683; 14480.2447523759; 13002.92; 1728.72
462; 0.361128727600549; 14739.4454807597; 13194.8; 1750.65
463; 0.359845955146601; 14980.1886409146; 13420.38; 1770.92
464; 0.355803386209225; 15365.3388206035; 13767.34; 1831.55
465; 0.358041753694323; 15639.2301999041; 14013.55; 1848.43
466; 0.357981168644558; 15899.2803360763; 14250.15; 1872.12
467; 0.357623391726747; 16183.8778598553; 14496.25; 1914.52
468; 0.360020633550471; 16719.4998083972; 14972.09; 1965.82
469; 0.359828272634377; 17069.2244526051; 15298.15; 1990.22
470; 0.363369624861096; 17457.546917672; 15628.65; 2031.84
471; 0.358320152990136; 17898.8761508024; 16052.96; 2076.24
472; 0.363602287045509; 18615.6810023371; 16671.97; 2150.98
473; 0.366389774383961; 19129.2072273668; 17105.98; 2218.37
474; 0.371810094650873; 19718.6247600215; 17593.16; 2292.79
475; 0.375344637577661; 20675.9943232642; 18454.04; 2370.51
476; 0.374990550010826; 21300.1883565225; 19026.18; 2424.39
477; 0.371072219098569; 21955.2936063772; 19644.74; 2485.41
478; 0.367099256158602; 22750.3983365833; 20382.52; 2570.48
479; 0.366736908727489; 23897.5376226481; 21398.92; 2710.86
480; 0.363883701352576; 24680.0241632587; 22101.79; 2814.77
481; 0.368082896089252; 25489.459580412; 22814.87; 2882.32
482; 0.364155115183534; 26691.1645346102; 23905.63; 3029.69
483; 0.361881784227944; 27479.3628143111; 24625.21; 3119.24
484; 0.365162359137486; 28278.7344410344; 25326.6; 3192.56
485; 0.368086254591006; 29096.4233831387; 26037.35; 3277.01
486; 0.368771616774593; 30158.4461054115; 26968.07; 3406.11
487; 0.363488985722545; 30808.8110229997; 27590.49; 3480.62
488; 0.365433605639397; 31489.6874389129; 28238.74; 3491.9
489; 0.363267335697626; 32110.17933819; 28832.56; 3536.48
490; 0.364974002624307; 32981.0442892185; 29602.73; 3622.88
491; 0.36041359068485; 33491.1050126112; 30093.52; 3684.84
492; 0.361606729095597; 34006.5799316547; 30535.42; 3747.31
493; 0.358149697720231; 34678.7744577125; 31155.89; 3835
494; 0.360906090473523; 35125.3189800808; 31543.93; 3864.09
495; 0.361745757629856; 35563.9230028581; 31943.61; 3892.15
496; 0.357881555733598; 36098.4502805809; 32475.12; 3932.61
497; 0.356115248213771; 36457.4165303941; 32811.79; 3971.53
498; 0.354443619354081; 36810.0417574081; 33145.13; 4006.41
499; 0.353693279194541; 37188.3737039304; 33528.57; 4004.25
500; 0.344286333672797; 37684.4449197602; 34045.25; 4085.41
501; 0.341975596793846; 38028.9333494089; 34411.09; 4083.6
502; 0.336091614734894; 38352.1522054871; 34785.49; 4090.91
503; 0.328912465776974; 38809.4157364919; 35280.64; 4130.52
504; 0.32646196268343; 39195.9596543722; 35648.81; 4177.84
505; 0.327467196655663; 39616.8197001932; 36028.85; 4207.93
506; 0.324191442828151; 40024.6734558354; 36418.92; 4266.42
507; 0.323938542648339; 40687.5043664004; 36984.21; 4380.21
508; 0.327687647279528; 41111.7192487635; 37348.87; 4394.66
509; 0.328422944888936; 41541.8740174662; 37773.59; 4386.29
510; 0.33271467447619; 42289.0820544979; 38431.4; 4427.4
511; 0.335866194760175; 42784.3971055738; 38870.67; 4444.52
512; 0.337375337665142; 43275.0258586277; 39297.85; 4491.25
513; 0.337596483746073; 43950.8102521982; 39940.14; 4521.05
514; 0.332351184243062; 44387.8565902637; 40368.94; 4596.58
515; 0.331248878833141; 44836.3652390805; 40784.87; 4644.04
516; 0.324733545274208; 45209.0165872937; 41168.74; 4718.67
517; 0.322424380456018; 45884.6427724039; 41758.69; 4847.65
518; 0.316526152719429; 46289.2499452422; 42135.74; 4965.34
519; 0.314019518059738; 46753.0757279428; 42543.16; 5067.19
520; 0.306569770006468; 47363.872122929; 43150.1; 5189.3
521; 0.302087039973736; 47783.6942850505; 43588.6; 5237.37
522; 0.304064696243445; 48248.3065100183; 43994.16; 5270.91
523; 0.301402933163279; 48883.9293202169; 44649.95; 5286.71
524; 0.303836725892545; 49368.147733776; 45111.24; 5267.23
525; 0.302287920771484; 49781.4176656067; 45486.44; 5336.08
526; 0.29458013180854; 50308.1090949403; 46109.8; 5346.95
527; 0.290560482909036; 50654.5459441969; 46489.36; 5372.87
528; 0.287638251684862; 50971.7975177526; 46848.18; 5367.87
529; 0.281462193956166; 51238.1698255899; 47152.18; 5430.24
530; 0.276485356188722; 51582.4769667306; 47540.28; 5463.47
531; 0.270685350117563; 51748.1948491732; 47725.2; 5548.94
532; 0.264826608719271; 51896.2760506838; 47915.08; 5607.62
533; 0.25779513081867; 52094.518655116; 48188.92; 5645.99
534; 0.253381712864591; 52210.6112321964; 48323.49; 5711.89
535; 0.248996765998186; 52339.4031254776; 48452.04; 5806.75
536; 0.24783643475725; 52572.9355422873; 48701.61; 5803.91
537; 0.245520825016653; 52711.4309359274; 48848.28; 5839.98
538; 0.243538501940306; 52880.5882448015; 49040.57; 5845.94
539; 0.24318220271102; 53170.8559642279; 49354.18; 5813.06
540; 0.243260135030138; 53354.0148777389; 49531.13; 5814.78
541; 0.240662994778077; 53548.8140838319; 49764.19; 5813.86
542; 0.239393003513582; 53876.237976176; 50112.64; 5807.38
543; 0.240216016693342; 54092.3481947233; 50340.57; 5764.78
544; 0.235505278620617; 54302.902837706; 50577.91; 5833.52
545; 0.234515460468084; 54651.1162379895; 50922.01; 5859.84
546; 0.233822815247385; 54910.8301529288; 51192.1; 5856.07
547; 0.232544404785679; 55165.5468310955; 51473.06; 5841.64
548; 0.227242210814714; 55539.5232117068; 51889.91; 5903.55
549; 0.226932207255447; 55773.2231149705; 52111.45; 5926.15
550; 0.224534630130814; 56041.5159457578; 52411.31; 5932.77
551; 0.219580188767463; 56287.9542926314; 52762.8; 5886.08
552; 0.2145212211306; 56642.4893398802; 53234.48; 5819.73
553; 0.21350706039163; 56909.0520930004; 53497.77; 5848.16
554; 0.207718968629294; 57139.6120116981; 53782.53; 5910.57
555; 0.201563164124674; 57454.2783224263; 54178.77; 5938
556; 0.197610038537577; 57703.3206782741; 54506.65; 5905.8
557; 0.193440834138945; 57990.3096358967; 54860.33; 5902.16
558; 0.186617617796182; 58444.0368720817; 55420.29; 5905.24
559; 0.182390696696142; 58813.665629264; 55810.51; 5995.79
560; 0.180293367993103; 59205.7574022378; 56209.19; 6047.02
561; 0.173819986725371; 59901.5319681036; 56981.81; 6106.26
562; 0.171422702664387; 60414.7922406649; 57482.48; 6212.98
563; 0.165185559205243; 60985.2115670457; 58117.91; 6299.5
564; 0.158722534016906; 61800.2756111549; 58992.24; 6415.27
565; 0.155788263314276; 62345.1422002321; 59567.68; 6460.18
566; 0.15336808704389; 62831.6864300732; 60075.18; 6507.81
567; 0.148085911078117; 63432.5644795982; 60727.68; 6609.19
568; 0.145764185591705; 63741.33854966; 61032.05; 6720.78
569; 0.142800799684718; 63937.997897231; 61281.45; 6721.9
570; 0.141393862732658; 64049.5901471383; 61454.25; 6627.63
571; 0.141907539200369; 63986.6949766083; 61385.47; 6613.52
572; 0.142150595220639; 63925.6271039296; 61345.78; 6542.73
573; 0.137440608329024; 63601.3567565639; 61091.63; 6577.76
574; 0.134326511074845; 63312.7550708977; 60848.44; 6603.01
575; 0.137851714124466; 63014.4421204019; 60514.05; 6523.12
576; 0.137256817506546; 62829.9831623705; 60351.55; 6488.82
577; 0.136835415717473; 62606.141664562; 60126.02; 6508.18
578; 0.129974724621574; 62283.8741172123; 59920.74; 6523.44
579; 0.126113495576746; 62107.4247354173; 59829.93; 6474.65
580; 0.120829381485328; 61905.9040921907; 59712.75; 6502.64
581; 0.119320130680577; 61697.0491208969; 59533.62; 6491.09
582; 0.118188639898781; 61575.412142739; 59451.05; 6430.38
583; 0.1160201380767; 61448.3135308092; 59373.38; 6393.83
584; 0.107776392993538; 61231.4951834841; 59326.92; 6313.68
585; 0.105807237366507; 61136.3322889972; 59266.51; 6309.73
586; 0.104892424225602; 61070.2200118987; 59208.17; 6334.18
587; 0.103827835089615; 60907.8505206708; 59075.34; 6293.68
588; 0.106095498096937; 60869.4295272811; 59000.06; 6279.12
589; 0.102949106117144; 60764.0282640928; 58963.16; 6230.17
590; 0.100571872702833; 60747.20264643; 58972.58; 6280.55
591; 0.0985361057243988; 60683.0504891403; 58939.57; 6293.86
592; 0.0966004301454369; 60681.5021000854; 58962.25; 6326.78
593; 0.0945986557239042; 60738.1124632264; 59051.12; 6335.44
594; 0.0902699498909259; 60755.9312372055; 59147.81; 6324.85
595; 0.0837382553023358; 60923.2336923804; 59427.23; 6338.83
596; 0.0802383627236785; 61099.6940465662; 59665.62; 6337.46
597; 0.0804224048582339; 61384.6517091295; 59944.02; 6347.85
598; 0.0787722173011547; 61816.441309035; 60393.89; 6395.44
599; 0.0757626080339745; 62190.9360652944; 60802.07; 6487.92
600; 0.0752899377226631; 62628.2878094909; 61237.82; 6532.03
601; 0.0698663040060438; 63356.5013389497; 62041.86; 6651.01
602; 0.0677309793437318; 63936.5805888004; 62650.31; 6708.55
603; 0.0694211301728747; 64563.2348359246; 63222.38; 6818.63
604; 0.0688929495815793; 65389.3205628185; 64036.27; 6928.98
605; 0.0652562938889771; 65915.6342203483; 64614.62; 7029.5
606; 0.0600302361384324; 66440.7703501346; 65221.81; 7155.15
607; 0.0584798508158929; 67077.559664031; 65873.44; 7250.98
608; 0.0584742558270935; 67422.7345243808; 66200.38; 7356.98
609; 0.0565652994836365; 67785.8281995166; 66601.85; 7361.97
610; 0.0587130617370498; 67920.5800464181; 66682.86; 7410.05
611; 0.0557463788538044; 67963.5094479258; 66786.45; 7417.54
612; 0.0533756784037817; 67928.5110445622; 66791.58; 7478.27
613; 0.0532010208704672; 67837.7090999081; 66702.29; 7488.22
614; 0.0562163346990256; 67677.5161345136; 66476.34; 7492.56
615; 0.0536277951681333; 67302.5445401492; 66175.42; 7365.66
616; 0.0532189267243098; 66983.4999910877; 65861.29; 7385.31
617; 0.052939733473047; 66426.7551171008; 65314.7; 7352.93
618; 0.0494102278057006; 65998.8102337019; 64964.5; 7323.06
619; 0.0482102862482097; 65577.7758808018; 64576.59; 7261.07
620; 0.0469957694412631; 64949.045396863; 63983.5; 7179.7
621; 0.04523142506501; 64489.951485118; 63569.06; 7111.14
622; 0.0427392139810007; 64077.9335986371; 63221.37; 6996.53
623; 0.0414135338955512; 63459.3514972605; 62632.13; 6969.79
624; 0.0375245296690719; 63075.563466439; 62344; 6799.35
625; 0.0385232025775267; 62580.2647167615; 61836.57; 6729.66
626; 0.0419778225430778; 62305.9428823711; 61503.34; 6661.8
627; 0.0437405795166172; 62004.3347436224; 61171.85; 6628.34
628; 0.0420148753590489; 61516.3478465668; 60729.71; 6517.4
629; 0.0421050649247614; 61235.0233650828; 60451.26; 6476.72
630; 0.0428617194556647; 60955.4329125692; 60160.41; 6450.84
631; 0.0409469343506279; 60567.914257672; 59813.31; 6406.46
632; 0.0410561515763805; 60331.0809609178; 59575.32; 6396.47
633; 0.0393183118332515; 59963.7743883786; 59248.97; 6314.52
634; 0.0370296530325728; 59705.1083411397; 59029.26; 6336.49
635; 0.0353113758513206; 59465.01086645; 58822.84; 6310.28
636; 0.034476932383598; 59190.4433039845; 58565.78; 6283.38
637; 0.0326247088426822; 58969.513874673; 58378.52; 6278.42
638; 0.0314755251055418; 58784.0967413433; 58214.2; 6271.55
639; 0.0348430468160852; 58520.2436974187; 57895.48; 6207.28
640; 0.0381633288612106; 58367.6084871964; 57681.02; 6224.28
641; 0.0402960148654991; 58106.0087655877; 57374.86; 6274.18
642; 0.0385896767036603; 57907.5978610879; 57214.97; 6203.21
643; 0.0394411427286174; 57776.2749883224; 57065.53; 6224.99
644; 0.0432504546061357; 57548.2763901615; 56769.63; 6215.99
645; 0.0468906078964273; 57425.106593944; 56584.01; 6190.59
646; 0.0463732908838194; 57153.7619842564; 56324.07; 6171.91
647; 0.0452725737107729; 57008.9268207023; 56198.9; 6169.62
648; 0.0442998340061902; 56854.5351679101; 56065.68; 6137.8
649; 0.0398690524064168; 56648.0022812673; 55942.91; 6093.1
650; 0.0437759621000572; 56602.3732784115; 55818.01; 6170.5
651; 0.0431920162966068; 56463.3806899348; 55697.69; 6102.2
652; 0.0409672769751923; 56358.0600351059; 55641.02; 6021.82
653; 0.0411924797494568; 56299.7530348514; 55581.12; 5999.23
654; 0.0437514623271308; 56298.9798555742; 55540.87; 5955.84
655; 0.0467106662566217; 56268.9549645444; 55455.46; 5983.63
656; 0.0466048747888202; 56154.5076729481; 55344.5; 5969.06
657; 0.0471448377564579; 56089.2519627818; 55277.63; 5910.38
658; 0.0467002924000454; 55996.9597931435; 55204.34; 5824.9
659; 0.049010489512255; 55880.5223178985; 55047.55; 5830.51
660; 0.0510439619936035; 55799.6986378648; 54929.62; 5845.22
661; 0.0523681595085957; 55591.3420339935; 54683.01; 5944.59
662; 0.0508467650172026; 55442.0767304614; 54559.22; 5947.6
663; 0.0535278206173914; 55358.9488147335; 54426.12; 5966.33
664; 0.0589152261506253; 55262.0217331699; 54230.29; 5992.13
665; 0.0607919332982256; 55134.4155301045; 54065.22; 6015.71
666; 0.0608749273560498; 54986.3155685478; 53920.99; 5983.47
667; 0.0629608701195912; 54869.3336393372; 53757.4; 6036.38
668; 0.0640241269743083; 54733.8768630934; 53603.39; 6033.4
669; 0.0688990906043494; 54595.80934695; 53389.22; 5981.63
670; 0.0706892431436534; 54496.7551352409; 53265.52; 5946.95
671; 0.071104113852106; 54317.7579160709; 53105.39; 5818.38
672; 0.0691588645980956; 54158.7634562718; 52987.27; 5777.1
673; 0.0727023026863458; 54049.0289296741; 52821.18; 5756.48
674; 0.0756938229489588; 53815.5385383417; 52532.53; 5774.1
675; 0.0795624889744966; 53676.1047115865; 52340.42; 5716.33
676; 0.0804397115407794; 53378.4328593584; 52024.9; 5726.99
677; 0.0799429451518029; 53134.6536366653; 51790.68; 5720.01
678; 0.0822218790198649; 52771.9112545105; 51400.6; 5672.57
679; 0.0816391316062428; 52496.6598420594; 51139.47; 5652.21
680; 0.0855867032717265; 52238.9608935626; 50812.34; 5665.47
681; 0.0877328608892281; 51863.1607241274; 50417.7; 5597.86
682; 0.0919641919466684; 51668.4076069008; 50168.59; 5538.97
683; 0.091046742954884; 51313.3260129944; 49834.37; 5514.82
684; 0.0946407035995045; 51110.6759871723; 49588.97; 5456.79
685; 0.0968823044135339; 50796.7723974228; 49271.52; 5340.88
686; 0.0965450434505334; 50535.088784373; 49008.94; 5360.76
687; 0.0989384550050696; 50346.9180473165; 48792.9; 5324.53
688; 0.104168953437192; 50091.5012219736; 48456.63; 5318.38
689; 0.105476739248913; 49869.8408875603; 48215.91; 5311.76
690; 0.104733012703314; 49498.9309746933; 47879.45; 5236.01
691; 0.109923207562486; 49300.2883360764; 47628.27; 5148.61
692; 0.111962035791148; 49089.9747045426; 47360.01; 5227.99
693; 0.11679970097227; 48769.4287156005; 46961.94; 5233.98
694; 0.117451432121699; 48525.8213457311; 46726.11; 5180.51
695; 0.114481662376449; 48054.9299659505; 46292.43; 5202.81
696; 0.114673306280213; 47810.7923226825; 46081.86; 5093.04
697; 0.117696469674105; 47436.9145128949; 45648.74; 5129.93
698; 0.118045308183299; 47164.0553716381; 45374.87; 5115.5
699; 0.120795888320633; 46807.999760202; 44988.06; 5082.95
700; 0.122824383474376; 46601.0855218278; 44752.14; 5076.68
701; 0.122826239886967; 46375.1029828458; 44551.71; 5004.93
702; 0.128018345572932; 46114.7620657843; 44233.82; 4951.85
703; 0.129362094551263; 45927.98203692; 44031.22; 4940.13
704; 0.124177345406711; 45581.8326996609; 43744.41; 4983.88
705; 0.125967211328009; 45380.9306800156; 43524.07; 4963.08
706; 0.129375852776583; 45130.4091996074; 43266.29; 4849.44
707; 0.12668692524536; 44922.4047507643; 43109.56; 4814.1
708; 0.126917577337475; 44697.6995978997; 42926.44; 4693.12
709; 0.125635751230258; 44375.0494381082; 42623.37; 4686.88
710; 0.127972273424099; 44169.7619187825; 42372.11; 4720.34
711; 0.13602517470867; 43899.6907112271; 42024.52; 4631.4
712; 0.139476086873195; 43701.5351956993; 41817.41; 4537.41
713; 0.139637435193356; 43369.0501751684; 41486.97; 4526.28
714; 0.14229605746282; 43109.7282368119; 41181.55; 4549.67
715; 0.147034800170106; 42754.7313604845; 40777.14; 4514.36
716; 0.149180598176197; 42497.2645224713; 40498.7; 4495.24
717; 0.15000349193303; 42161.9047976342; 40182.43; 4426.12
718; 0.148608683006433; 41648.7074263524; 39722.66; 4345.35
719; 0.146752864128694; 41293.3730283827; 39409.62; 4301.83
720; 0.147101001249346; 40735.7311182397; 38871.98; 4244.39
721; 0.149415684222269; 40433.0922364844; 38550.7; 4218.88
722; 0.144032091747245; 39870.7815995442; 38073.41; 4177.36
723; 0.146328972141847; 39558.571737796; 37756.27; 4121.55
724; 0.147714620843959; 39104.4833729426; 37284.74; 4120.88
725; 0.146832617976826; 38855.9713261486; 37039.12; 4137.52
726; 0.143070164415153; 38534.1528087653; 36788.59; 4078.21
727; 0.146087466896197; 38442.276685812; 36660.03; 4076.41
728; 0.147060672490694; 38347.8389236051; 36555.23; 4071.6
729; 0.152366980134749; 38243.8436104177; 36422.18; 3992.39
730; 0.156463783299795; 38229.3664100272; 36362.89; 3982.39
731; 0.161509496427487; 38277.3695712733; 36331.72; 4021.25
732; 0.164032419874566; 38311.1443698589; 36330.31; 4030.5
733; 0.174281321727632; 38439.0587715305; 36304.53; 4087.31
734; 0.179984562645661; 38476.2385041641; 36263.81; 4101.85
735; 0.183700938181108; 38456.940964943; 36206.03; 4087.76
736; 0.181000643929099; 38413.7664086523; 36191.32; 4095.14
737; 0.179315152803588; 38369.056381395; 36142.71; 4139.48
738; 0.181032173304205; 38306.9265508592; 36079.48; 4100.85
739; 0.182308901172408; 38235.0336194389; 36014.4; 4058.17
740; 0.18308793152884; 38161.1327097882; 35942.82; 4035.18
741; 0.181073529512972; 38123.6948442687; 35949.3; 3997.93
742; 0.18657589041437; 38160.2962036323; 35947.06; 3948.11
743; 0.186360413328324; 38207.9619693351; 35994.6; 3951.55
744; 0.195405579937307; 38423.7629017995; 36108.39; 3940.98
745; 0.195638820825313; 38544.9567857999; 36221.33; 3948.84
746; 0.195061332026608; 38823.7093383342; 36516.3; 3931.42
747; 0.194487849569839; 38982.1594468658; 36674.41; 3942.12
748; 0.192538154366881; 39181.9864059122; 36895.62; 3943.79
749; 0.191796728407267; 39253.8342702169; 36969.51; 3954.39
750; 0.198142018169241; 39293.8819898779; 36938.78; 3945.37
751; 0.199617425780264; 39225.3580230987; 36868.3; 3919.34
752; 0.20181017312074; 38993.6874205553; 36634.37; 3880.23
753; 0.206789558244661; 38774.9471723184; 36350.52; 3891.18
754; 0.212700783352602; 38302.9612644149; 35799.43; 3906.23
755; 0.218830834466824; 37950.81045014; 35425.85; 3828.35
756; 0.225145191628015; 37367.9028617069; 34827.03; 3743.38
757; 0.228766473201158; 36965.4834400459; 34410.79; 3702.66
758; 0.221632998782524; 36275.6114411289; 33811.43; 3684.93
759; 0.225028681207685; 35900.2329572803; 33440.04; 3621.75
760; 0.223319254060023; 35495.6445518825; 33139.18; 3493.96
761; 0.227735080710262; 34954.2283868222; 32613.99; 3401.02
762; 0.226543619692448; 34588.4389344595; 32292.61; 3352.45
763; 0.228170900589134; 34089.7520598964; 31771.54; 3359.62
764; 0.22727001012683; 33736.8770213388; 31448.33; 3328.52
765; 0.232285397529954; 33309.1074622042; 31036.39; 3233.82
766; 0.233424672877088; 33027.6247603639; 30772.39; 3192.98
767; 0.235121281470817; 32579.3504004858; 30284.41; 3225.85
768; 0.235375416333106; 32299.9540518564; 29988.76; 3245.29
769; 0.230493571448471; 31869.8495874975; 29632.01; 3208.64
770; 0.232924020828733; 31633.1814411759; 29416.24; 3145.31
771; 0.231878793747986; 31279.3533544866; 29114.84; 3083.51
772; 0.230160084593465; 31050.9731324032; 28894.55; 3093.66
773; 0.235949680543943; 30731.5461575474; 28544.39; 3059.41
774; 0.238417990335102; 30535.0569899738; 28321.23; 3063.21
775; 0.234793036457137; 30169.9114068227; 28009.35; 3034.61
776; 0.239181207080025; 29976.3465343863; 27784.78; 3020.54
777; 0.236198049684334; 29572.8731003564; 27440.76; 2974.96
778; 0.237517642047363; 29359.6226054556; 27225.52; 2960.35
779; 0.246368016954069; 29042.0211692967; 26867.33; 2907.64
780; 0.249401247586948; 28842.3020170412; 26670.64; 2867.55
781; 0.250543985411857; 28515.8444359924; 26351.76; 2843.88
782; 0.259305086719475; 28333.6840898339; 26139.45; 2785.37
783; 0.262711434169998; 28023.0959274319; 25815.51; 2765.37
784; 0.263808505195152; 27847.0746510839; 25624.56; 2771.79
785; 0.263075048394549; 27580.8619676193; 25373.98; 2759.18
786; 0.262728086623839; 27407.7580700189; 25157.95; 2815.76
787; 0.255747709886672; 27123.690670082; 24919.97; 2832.46
788; 0.254042829356837; 26933.2750037415; 24750.4; 2823.6
789; 0.251110568519604; 26653.0883658475; 24472.97; 2852.15
790; 0.247610894211989; 26453.9999607247; 24319.16; 2831.58
791; 0.250681209845988; 26196.0308235393; 24066.1; 2789.76
792; 0.251788935774871; 26012.2502420915; 23876.82; 2784.04
793; 0.250787665360808; 25720.6324959419; 23610.65; 2761.32
794; 0.25417120064659; 25576.954036361; 23494.7; 2688.33
795; 0.257860852794877; 25327.6177152514; 23258.27; 2633.27
796; 0.253335735799961; 25061.1556977449; 23037.62; 2620.8
797; 0.25639129781536; 24861.7752438714; 22858.73; 2563.26
798; 0.265546692047922; 24669.0381231793; 22634.22; 2514.06
799; 0.26615360201201; 24492.6019682522; 22499.02; 2457.18
800; 0.26645737074851; 24266.7711339863; 22323.51; 2392.12
801; 0.267939760647797; 24084.2755282105; 22155.83; 2359.92
802; 0.270284352498414; 23857.9201093108; 21920.22; 2349.85
803; 0.271110568207995; 23677.7929047563; 21780.52; 2292.86
804; 0.270020017221713; 23460.8432708484; 21606.77; 2248.84
805; 0.264752367985607; 23297.3841141233; 21479.93; 2247.71
806; 0.26883564210842; 23100.5389718344; 21254.87; 2247.36
807; 0.270530837097745; 22999.7243548952; 21119.44; 2274.8
808; 0.265224430942633; 22773.6448993944; 20882.02; 2333.86
809; 0.264906007823488; 22654.0081671315; 20775.11; 2320.5
810; 0.26703226521653; 22474.5266311577; 20572.94; 2329.3
811; 0.265592285495398; 22336.7619582987; 20459.09; 2311.81
812; 0.272183872429125; 22171.2254365331; 20231.19; 2330
813; 0.275376941176475; 22049.1367751994; 20126.93; 2281.16
814; 0.268694556790245; 21843.8005399684; 19982.49; 2263.1
815; 0.271113630696338; 21710.9925931975; 19835.99; 2258.97
816; 0.279354912876021; 21548.1474087492; 19674.5; 2190.25
817; 0.291542490425125; 21394.625620079; 19480.03; 2144.21
818; 0.298198118875901; 21297.0798653401; 19358.41; 2122.37
819; 0.303245276170428; 21107.9878267713; 19163.69; 2092.7
820; 0.297748967829425; 20957.5599176155; 19059.87; 2079.77
821; 0.297307616662156; 20774.5368394037; 18869.97; 2089.8
822; 0.30203304456075; 20659.2660600902; 18771.84; 2038
823; 0.3067623459292; 20508.3362170726; 18637.36; 1988.58
824; 0.305889848783555; 20385.225564175; 18540.73; 1965.52
825; 0.301605050621223; 20201.7673121068; 18410.31; 1936.06
826; 0.300705300548747; 20089.5079015703; 18358.37; 1876.47
827; 0.298308930785619; 19895.2562539559; 18219.8; 1830.88
828; 0.302466384209379; 19798.6800530586; 18123.26; 1805.85
829; 0.305221580078729; 19621.0191266708; 17967.58; 1765.9
830; 0.297722545926785; 19438.7291664744; 17779.31; 1816.81
831; 0.297511497988964; 19309.2963883134; 17652.68; 1814.15
832; 0.298203941717461; 19131.6537519224; 17529.03; 1750.1
833; 0.296502398940201; 19005.9194834723; 17412.36; 1749.34
834; 0.291430662374023; 18831.6627255837; 17227.97; 1790.29
835; 0.294201891438873; 18734.9814213673; 17105.29; 1801.71
836; 0.293533681697477; 18578.066253324; 16960.05; 1792.41
837; 0.294281289232678; 18499.2565474695; 16883.79; 1785.27
838; 0.294732907230439; 18316.2999361091; 16729.11; 1751.56
839; 0.296127406496215; 18176.7830033322; 16573.41; 1762.34
840; 0.293982347471488; 18081.720236245; 16482.79; 1770.28
841; 0.292759483453529; 17948.1109268957; 16388.33; 1736.11
842; 0.296553794441125; 17868.0960972753; 16298.12; 1724.71
843; 0.304190348444529; 17751.5536673455; 16153.65; 1710.88
844; 0.301391045170421; 17644.0871201478; 16056.8; 1714.91
845; 0.302779437761156; 17484.1436387324; 15909.65; 1692.85
846; 0.307086756689788; 17407.5167425074; 15810.65; 1692.44
847; 0.313040183816261; 17296.8890827248; 15670.24; 1690.78
848; 0.320318149243084; 17161.8397398596; 15506.32; 1681.31
849; 0.321960189293091; 17053.3676819531; 15414.62; 1655.36
850; 0.311727483757943; 16842.3664905176; 15274.38; 1635.45
851; 0.305156500466368; 16713.4201993982; 15192.66; 1619.98
852; 0.305577848539623; 16534.1422802157; 15050.06; 1578.32
853; 0.306322714908343; 16431.0296688725; 14959.51; 1560.8
854; 0.301759446470654; 16229.0388465763; 14837.47; 1497.93
855; 0.299407978990702; 16021.8578786582; 14678.97; 1456.55
856; 0.303574270449375; 15902.0395417261; 14584.2; 1409.49
857; 0.302633148383616; 15762.8646470171; 14440.99; 1417.88
858; 0.310942122519083; 15677.0226864438; 14333.91; 1401.89
859; 0.320437289263584; 15531.253021708; 14148.13; 1400.6
860; 0.325060325474336; 15430.0996607504; 14045.52; 1381.82
861; 0.327451251515724; 15277.7853812558; 13855.36; 1408.95
862; 0.328867672330566; 15128.0002572825; 13650.11; 1457.3
863; 0.320011731990411; 14984.2120629666; 13521.4; 1482.06
864; 0.318712538303146; 14789.1990525457; 13325.76; 1488.4
865; 0.315109119732936; 14641.9411029583; 13189.68; 1493.63
866; 0.306812516024333; 14414.5439093734; 13022.23; 1470.41
867; 0.304124729671853; 14193.5099246485; 12804.92; 1479.1
868; 0.294854850714591; 14016.2064832404; 12682.05; 1465.51
869; 0.296968665311243; 13780.024194297; 12491.78; 1404.73
870; 0.295931713540547; 13603.7988961245; 12338.43; 1384.35
871; 0.293387213237459; 13331.1228125351; 12080.58; 1379.68
872; 0.296588917140098; 13133.4796766717; 11906.26; 1339.07
873; 0.301366242100016; 12869.1325686996; 11639.84; 1319.81
874; 0.316073909403624; 12626.0878601778; 11399.08; 1255.77
875; 0.323416396428705; 12456.6683190624; 11242.92; 1213.76
876; 0.33195543192442; 12228.5581895781; 10985.25; 1211.1
877; 0.333584410683818; 12067.186778916; 10847.61; 1181.95
878; 0.33641906286459; 11862.7058932298; 10641.56; 1173.23
879; 0.336208930948687; 11706.1184325814; 10503.64; 1155.79
880; 0.325084374811649; 11583.209025342; 10448.03; 1128.22
881; 0.310698145201155; 11434.6335210427; 10326.28; 1152.3
882; 0.304402096794078; 11328.2304012034; 10242.01; 1152.42
883; 0.295991552184708; 11194.0821002437; 10137.62; 1152.47
884; 0.299533832861967; 11083.833988723; 10056.16; 1107.59
885; 0.29388834083299; 11008.9010940423; 10008.15; 1099.04
886; 0.295573865993017; 10937.3091079481; 9928.66; 1101.18
887; 0.296756211730129; 10888.2409206552; 9859.69; 1118.25
888; 0.305374095394877; 10842.3353774126; 9801.26; 1099.78
889; 0.316949738692908; 10833.2718921629; 9780.08; 1071.77
890; 0.328543732147313; 10838.69482381; 9765.36; 1053.55
891; 0.330406338429338; 10819.2557259137; 9743.04; 1050.25
892; 0.338397414812563; 10838.6684919783; 9746.33; 1040.64
893; 0.337975872253572; 10883.3167091576; 9787.54; 1045.08
894; 0.348416512810709; 10956.8253438785; 9883.65; 992.69
895; 0.342239680704898; 11023.3571093239; 9941.94; 1018.2
896; 0.3374297732939; 11148.240382109; 10078.39; 1021.5
897; 0.33568138609332; 11248.3385521035; 10166.26; 1038.42
898; 0.331649576683005; 11444.3736616482; 10361.05; 1052.08
899; 0.332668545248892; 11659.0839438862; 10562.47; 1061.55
900; 0.340167114128306; 11783.5873085682; 10658.14; 1065.27
901; 0.342957899474552; 11959.6697824405; 10815.55; 1073.99
902; 0.352511157862345; 12089.6262954974; 10934.36; 1054.89
903; 0.359064252136591; 12148.4757679311; 10970.1; 1056.18
904; 0.358966158470378; 12174.5702248773; 10989.16; 1062.6
905; 0.356577753977764; 12140.9147628275; 10939.43; 1084.08
906; 0.35059720996362; 12032.2260644617; 10849.15; 1085.5
907; 0.350361188540477; 11887.9281915267; 10697; 1093.26
908; 0.354775599613661; 11768.6465438695; 10555.74; 1099.4
909; 0.352998252111074; 11497.2998426809; 10321.72; 1070.79
910; 0.357641858906556; 11205.6243262237; 10040.56; 1047.26
911; 0.351812309267068; 10951.6548594839; 9836.75; 1018.61
912; 0.347636358027049; 10595.7828699553; 9509.29; 1004.41
913; 0.357376312450506; 10353.2983124702; 9284.93; 960.61
914; 0.357644915466887; 9940.46095999214; 8936.09; 902.24
915; 0.340508509982808; 9529.82318920997; 8593.23; 883.55
916; 0.336337162159637; 9281.5669927173; 8358.64; 881.31
917; 0.311476868998086; 8873.64430156527; 8044.06; 855.29
918; 0.315372548469968; 8554.49965754367; 7734.89; 834.43
919; 0.314961431233295; 8330.68419282897; 7536.13; 809.87
920; 0.309675748019605; 8004.60929085099; 7222.62; 810.56
921; 0.312650771786562; 7705.77967969811; 6930.99; 795.35
922; 0.315898267102753; 7517.18722586416; 6774.69; 754.29
923; 0.322637017640104; 7226.71031115794; 6509.7; 713.09
924; 0.329360120550904; 7047.42212447314; 6322.57; 706.08
925; 0.322449910375374; 6740.50950166265; 6075.18; 661.9
926; 0.329473709703214; 6487.20806239349; 5851.98; 618.42
927; 0.339286892808397; 6314.79739346328; 5694.31; 586.52
928; 0.343325516623106; 6059.85061666288; 5474.57; 546.66
929; 0.358146739196433; 5813.11443768892; 5224.19; 527.23
930; 0.351275018894311; 5604.45837938003; 5063.92; 493.33
931; 0.364018940693196; 5295.25973739194; 4795.95; 439.69
932; 0.378820311589208; 4957.16665157253; 4487.67; 397.23
933; 0.395484840407279; 4698.8834272972; 4237.99; 373.47
934; 0.378016690379136; 4240.74106553472; 3829.38; 348.69
935; 0.375746965734723; 3756.7642924415; 3399.61; 304.54
936; 0.355298717824737; 3422.73079812833; 3113.15; 279.13
937; 0.360450989486366; 2947.74083844341; 2671.98; 245.05
938; 0.341531913097867; 2494.69752692222; 2270.22; 210.5
939; 0.338651827226475; 2232.93246154219; 2025.85; 195.82
940; 0.330881933359851; 1909.34846525026; 1739.17; 164.68
941; 0.30410519727011; 1673.62270006704; 1539.66; 141.03
942; 0.32276342115369; 1570.5269346585; 1436.09; 133.33
943; 0.28887824772741; 1457.59396134206; 1341.6; 128.52
944; 0.255762844179017; 1398.94455224126; 1307.75; 114.11
945; 0.287892565279963; 1401.21708421799; 1303.6; 108.5
946; 0.31315588742331; 1433.71709251943; 1333.04; 102.86
947; 0.28640626815342; 1478.23247522001; 1384.03; 105.22
948; 0.328025011455602; 1528.76604487653; 1417.49; 108.51
949; 0.330001136310208; 1599.42231443869; 1484.51; 111.37
950; 0.382632265523303; 1703.04534940285; 1568.46; 112.48
951; 0.371231654335951; 1773.24788453298; 1620.7; 131.39
952; 0.371929553215015; 1864.60640400293; 1706.44; 135.96
953; 0.360688608450631; 1957.90015766283; 1789.69; 149.08
954; 0.344794983102406; 2019.85780101365; 1842.76; 164.17
955; 0.334880096527334; 2121.90944665234; 1938.47; 175.06
956; 0.323989078452458; 2218.57861885323; 2015.74; 200.06
957; 0.297944598458798; 2271.20799724636; 2074.84; 210.58
958; 0.280633015072772; 2346.40267450455; 2159.3; 213
959; 0.292433912835278; 2427.92536395939; 2226.2; 220.35
960; 0.32064641709671; 2482.33609424276; 2258.64; 222.82
961; 0.352766019862517; 2546.55871882013; 2314.58; 210.01
962; 0.360854156909111; 2592.02739685317; 2345.94; 217.76
963; 0.358582324883603; 2614.55791364958; 2377.95; 210.67
964; 0.391837851174149; 2646.8957011877; 2403.17; 198.57
965; 0.399296627146651; 2672.60219330437; 2419.1; 202.65
966; 0.356478242778165; 2680.81570130118; 2426.53; 227.67
967; 0.328188703253932; 2675.11890051935; 2436.22; 232.3
968; 0.302402097539678; 2684.65659782466; 2439.28; 258.91
969; 0.287658738379802; 2682.5375042879; 2457.72; 249.35
970; 0.291356760533311; 2675.91519646483; 2448.04; 249.5
971; 0.286477402174982; 2671.8118276822; 2440.34; 257.72
972; 0.289095804770374; 2668.36951110705; 2421.76; 272.06
973; 0.299733859558209; 2668.10219690503; 2416.98; 267.17
974; 0.320786399901653; 2674.46081464232; 2393.48; 279.29
975; 0.344364112219993; 2658.16593357094; 2372.9; 264.1
976; 0.363138031019836; 2649.95034122488; 2358.57; 255.78
977; 0.333902049705187; 2610.57412773008; 2340.52; 257.79
978; 0.345338656513836; 2590.03301550608; 2317.54; 251.47
979; 0.34899819863976; 2551.58249981839; 2296.03; 233.34
980; 0.350409997798019; 2530.90687549366; 2284.47; 224.08
981; 0.330023291503197; 2490.07030361326; 2262.27; 219.9
982; 0.307443297982273; 2446.15593028362; 2224.51; 229.65
983; 0.314308623503018; 2416.30392668801; 2195.53; 223.72
984; 0.329262575682391; 2397.44790718669; 2155.5; 234.01
985; 0.332553813425144; 2350.4533347598; 2110.01; 230.23
986; 0.335745525300983; 2308.86938224294; 2070.23; 226.3
987; 0.321024799854087; 2267.28937111235; 2046.29; 219.16
988; 0.32980937495742; 2224.37182347965; 2015.81; 201.29
989; 0.332783801576382; 2186.88271310839; 1986.92; 191.24
990; 0.331713789032237; 2162.28767883624; 1966.94; 187.41
991; 0.351057667522993; 2120.40309872938; 1937.5; 165.78
992; 0.325568419665265; 2075.43428611083; 1901.91; 169.57
993; 0.330518434929371; 2034.70318889598; 1861.38; 166.82
994; 0.347794731793616; 2013.00249716779; 1832.46; 165.12
995; 0.36165762076769; 1972.79059867278; 1794.05; 157.19
996; 0.370968421346256; 1931.35990615529; 1758.97; 147.78
997; 0.338567910305586; 1890.98757988152; 1716.4; 163.97
998; 0.304657740791246; 1854.32974410609; 1688.1; 173.48
999; 0.281615398892467; 1801.63503429954; 1650.03; 171.14
1000; 0.276189051916222; 1770.29144578909; 1609.02; 185.61
1001; 0.278486787587862; 1738.39702546854; 1580.42; 180.3
1002; 0.255610032406779; 1689.54828442803; 1546.21; 178.21
1003; 0.255004627053312; 1644.94811601402; 1497.81; 183.35
1004; 0.250720016539367; 1599.13851317903; 1460.1; 176.2
1005; 0.302160139653611; 1587.65187655398; 1449.53; 145.22
1006; 0.335136675537331; 1561.98427553883; 1418.88; 135.64
1007; 0.344422367926933; 1522.29326072453; 1397.07; 115.48
1008; 0.310293921390543; 1488.31123350352; 1356.36; 135.05
1009; 0.327698738868191; 1463.56426915548; 1334.93; 124.65
1010; 0.337264098297915; 1438.95080883484; 1309.48; 121.89
1011; 0.32797948795465; 1397.84803798873; 1286.97; 107.33
1012; 0.270466214112538; 1349.26012805809; 1248.79; 117.92
1013; 0.285016439395947; 1329.8434754049; 1229.48; 111.77
1014; 0.247138327269911; 1281.61181601109; 1199.46; 105.5
1015; 0.258884886942821; 1254.81048928861; 1179.87; 91.86
1016; 0.284394444884341; 1216.07033083679; 1146.33; 77.81
1017; 0.265742341074853; 1188.18929990863; 1130.63; 68.72
1018; 0.302516470505509; 1166.59626533577; 1094.13; 75.99
1019; 0.345101762796067; 1133.58906952082; 1067.69; 60.57
1020; 0.330290752998457; 1103.12923938485; 1039.75; 60.86
1021; 0.325562665108114; 1087.15482352281; 1011.01; 74.17
1022; 0.362048835149154; 1063.26461741266; 975.94; 76.48
1023; 0.418927976612427; 1051.31494448927; 958.07; 70.57
1024; 0.360696950716398; 1024.05176133688; 929.97; 82.69
1025; 0.360148446795697; 1006.18645293224; 912.36; 82.58
1026; 0.373370477641252; 992.883008734032; 884.67; 91.86
1027; 0.372909029264983; 967.880124114809; 867.05; 85.69
1028; 0.374295710584044; 943.40816162164; 851.71; 77.63
1029; 0.405860642624408; 925.531018481355; 842.96; 64.46
1030; 0.33923513521209; 890.574190293454; 821.84; 64.19
1031; 0.553220903380474; 872.281801086693; 808.78; 36.36
1032; 0.571376012781845; 849.28216922128; 792.89; 31.26
1033; 0.625528498545349; 821.420137140027; 772.16; 24.94
1034; 1.035652338345; 810.650763169117; 763; 14.57
1035; 1.62225921035042; 792.347000663278; 737.68; 10.67
1036; 0.915467178508707; 765.685629517126; 715.72; 17.28
1037; 0.718884865112169; 756.662936076315; 697.53; 26.04
1038; 0.675202993787503; 738.350722624319; 687.69; 23.75
1039; 0.555173030481707; 673.150383522296; 748.47; -42.94
1040; 0.704450159737644; 755.06786974211; 651.18; 46.67
1041; -14.4845667507289; 744.831879958256; 653.74; -1.99
