# 20/02/2019 16:24:36
# NanoCalc data
# Original file name: C:\SVA_DATA\StudentProjects\2018_Nathan\homopolymer_swelling\PSswellingrun2_378.dat
# Fit Result : Fitness; Thickness 1; Thickness 2; Thickness 3 
# Fit Result : 0.148488510014489; 2; 319.9; -1
# comment:PS id:350 ref:topsiloptics swelling run2 
#
# WaveLength; Reflectance; Raw Intensity; Dark Intensity; Reference Intensity
400; 0.167879605988353; 4083.07723344954; 3879.71; 587.4
401; 0.145782830548231; 4192.77977583279; 4007.34; 614.14
402; 0.157664306895823; 4297.67328048571; 4089.31; 635.26
403; 0.143416909607277; 4393.05880159802; 4198.31; 650.03
404; 0.136518847940769; 4494.14390082043; 4308.46; 648.35
405; 0.136906640428058; 4651.925301824; 4456.61; 677.41
406; 0.132169571641832; 4754.77178475327; 4564.45; 681.07
407; 0.118084089367786; 4864.75754988049; 4693.78; 682.14
408; 0.111169414901201; 4955.81652469339; 4786.79; 713.46
409; 0.118870611598391; 5076.29391774779; 4891.06; 728.51
410; 0.119747762086642; 5239.22741784359; 5047.52; 745.65
411; 0.120992108220482; 5331.62612676745; 5133.46; 760.15
412; 0.126458574319168; 5419.72929232345; 5207.85; 774.86
413; 0.126788477062746; 5499.44725691988; 5289.87; 761.9
414; 0.137131736940641; 5637.20491003713; 5399.05; 797.8
415; 0.137793673941182; 5727.96897696704; 5484.45; 809.18
416; 0.133858390426184; 5801.15641623233; 5567.21; 797.56
417; 0.137296718990841; 5889.72043551675; 5640.47; 825.71
418; 0.147208839398959; 6021.97487106415; 5745.32; 851.93
419; 0.147684180980449; 6114.05904099477; 5837.55; 846.21
420; 0.1574136509186; 6238.35729050603; 5937.53; 861.15
421; 0.156559973856631; 6356.35040011248; 6056.08; 861.72
422; 0.172252859251704; 6550.54237517079; 6206.92; 893.67
423; 0.182784791703554; 6695.75931699933; 6325.75; 904.16
424; 0.195071307858923; 6848.14024326107; 6447.44; 914.76
425; 0.201500631880931; 7007.54232220335; 6588.07; 924.54
426; 0.212673800973941; 7248.34388909539; 6798.69; 936.44
427; 0.222619647276982; 7426.53334815328; 6950.42; 944.65
428; 0.226102116005763; 7592.14323704585; 7093.04; 972.34
429; 0.235319872468449; 7753.54675190984; 7222.32; 991.93
430; 0.232412746105747; 7976.36253956697; 7438.56; 1014.23
431; 0.237262731523446; 8135.89311040309; 7568.54; 1045.51
432; 0.240636883539872; 8258.73350426793; 7669.88; 1067.25
433; 0.237714509738834; 8369.1432235875; 7773.46; 1090.28
434; 0.234531914001719; 8535.15495612004; 7941.66; 1098.36
435; 0.238055047595693; 8666.17724691916; 8032.82; 1152.29
436; 0.239350374932602; 8759.76032596557; 8119.6; 1155.85
437; 0.242055331710013; 8877.4785509081; 8215.7; 1178.81
438; 0.258719468627633; 9081.93142880935; 8367.16; 1188.44
439; 0.259349486789619; 9176.20463441008; 8444.76; 1210.44
440; 0.261689848545308; 9293.92690559698; 8551.57; 1214.72
441; 0.260469432064437; 9399.62999882505; 8656.01; 1219.77
442; 0.262893186124271; 9591.95526992405; 8831.26; 1233.49
443; 0.272879268224283; 9718.01721837081; 8939.09; 1214.16
444; 0.271301929358101; 9869.47820336718; 9072.21; 1247.24
445; 0.270389471283524; 10007.8048669296; 9218.16; 1236.69
446; 0.274664644422626; 10217.2192985429; 9418.63; 1228.42
447; 0.277127226061401; 10409.2998096352; 9595.14; 1238.58
448; 0.279177767788954; 10618.3727900764; 9790.25; 1247.85
449; 0.285033806996951; 10931.3531623469; 10077.07; 1258.16
450; 0.292856157555718; 11167.4773174687; 10261.67; 1295.63
451; 0.300346619124683; 11391.4094935999; 10465.9; 1288.2
452; 0.302614037676271; 11609.5306758849; 10678.16; 1284.02
453; 0.314158159924283; 11988.6360335565; 10993.19; 1319.32
454; 0.316232811850035; 12270.8122254199; 11215.2; 1387.13
455; 0.318259891207313; 12500.9808556673; 11425.23; 1401.85
456; 0.322207456116822; 12779.2035761018; 11656.99; 1441.68
457; 0.332552296448912; 13202.0922675565; 11991.27; 1504.28
458; 0.332662696371407; 13496.8170654274; 12256.59; 1537.35
459; 0.332999026082766; 13749.437260295; 12478.81; 1570.51
460; 0.333719048562711; 14021.1772554317; 12672.85; 1659.84
461; 0.3285717022071; 14388.1148816633; 13002.92; 1728.72
462; 0.332234824011894; 14615.8584211085; 13194.8; 1750.65
463; 0.33096850605483; 14855.0148159023; 13420.38; 1770.92
464; 0.335708466192299; 15275.0876882877; 13767.34; 1831.55
465; 0.340040488344966; 15557.4958760446; 14013.55; 1848.43
466; 0.348361974948074; 15854.9670997306; 14250.15; 1872.12
467; 0.350571749212429; 16150.6010982111; 14496.25; 1914.52
468; 0.359769068981722; 16718.2788050604; 14972.09; 1965.82
469; 0.364025147789859; 17089.8814685595; 15298.15; 1990.22
470; 0.369712597180515; 17489.4721027458; 15628.65; 2031.84
471; 0.371679462695679; 17967.6977488711; 16052.96; 2076.24
472; 0.378437287339855; 18694.984555475; 16671.97; 2150.98
473; 0.374253350587546; 19172.6303865047; 17105.98; 2218.37
474; 0.369593241208518; 19705.95204366; 17593.16; 2292.79
475; 0.373843257542497; 20667.1064971812; 18454.04; 2370.51
476; 0.369619980350306; 21267.6202817085; 19026.18; 2424.39
477; 0.376300214028771; 21987.8467373269; 19644.74; 2485.41
478; 0.377297648609883; 22816.1804163567; 20382.52; 2570.48
479; 0.376717872598895; 23965.5389926401; 21398.92; 2710.86
480; 0.378361943924509; 24782.6072124146; 22101.79; 2814.77
481; 0.384376144787055; 25607.8507190963; 22814.87; 2882.32
482; 0.384291885569039; 26845.1968878179; 23905.63; 3029.69
483; 0.384273265443164; 27655.9638810472; 24625.21; 3119.24
484; 0.387122561515154; 28456.2704552181; 25326.6; 3192.56
485; 0.389018185648831; 29270.3834600447; 26037.35; 3277.01
486; 0.388763695831037; 30331.4047834058; 26968.07; 3406.11
487; 0.385375707722231; 31002.5954299636; 27590.49; 3480.62
488; 0.387229776628168; 31683.5891632222; 28238.74; 3491.9
489; 0.387044578288131; 32324.7121146473; 28832.56; 3536.48
490; 0.39281566895478; 33238.7555193981; 29602.73; 3622.88
491; 0.3907903500898; 33777.463865755; 30093.52; 3684.84
492; 0.394033347413084; 34317.8517337703; 30535.42; 3747.31
493; 0.391739174351518; 35009.1721822402; 31155.89; 3835
494; 0.39538999836117; 35467.5140578554; 31543.93; 3864.09
495; 0.393763684141327; 35884.3550002739; 31943.61; 3892.15
496; 0.393112915748117; 36455.1460966169; 32475.12; 3932.61
497; 0.394352172961722; 36848.8559534489; 32811.79; 3971.53
498; 0.390924679641978; 37187.2522909634; 33145.13; 4006.41
499; 0.39494682137284; 37615.2403574564; 33528.57; 4004.25
500; 0.384635359846341; 38110.9444833694; 34045.25; 4085.41
501; 0.381916507956396; 38451.4780022247; 34411.09; 4083.6
502; 0.379376506004258; 38811.4989400994; 34785.49; 4090.91
503; 0.377881236780713; 39334.7829054; 35280.64; 4130.52
504; 0.374958902112886; 39722.8997625591; 35648.81; 4177.84
505; 0.379206776456186; 40183.7163131086; 36028.85; 4207.93
506; 0.374265809877694; 40581.6154295733; 36418.92; 4266.42
507; 0.373068552915416; 41249.1630339853; 36984.21; 4380.21
508; 0.375936702305625; 41665.7649137917; 37348.87; 4394.66
509; 0.37634269655852; 42091.6992874348; 37773.59; 4386.29
510; 0.377353614483158; 42806.6511640294; 38431.4; 4427.4
511; 0.385022796006735; 43357.2011737353; 38870.67; 4444.52
512; 0.389372681489569; 43888.0006599351; 39297.85; 4491.25
513; 0.390011710209095; 44573.5068727459; 39940.14; 4521.05
514; 0.387566688661191; 45055.5434145222; 40368.94; 4596.58
515; 0.387899007329581; 45529.2512850804; 40784.87; 4644.04
516; 0.384899853300649; 45957.5950116689; 41168.74; 4718.67
517; 0.384722938808289; 46681.8557784017; 41758.69; 4847.65
518; 0.37971858862923; 47118.4718239414; 42135.74; 4965.34
519; 0.374739124183999; 47567.1156525834; 42543.16; 5067.19
520; 0.366868806690944; 48192.6766062124; 43150.1; 5189.3
521; 0.362071270278727; 48616.6975869051; 43588.6; 5237.37
522; 0.362736540350179; 49069.1799094186; 43994.16; 5270.91
523; 0.360076528173006; 49708.1508541839; 44649.95; 5286.71
524; 0.361730028765163; 50179.2624797249; 45111.24; 5267.23
525; 0.360740676346447; 50611.9281241354; 45486.44; 5336.08
526; 0.356510690728543; 51190.7335515604; 46109.8; 5346.95
527; 0.354990517715831; 51578.1508084048; 46489.36; 5372.87
528; 0.353373816382004; 51914.1906957695; 46848.18; 5367.87
529; 0.346587600603794; 52183.5960841199; 47152.18; 5430.24
530; 0.346252239584284; 52602.4640225634; 47540.28; 5463.47
531; 0.343078318057271; 52824.1176392737; 47725.2; 5548.94
532; 0.338066525949904; 52997.3076677147; 47915.08; 5607.62
533; 0.330379318305217; 53194.1697778113; 48188.92; 5645.99
534; 0.328311401049925; 53360.1053238348; 48323.49; 5711.89
535; 0.32526340516842; 53530.08574188; 48452.04; 5806.75
536; 0.319673386554847; 53695.0636371596; 48701.61; 5803.91
537; 0.317883001417707; 53850.0146363957; 48848.28; 5839.98
538; 0.312326858268802; 53965.2156906748; 49040.57; 5845.94
539; 0.311804670911795; 54247.8662144357; 49354.18; 5813.06
540; 0.306938891332646; 54354.7401074273; 49531.13; 5814.78
541; 0.312184149174882; 54673.5432250246; 49764.19; 5813.86
542; 0.309457956322493; 54977.7585332608; 50112.64; 5807.38
543; 0.311527673850938; 55206.1187252496; 50340.57; 5764.78
544; 0.310030217032491; 55481.665638441; 50577.91; 5833.52
545; 0.311216346463857; 55870.7618505016; 50922.01; 5859.84
546; 0.310629944887498; 56132.3747171341; 51192.1; 5856.07
547; 0.309788213747118; 56392.072782716; 51473.06; 5841.64
548; 0.31043261895907; 56875.598985492; 51889.91; 5903.55
549; 0.307795334312727; 57078.0287581708; 52111.45; 5926.15
550; 0.303476143830895; 57317.8177448798; 52411.31; 5932.77
551; 0.299959334030841; 57578.3661943321; 52762.8; 5886.08
552; 0.296477139109145; 57944.4888924527; 53234.48; 5819.73
553; 0.290338738959857; 58136.6205340356; 53497.77; 5848.16
554; 0.284421454718734; 58379.2510201265; 53782.53; 5910.57
555; 0.278380621966438; 58702.6027549238; 54178.77; 5938
556; 0.278474894645201; 59011.4440728908; 54506.65; 5905.8
557; 0.273028238048347; 59278.077829304; 54860.33; 5902.16
558; 0.267540846984519; 59755.2279805452; 55420.29; 5905.24
559; 0.263009358430572; 60141.0929169333; 55810.51; 5995.79
560; 0.260099474097792; 60532.1754436491; 56209.19; 6047.02
561; 0.255873529206496; 61279.8172565577; 56981.81; 6106.26
562; 0.252616451988579; 61803.6714340757; 57482.48; 6212.98
563; 0.245254549078654; 62375.0542460328; 58117.91; 6299.5
564; 0.237805173016781; 63199.3640765149; 58992.24; 6415.27
565; 0.235182745055869; 63760.6222065753; 59567.68; 6460.18
566; 0.232118423659517; 64247.077424611; 60075.18; 6507.81
567; 0.227306665023639; 64879.5825399204; 60727.68; 6609.19
568; 0.223147170860503; 65179.6399751866; 61032.05; 6720.78
569; 0.219989110294239; 65373.9453477583; 61281.45; 6721.9
570; 0.22120553553916; 65514.5648966904; 61454.25; 6627.63
571; 0.22309734937949; 65474.9384009821; 61385.47; 6613.52
572; 0.225028431962925; 65429.7512813041; 61345.78; 6542.73
573; 0.217604836027927; 65065.1912784076; 61091.63; 6577.76
574; 0.213420605018102; 64763.7922947764; 60848.44; 6603.01
575; 0.212693395810123; 64371.9410267665; 60514.05; 6523.12
576; 0.213380633936744; 64204.5435996166; 60351.55; 6488.82
577; 0.210851443799131; 63947.6712225909; 60126.02; 6508.18
578; 0.202143418686731; 63596.0084851563; 59920.74; 6523.44
579; 0.196817814634149; 63384.2802669215; 59829.93; 6474.65
580; 0.190965816723251; 63178.9389125535; 59712.75; 6502.64
581; 0.190012341069529; 62978.7908161473; 59533.62; 6491.09
582; 0.192815531447308; 62916.7808510323; 59451.05; 6430.38
583; 0.19205336528295; 62808.1110211516; 59373.38; 6393.83
584; 0.183818587435661; 62575.2781067149; 59326.92; 6313.68
585; 0.182645724069052; 62494.2196950501; 59266.51; 6309.73
586; 0.180136161574455; 62405.9466199938; 59208.17; 6334.18
587; 0.178860017268434; 62232.1318476666; 59075.34; 6293.68
588; 0.177848649160619; 62133.6976299888; 59000.06; 6279.12
589; 0.175310113133152; 62029.8249864523; 58963.16; 6230.17
590; 0.16373560101353; 61861.7467001568; 58972.58; 6280.55
591; 0.16154520681278; 61797.9224193658; 58939.57; 6293.86
592; 0.159803358260065; 61806.3601025707; 58962.25; 6326.78
593; 0.156546849561562; 61842.8441881637; 59051.12; 6335.44
594; 0.15092609526848; 61836.4949870085; 59147.81; 6324.85
595; 0.146700825769199; 62048.0748723179; 59427.23; 6338.83
596; 0.142462163860679; 62211.79971847; 59665.62; 6337.46
597; 0.141012166709522; 62470.0150767812; 59944.02; 6347.85
598; 0.140793839146938; 62936.4927988627; 60393.89; 6395.44
599; 0.137479301390256; 63322.3150303148; 60802.07; 6487.92
600; 0.136266162561992; 63754.4074524062; 61237.82; 6532.03
601; 0.131894070621299; 64523.6486113758; 62041.86; 6651.01
602; 0.131854479572202; 65154.3419912486; 62650.31; 6708.55
603; 0.131125578366036; 65755.0435482263; 63222.38; 6818.63
604; 0.130458797571252; 66598.4675913426; 64036.27; 6928.98
605; 0.125883676177607; 67124.361866362; 64614.62; 7029.5
606; 0.123841028469236; 67736.4978162494; 65221.81; 7155.15
607; 0.122588856672291; 68397.5855108171; 65873.44; 7250.98
608; 0.118907661214728; 68686.0434020133; 66200.38; 7356.98
609; 0.116855070406989; 69047.7639636461; 66601.85; 7361.97
610; 0.116455566130224; 69137.8399389084; 66682.86; 7410.05
611; 0.114113520016609; 69195.9051006419; 66786.45; 7417.54
612; 0.112910645851988; 69196.638303139; 66791.58; 7478.27
613; 0.111547732932535; 69082.9478229282; 66702.29; 7488.22
614; 0.109805457851941; 68822.5565599596; 66476.34; 7492.56
615; 0.10598789023256; 68403.0251376945; 66175.42; 7365.66
616; 0.106657212686384; 68110.3355382211; 65861.29; 7385.31
617; 0.101944204048263; 67456.1458731333; 65314.7; 7352.93
618; 0.0991070662434873; 67039.1201221922; 64964.5; 7323.06
619; 0.0976507688951411; 66604.5093233557; 64576.59; 7261.07
620; 0.0931270272922458; 65896.8290846094; 63983.5; 7179.7
621; 0.0905371336471882; 65412.3553492588; 63569.06; 7111.14
622; 0.0878163744200681; 64981.3534598257; 63221.37; 6996.53
623; 0.0830733166818453; 64291.491733806; 62632.13; 6969.79
624; 0.0792776412827507; 63889.5657027386; 62344; 6799.35
625; 0.081692064928071; 63413.6444129094; 61836.57; 6729.66
626; 0.0820059272203721; 63071.2677668832; 61503.34; 6661.8
627; 0.0798590012262757; 62691.7521342765; 61171.85; 6628.34
628; 0.0773490358711727; 62177.9037288103; 60729.71; 6517.4
629; 0.0784792586279551; 61912.1096137309; 60451.26; 6476.72
630; 0.0776322823242105; 61600.3765712578; 60160.41; 6450.84
631; 0.0744374140208701; 61185.1047494983; 59813.31; 6406.46
632; 0.0733048557154769; 60924.7145747059; 59575.32; 6396.47
633; 0.0679268633487026; 60483.8760207967; 59248.97; 6314.52
634; 0.0659656914070081; 60233.2357183342; 59029.26; 6336.49
635; 0.0652862075492654; 60010.1316151915; 58822.84; 6310.28
636; 0.0636194035868816; 59718.4552554415; 58565.78; 6283.38
637; 0.0593618931984757; 59453.8557352079; 58378.52; 6278.42
638; 0.0598365325897584; 59297.6019391843; 58214.2; 6271.55
639; 0.0637607787809553; 59038.761760397; 57895.48; 6207.28
640; 0.0667384086456616; 58881.6967857323; 57681.02; 6224.28
641; 0.0705061774117044; 58654.155353472; 57374.86; 6274.18
642; 0.0698949192129545; 58469.4808570653; 57214.97; 6203.21
643; 0.0697316783656383; 58322.1224183969; 57065.53; 6224.99
644; 0.0691209060280652; 58014.0271850369; 56769.63; 6215.99
645; 0.0710709516096345; 57858.8396089328; 56584.01; 6190.59
646; 0.0717927974439931; 57608.557415738; 56324.07; 6171.91
647; 0.068259022981331; 57420.2054138041; 56198.9; 6169.62
648; 0.0651547991252707; 57225.9033091197; 56065.68; 6137.8
649; 0.0604296047533076; 57011.6198212731; 55942.91; 6093.1
650; 0.0599916918537343; 56892.9213861232; 55818.01; 6170.5
651; 0.0582120310332835; 56729.6494690439; 55697.69; 6102.2
652; 0.0565234734381733; 56630.3362633914; 55641.02; 6021.82
653; 0.0569051751685998; 56573.8725358727; 55581.12; 5999.23
654; 0.0521570764903597; 56444.6293630501; 55540.87; 5955.84
655; 0.0528554379705862; 56375.9699409552; 55455.46; 5983.63
656; 0.0505660753051917; 56223.3546085291; 55344.5; 5969.06
657; 0.0468441700847997; 56084.0758184269; 55277.63; 5910.38
658; 0.0456826880413471; 55979.688523204; 55204.34; 5824.9
659; 0.0505394963229468; 55906.5090068677; 55047.55; 5830.51
660; 0.0489951892664935; 55764.7759297897; 54929.62; 5845.22
661; 0.051060379175583; 55568.6584266059; 54683.01; 5944.59
662; 0.0537247178185033; 55492.0468711325; 54559.22; 5947.6
663; 0.0569874881472761; 55419.24040748; 54426.12; 5966.33
664; 0.0590258875426604; 55263.9596510438; 54230.29; 5992.13
665; 0.0623072021928967; 55161.0657555734; 54065.22; 6015.71
666; 0.059247001825646; 54957.8264882884; 53920.99; 5983.47
667; 0.0608787377091252; 54832.5617036198; 53757.4; 6036.38
668; 0.0643850671709791; 54740.2500566062; 53603.39; 6033.4
669; 0.0652814053178808; 54532.4549472187; 53389.22; 5981.63
670; 0.0666284678099087; 54426.0262796912; 53265.52; 5946.95
671; 0.0674321998501135; 54255.1495733828; 53105.39; 5818.38
672; 0.0679997923652147; 54139.1297398414; 52987.27; 5777.1
673; 0.0696894541513334; 53998.1457703752; 52821.18; 5756.48
674; 0.0763555938354774; 53826.7555394753; 52532.53; 5774.1
675; 0.0783053535267318; 53655.0000852781; 52340.42; 5716.33
676; 0.0799139301320034; 53369.5857066276; 52024.9; 5726.99
677; 0.0783404420102458; 53107.712898232; 51790.68; 5720.01
678; 0.0782644135807482; 52705.9079356774; 51400.6; 5672.57
679; 0.0776023410738558; 52429.55120191; 51139.47; 5652.21
680; 0.0802562589099329; 52150.1092027296; 50812.34; 5665.47
681; 0.0816464896320079; 51762.8834675145; 50417.7; 5597.86
682; 0.0820860284026091; 51507.3074733203; 50168.59; 5538.97
683; 0.0830598655507471; 51183.5878150256; 49834.37; 5514.82
684; 0.085891964705576; 50970.0070376743; 49588.97; 5456.79
685; 0.0890812323836628; 50673.9573602697; 49271.52; 5340.88
686; 0.089745696178836; 50427.6071861225; 49008.94; 5360.76
687; 0.0912190076165186; 50225.6693320772; 48792.9; 5324.53
688; 0.0952524296229526; 49951.5615595028; 48456.63; 5318.38
689; 0.0969847692099169; 49736.6823196738; 48215.91; 5311.76
690; 0.10075012300753; 49437.3437643177; 47879.45; 5236.01
691; 0.102981306195964; 49194.6965631521; 47628.27; 5148.61
692; 0.104490970023261; 48974.5366456289; 47360.01; 5227.99
693; 0.106972334803754; 48617.3491014764; 46961.94; 5233.98
694; 0.107432169099053; 48372.2959181396; 46726.11; 5180.51
695; 0.106863782552605; 47937.6490612936; 46292.43; 5202.81
696; 0.106008953330586; 47680.1596553629; 46081.86; 5093.04
697; 0.109441197284559; 47311.4913143498; 45648.74; 5129.93
698; 0.110294978922305; 47046.5854276602; 45374.87; 5115.5
699; 0.112304124672922; 46680.060816985; 44988.06; 5082.95
700; 0.115139999682251; 46485.4081082838; 44752.14; 5076.68
701; 0.116939090777873; 46287.7064592335; 44551.71; 5004.93
702; 0.121884939396547; 46024.6454373271; 44233.82; 4951.85
703; 0.120674903454253; 45800.606747138; 44031.22; 4940.13
704; 0.116489403027772; 45468.0760414357; 43744.41; 4983.88
705; 0.116096637812257; 45235.4302783049; 43524.07; 4963.08
706; 0.115466971418092; 44930.0023058249; 43266.29; 4849.44
707; 0.110082515197373; 44684.8015605635; 43109.56; 4814.1
708; 0.109046434501089; 44448.2902257824; 42926.44; 4693.12
709; 0.106010055988258; 44101.4177172218; 42623.37; 4686.88
710; 0.104697289090391; 43842.8135953089; 42372.11; 4720.34
711; 0.112388525274677; 43573.8484336848; 42024.52; 4631.4
712; 0.115612492135298; 43379.1716915776; 41817.41; 4537.41
713; 0.116891411162173; 43062.471636013; 41486.97; 4526.28
714; 0.11776988448183; 42777.3871037022; 41181.55; 4549.67
715; 0.122575750651216; 42425.761586266; 40777.14; 4514.36
716; 0.119790322764649; 42103.5245692784; 40498.7; 4495.24
717; 0.11938737067326; 41757.8886000507; 40182.43; 4426.12
718; 0.119926830053334; 41276.9753852244; 39722.66; 4345.35
719; 0.113667314880261; 40868.6794187385; 39409.62; 4301.83
720; 0.112581587799539; 40298.3745069886; 38871.98; 4244.39
721; 0.112122161792327; 39963.2551008538; 38550.7; 4218.88
722; 0.113135706031612; 39485.2266475874; 38073.41; 4177.36
723; 0.115676133887394; 39181.0274767673; 37756.27; 4121.55
724; 0.123733346115479; 38809.0504258685; 37284.74; 4120.88
725; 0.125103139724136; 38587.0989739159; 37039.12; 4137.52
726; 0.128819785963163; 38360.2875536417; 36788.59; 4078.21
727; 0.132446984495304; 38275.8647062741; 36660.03; 4076.41
728; 0.13458090543789; 38195.7157121137; 36555.23; 4071.6
729; 0.142208943499726; 38122.3965247372; 36422.18; 3992.39
730; 0.142100537441062; 38058.0254197906; 36362.89; 3982.39
731; 0.142842508901999; 38052.4947677522; 36331.72; 4021.25
732; 0.146862005868064; 38103.7966624069; 36330.31; 4030.5
733; 0.15474595197977; 38199.7972811083; 36304.53; 4087.31
734; 0.160424310048903; 38235.7975476866; 36263.81; 4101.85
735; 0.1658161949187; 38237.7969305513; 36206.03; 4087.76
736; 0.166334049459001; 38233.6801973568; 36191.32; 4095.14
737; 0.168648387108287; 38236.6196361695; 36142.71; 4139.48
738; 0.169009202937226; 38158.9941508542; 36079.48; 4100.85
739; 0.171015119738484; 38097.4684726935; 36014.4; 4058.17
740; 0.172056288648863; 38027.4721598756; 35942.82; 4035.18
741; 0.167936328197604; 37965.9386946808; 35949.3; 3997.93
742; 0.169785050060604; 37961.1166865048; 35947.06; 3948.11
743; 0.16572525027991; 37962.8826399503; 35994.6; 3951.55
744; 0.166840468039177; 38085.2931096523; 36108.39; 3940.98
745; 0.169453185019646; 38233.9467086354; 36221.33; 3948.84
746; 0.169652032367679; 38523.1389756467; 36516.3; 3931.42
747; 0.173569191332472; 38733.9433136563; 36674.41; 3942.12
748; 0.17782003624689; 39007.2106014051; 36895.62; 3943.79
749; 0.178907744404482; 39100.3247749273; 36969.51; 3954.39
750; 0.183976529201136; 39125.5119916079; 36938.78; 3945.37
751; 0.188430219614418; 39093.2608680222; 36868.3; 3919.34
752; 0.190486913026082; 38861.3097292541; 36634.37; 3880.23
753; 0.196222229489994; 38651.0544613464; 36350.52; 3891.18
754; 0.195650436979837; 38102.275237121; 35799.43; 3906.23
755; 0.197256077788243; 37701.8720065813; 35425.85; 3828.35
756; 0.198108399773728; 37062.7795313198; 34827.03; 3743.38
757; 0.19953619114482; 36639.061439588; 34410.79; 3702.66
758; 0.197131897761291; 36003.20093026; 33811.43; 3684.93
759; 0.198843433225775; 35613.954948966; 33440.04; 3621.75
760; 0.202092899574457; 35271.6640799726; 33139.18; 3493.96
761; 0.207036931931303; 34741.5312381984; 32613.99; 3401.02
762; 0.211903222258833; 34440.0708273122; 32292.61; 3352.45
763; 0.215345230449967; 33959.4434924319; 31771.54; 3359.62
764; 0.222052841692616; 33684.3415580223; 31448.33; 3328.52
765; 0.223954365085102; 33227.5953089783; 31036.39; 3233.82
766; 0.226138920225778; 32957.2333898539; 30772.39; 3192.98
767; 0.227441101700037; 32504.3867275732; 30284.41; 3225.85
768; 0.224500494992302; 32193.1712199496; 29988.76; 3245.29
769; 0.218251771376573; 31750.99514548; 29632.01; 3208.64
770; 0.220219292693517; 31512.2594417976; 29416.24; 3145.31
771; 0.216585915580984; 31136.5992954113; 29114.84; 3083.51
772; 0.212353227238111; 30884.1365621773; 28894.55; 3093.66
773; 0.213344699820436; 30522.0073157626; 28544.39; 3059.41
774; 0.213555211076186; 30304.1939930507; 28321.23; 3063.21
775; 0.21495375109688; 29987.3506506133; 28009.35; 3034.61
776; 0.219837247319968; 29799.101944938; 27784.78; 3020.54
777; 0.222725561669861; 29451.2596144346; 27440.76; 2974.96
778; 0.2249223041152; 29246.4531445856; 27225.52; 2960.35
779; 0.235436431052321; 28945.5280302081; 26867.33; 2907.64
780; 0.238125805839903; 28744.121078476; 26670.64; 2867.55
781; 0.243399403962229; 28454.1328068292; 26351.76; 2843.88
782; 0.247512909769409; 28233.898941056; 26139.45; 2785.37
783; 0.244866305478866; 27873.1418338988; 25815.51; 2765.37
784; 0.244365469125403; 27683.2723790737; 25624.56; 2771.79
785; 0.241778127188804; 27402.2065167828; 25373.98; 2759.18
786; 0.241376231246125; 27224.9166496137; 25157.95; 2815.76
787; 0.237589100543711; 26967.2220050576; 24919.97; 2832.46
788; 0.237293818831859; 26789.3583401421; 24750.4; 2823.6
789; 0.231085121523531; 26479.229316275; 24472.97; 2852.15
790; 0.23046926765886; 26306.2090912078; 24319.16; 2831.58
791; 0.22920683860085; 26013.5722928052; 24066.1; 2789.76
792; 0.229562315941337; 25823.7455485635; 23876.82; 2784.04
793; 0.230668208456255; 25551.3590117959; 23610.65; 2761.32
794; 0.230906174563246; 25386.3592941367; 23494.7; 2688.33
795; 0.230387856560793; 25107.1453892976; 23258.27; 2633.27
796; 0.232693834599258; 24896.2771668221; 23037.62; 2620.8
797; 0.234525726935068; 24690.9514751651; 22858.73; 2563.26
798; 0.244236650592848; 24505.7445862722; 22634.22; 2514.06
799; 0.246811036019843; 24347.7195000451; 22499.02; 2457.18
800; 0.246271202596438; 24119.5543544172; 22323.51; 2392.12
801; 0.248553471576579; 23944.7463953278; 22155.83; 2359.92
802; 0.250802107026017; 23718.2496147649; 21920.22; 2349.85
803; 0.254702979119815; 23562.9701060172; 21780.52; 2292.86
804; 0.25492325795098; 23357.1824455203; 21606.77; 2248.84
805; 0.256632951181912; 23241.6464918825; 21479.93; 2247.71
806; 0.256147762741733; 23013.4313804383; 21254.87; 2247.36
807; 0.254025188780409; 22885.0043006809; 21119.44; 2274.8
808; 0.248776051910862; 22656.3323154043; 20882.02; 2333.86
809; 0.243976299084724; 22505.5600752556; 20775.11; 2320.5
810; 0.245625869693035; 22322.0876908082; 20572.94; 2329.3
811; 0.247021265413154; 22205.4694262871; 20459.09; 2311.81
812; 0.250023201226054; 22013.2715980208; 20231.19; 2330
813; 0.253686665615991; 21897.7326871876; 20126.93; 2281.16
814; 0.254208871347795; 21743.4547818899; 19982.49; 2263.1
815; 0.256842271879522; 21612.2928903413; 19835.99; 2258.97
816; 0.27130844914493; 21494.1793730195; 19674.5; 2190.25
817; 0.277029986725115; 21299.3202120066; 19480.03; 2144.21
818; 0.283612307353075; 21202.253401084; 19358.41; 2122.37
819; 0.28699120686017; 21003.7726777829; 19163.69; 2092.7
820; 0.278817982443586; 20836.9041169955; 19059.87; 2079.77
821; 0.279023873072375; 20657.4103018053; 18869.97; 2089.8
822; 0.283402570861293; 20542.8428997591; 18771.84; 2038
823; 0.286159050038942; 20382.67452125; 18637.36; 1988.58
824; 0.284660113121537; 20257.2116617427; 18540.73; 1965.52
825; 0.286206166820054; 20110.3018577748; 18410.31; 1936.06
826; 0.284680041612607; 19997.2516856798; 18358.37; 1876.47
827; 0.299613926879868; 19902.5857826487; 18219.8; 1830.88
828; 0.304729749258702; 19811.2172717017; 18123.26; 1805.85
829; 0.307170574213516; 19631.577171614; 17967.58; 1765.9
830; 0.298924158590772; 19445.4266071371; 17779.31; 1816.81
831; 0.30510308563478; 19351.5681949238; 17652.68; 1814.15
832; 0.305723622107418; 19172.0664249756; 17529.03; 1750.1
833; 0.303946990713322; 19045.9306262592; 17412.36; 1749.34
834; 0.300442219299855; 18881.2517707803; 17227.97; 1790.29
835; 0.294217328853249; 18735.0669348276; 17105.29; 1801.71
836; 0.297570040318413; 18600.315467844; 16960.05; 1792.41
837; 0.29553405730405; 18506.133657857; 16883.79; 1785.27
838; 0.301189684723931; 18351.0708490474; 16729.11; 1751.56
839; 0.29547016896362; 18173.2244103299; 16573.41; 1762.34
840; 0.301429246717893; 18122.2229142927; 16482.79; 1770.28
841; 0.301149347858449; 17992.8109322505; 16388.33; 1736.11
842; 0.302702503122664; 17900.64778213; 16298.12; 1724.71
843; 0.312175786298196; 17793.5009562617; 16153.65; 1710.88
844; 0.310082949878231; 17689.8633587367; 16056.8; 1714.91
845; 0.306353086367048; 17502.7270902331; 15909.65; 1692.85
846; 0.306811736307435; 17406.0866225412; 15810.65; 1692.44
847; 0.30257085254393; 17242.4873509623; 15670.24; 1690.78
848; 0.305162174618364; 17083.5081959638; 15506.32; 1681.31
849; 0.302365510698774; 16953.6325743438; 15414.62; 1655.36
850; 0.301817572284632; 16792.5197233188; 15274.38; 1635.45
851; 0.303004235746137; 16702.6942980325; 15192.66; 1619.98
852; 0.312622396833251; 16568.3551308679; 15050.06; 1578.32
853; 0.318091115548571; 16487.5629658513; 14959.51; 1560.8
854; 0.319771841524894; 16312.1033143266; 14837.47; 1497.93
855; 0.317915110260879; 16104.8650260804; 14678.97; 1456.55
856; 0.325234548902869; 15996.0684967773; 14584.2; 1409.49
857; 0.327470905082958; 15871.3537568353; 14440.99; 1417.88
858; 0.328754274223643; 15753.9621719449; 14333.91; 1401.89
859; 0.324162368335189; 15547.3318077739; 14148.13; 1400.6
860; 0.323690389798659; 15424.2644820945; 14045.52; 1381.82
861; 0.322833323755893; 15257.7254253876; 13855.36; 1408.95
862; 0.321373259743562; 15094.3213028632; 13650.11; 1457.3
863; 0.318922534917551; 14979.233212325; 13521.4; 1482.06
864; 0.311060049161383; 14754.0609575123; 13325.76; 1488.4
865; 0.305432020290755; 14597.3417110992; 13189.68; 1493.63
866; 0.305793044291098; 14409.9175509288; 13022.23; 1470.41
867; 0.300164870884966; 14175.429777005; 12804.92; 1479.1
868; 0.291655047599468; 14001.7280438971; 12682.05; 1465.51
869; 0.297463852495468; 13782.1723065044; 12491.78; 1404.73
870; 0.295969917604171; 13603.9622521678; 12338.43; 1384.35
871; 0.302714973800154; 13370.8817502203; 12080.58; 1379.68
872; 0.310157292401428; 13189.6226278707; 11906.26; 1339.07
873; 0.311984359815277; 12912.4445637989; 11639.84; 1319.81
874; 0.320918887835309; 12644.8962035469; 11399.08; 1255.77
875; 0.332190396338178; 12489.5962341563; 11242.92; 1213.76
876; 0.34086172213881; 12261.9158710539; 10985.25; 1211.1
877; 0.342881667046933; 12101.1773300477; 10847.61; 1181.95
878; 0.330777814779171; 11842.2290900619; 10641.56; 1173.23
879; 0.325405456577929; 11667.4789327587; 10503.64; 1155.79
880; 0.308977851342325; 11526.9658188694; 10448.03; 1128.22
881; 0.292483579207522; 11369.6566981517; 10326.28; 1152.3
882; 0.294055372566194; 11291.3094237847; 10242.01; 1152.42
883; 0.291968102892389; 11179.721481982; 10137.62; 1152.47
884; 0.294960534580979; 11068.1434083263; 10056.16; 1107.59
885; 0.299292616319799; 11027.3037791934; 10008.15; 1099.04
886; 0.304183629859174; 10966.6900229829; 9928.66; 1101.18
887; 0.303381044198707; 10911.2024536085; 9859.69; 1118.25
888; 0.314916031682102; 10874.8655594787; 9801.26; 1099.78
889; 0.323510183498609; 10855.0715860413; 9780.08; 1071.77
890; 0.331010444075376; 10846.7534399199; 9765.36; 1053.55
891; 0.337957540618261; 10843.8518719317; 9743.04; 1050.25
892; 0.345982900220023; 10863.1542514085; 9746.33; 1040.64
893; 0.34214100724815; 10896.8208030656; 9787.54; 1045.08
894; 0.366530698701764; 11012.6197650897; 9883.65; 992.69
895; 0.369421928427718; 11109.2482242782; 9941.94; 1018.2
896; 0.362930134490353; 11229.0914904852; 10078.39; 1021.5
897; 0.35281892896138; 11303.5819118534; 10166.26; 1038.42
898; 0.348546918547554; 11499.5683356289; 10361.05; 1052.08
899; 0.356147546511238; 11736.4805013321; 10562.47; 1061.55
900; 0.363046733882621; 11859.2848272409; 10658.14; 1065.27
901; 0.355222095330562; 12000.5835771544; 10815.55; 1073.99
902; 0.344380835490199; 12062.9812171827; 10934.36; 1054.89
903; 0.349720326228021; 12117.8109055771; 10970.1; 1056.18
904; 0.357746214191537; 12170.5416155285; 10989.16; 1062.6
905; 0.354463097190905; 12133.7894503825; 10939.43; 1084.08
906; 0.354561373021195; 12045.6029719092; 10849.15; 1085.5
907; 0.353511277955434; 11898.6357995975; 10697; 1093.26
908; 0.356758900282015; 11775.4270506511; 10555.74; 1099.4
909; 0.363312480441892; 11531.6490181966; 10321.72; 1070.79
910; 0.369271520331784; 11243.5094431784; 10040.56; 1047.26
911; 0.371508703934889; 11014.0733864968; 9836.75; 1018.61
912; 0.35877920345647; 10630.6084048297; 9509.29; 1004.41
913; 0.350261138478895; 10332.0276626142; 9284.93; 960.61
914; 0.345999434024388; 9907.75706048135; 8936.09; 902.24
915; 0.33531024049871; 9515.52497447598; 8593.23; 883.55
916; 0.331466195598236; 9268.20080240019; 8358.64; 881.31
917; 0.319800720875885; 8895.81396337222; 8044.06; 855.29
918; 0.314234487819229; 8551.54199523368; 7734.89; 834.43
919; 0.315752940114084; 8332.68093477109; 7536.13; 809.87
920; 0.321093527486383; 8033.44132347032; 7222.62; 810.56
921; 0.329972571336302; 7748.70537423021; 6930.99; 795.35
922; 0.325432559568982; 7539.59692684695; 6774.69; 754.29
923; 0.329228022239452; 7241.35778804447; 6509.7; 713.09
924; 0.335901878879838; 7061.81915412745; 6322.57; 706.08
925; 0.343947798016383; 6784.8673334088; 6075.18; 661.9
926; 0.340883307555636; 6509.20586228779; 5851.98; 618.42
927; 0.35420686750444; 6342.08302225093; 5694.31; 586.52
928; 0.347639980517979; 6067.2056542779; 5474.57; 546.66
929; 0.351395154302343; 5802.01235884218; 5224.19; 527.23
930; 0.351323889988293; 5604.53358171586; 5063.92; 493.33
931; 0.356119310654485; 5284.42414133034; 4795.95; 439.69
932; 0.352920951275947; 4925.06788977717; 4487.67; 397.23
933; 0.359763467022933; 4657.25415475689; 4237.99; 373.47
934; 0.352542185280608; 4213.01948649335; 3829.38; 348.69
935; 0.357246412688505; 3739.17918188691; 3399.61; 304.54
936; 0.344981260335683; 3413.74093533436; 3113.15; 279.13
937; 0.347220128471106; 2937.61864864974; 2671.98; 245.05
938; 0.351926902079359; 2501.52980621871; 2270.22; 210.5
939; 0.353534405485504; 2242.03302055944; 2025.85; 195.82
940; 0.356447173493449; 1922.49712309783; 1739.17; 164.68
941; 0.336953043996173; 1688.0926475665; 1539.66; 141.03
942; 0.32628885585444; 1571.99534341688; 1436.09; 133.33
943; 0.298555331095403; 1461.47962335684; 1341.6; 128.52
944; 0.2864688580353; 1409.89305883035; 1307.75; 114.11
945; 0.287457629840978; 1401.06960861599; 1303.6; 108.5
946; 0.286452245960363; 1425.13208712709; 1333.04; 102.86
947; 0.254636334544329; 1467.78296095886; 1384.03; 105.22
948; 0.247964431077462; 1501.60706484795; 1417.49; 108.51
949; 0.276266767602843; 1580.71104349549; 1484.51; 111.37
950; 0.332791524785051; 1685.5145917769; 1568.46; 112.48
951; 0.322101884680225; 1753.059297862; 1620.7; 131.39
952; 0.350845689780867; 1855.64030052166; 1706.44; 135.96
953; 0.350818559733827; 1953.29717766319; 1789.69; 149.08
954; 0.35809123224731; 2026.68718253222; 1842.76; 164.17
955; 0.372405811709167; 2142.46515151378; 1938.47; 175.06
956; 0.350702940517493; 2235.30326559561; 2015.74; 200.06
957; 0.325739788152328; 2289.52712691488; 2074.84; 210.58
958; 0.322221049148001; 2374.13010493837; 2159.3; 213
959; 0.340487853681626; 2461.07370374299; 2226.2; 220.35
960; 0.369478182502132; 2516.40313698435; 2258.64; 222.82
961; 0.369250468537817; 2557.39888218292; 2314.58; 210.01
962; 0.368001477493352; 2596.90156965505; 2345.94; 217.76
963; 0.373794492692989; 2624.5955508606; 2377.95; 210.67
964; 0.425654231717953; 2667.92971062545; 2403.17; 198.57
965; 0.436579135553323; 2696.27180884938; 2419.1; 202.65
966; 0.402262026951668; 2713.47452944185; 2426.53; 227.67
967; 0.398877703554707; 2726.57565172142; 2436.22; 232.3
968; 0.37071910794676; 2740.09072253355; 2439.28; 258.91
969; 0.377902311399072; 2753.06668403222; 2457.72; 249.35
970; 0.387638568931398; 2751.21887558503; 2448.04; 249.5
971; 0.35819663489688; 2729.76048873562; 2440.34; 257.72
972; 0.33513832245903; 2707.645497095; 2421.76; 272.06
973; 0.343300613570359; 2704.60317479147; 2416.98; 267.17
974; 0.307428949682587; 2662.76085714646; 2393.48; 279.29
975; 0.332955453754168; 2648.71517638528; 2372.9; 264.1
976; 0.349223985441808; 2638.78577292847; 2358.57; 255.78
977; 0.338645013498043; 2614.41015374749; 2340.52; 257.79
978; 0.349347388441391; 2593.1961466259; 2317.54; 251.47
979; 0.367443795067147; 2565.08921216256; 2296.03; 233.34
980; 0.360946908911604; 2538.31729034627; 2284.47; 224.08
981; 0.355918444841096; 2507.94456868594; 2262.27; 219.9
982; 0.338317178463591; 2468.41392063715; 2224.51; 229.65
983; 0.339783186639486; 2434.19754752354; 2195.53; 223.72
984; 0.32962118755868; 2397.71142147398; 2155.5; 234.01
985; 0.344291346647155; 2358.93981579181; 2110.01; 230.23
986; 0.348446140522532; 2317.8966565986; 2070.23; 226.3
987; 0.344167938598154; 2283.22153308342; 2046.29; 219.16
988; 0.361303424510844; 2244.28774128662; 2015.81; 201.29
989; 0.370808791654602; 2209.73112143218; 1986.92; 191.24
990; 0.359236134917541; 2178.4957068489; 1966.94; 187.41
991; 0.377073350971156; 2133.95742201707; 1937.5; 165.78
992; 0.358482378649557; 2092.97705405406; 1901.91; 169.57
993; 0.360941387598478; 2050.6569228333; 1861.38; 166.82
994; 0.368766226884326; 2023.88893605515; 1832.46; 165.12
995; 0.393132761233894; 1988.34643139185; 1794.05; 157.19
996; 0.393854623402576; 1941.99517858743; 1758.97; 147.78
997; 0.362809162614996; 1903.4879422761; 1716.4; 163.97
998; 0.335900972421887; 1871.37692099882; 1688.1; 173.48
999; 0.337603915266459; 1831.77593205812; 1650.03; 171.14
1000; 0.304721733265017; 1786.95215967848; 1609.02; 185.61
1001; 0.33233082248582; 1768.94109740129; 1580.42; 180.3
1002; 0.311770745602043; 1721.04149385281; 1546.21; 178.21
1003; 0.313766651179168; 1678.85390675577; 1497.81; 183.35
1004; 0.324159305612739; 1639.86477709137; 1460.1; 176.2
1005; 0.346824693530246; 1608.06870586826; 1449.53; 145.22
1006; 0.354185916873434; 1570.11835360294; 1418.88; 135.64
1007; 0.396910439583108; 1541.37659587924; 1397.07; 115.48
1008; 0.328806286766427; 1496.18354191185; 1356.36; 135.05
1009; 0.334801514661002; 1466.35237989475; 1334.93; 124.65
1010; 0.308602310755161; 1427.94796318794; 1309.48; 121.89
1011; 0.295476833644174; 1386.86006260696; 1286.97; 107.33
1012; 0.301760425028439; 1360.88499362038; 1248.79; 117.92
1013; 0.301700683793398; 1335.71853564978; 1229.48; 111.77
1014; 0.300736483409981; 1299.4285015507; 1199.46; 105.5
1015; 0.303767199489096; 1267.80275972332; 1179.87; 91.86
1016; 0.387103502136699; 1241.25705217246; 1146.33; 77.81
1017; 0.440831888454189; 1226.11337225522; 1130.63; 68.72
1018; 0.413264158811065; 1193.1253047387; 1094.13; 75.99
1019; 0.481280423531558; 1159.59312976772; 1067.69; 60.57
1020; 0.482631133815285; 1132.36171827237; 1039.75; 60.86
1021; 0.438536609489125; 1113.57794257029; 1011.01; 74.17
1022; 0.428716782221634; 1079.34463868767; 975.94; 76.48
1023; 0.406684963448381; 1048.58989592104; 958.07; 70.57
1024; 0.345130135113493; 1019.99141808358; 929.97; 82.69
1025; 0.349721481684889; 1003.47000320186; 912.36; 82.58
1026; 0.33990675145598; 983.184302728038; 884.67; 91.86
1027; 0.317193331970114; 952.815268526684; 867.05; 85.69
1028; 0.313924652757299; 928.617943990697; 851.71; 77.63
1029; 0.344358377099745; 913.018583990431; 842.96; 64.46
1030; 0.355741897060914; 893.918710929078; 821.84; 64.19
1031; 0.501495676649347; 866.344489175713; 808.78; 36.36
1032; 0.549362606024578; 847.109547810471; 792.89; 31.26
1033; 0.685195871636205; 826.11892062963; 772.16; 24.94
1034; 0.909474354222873; 804.845265497796; 763; 14.57
1035; 1.42990603761395; 785.865070430133; 737.68; 10.67
1036; 0.976826632329863; 769.034590363539; 715.72; 17.28
1037; 0.608945435398006; 747.619705949972; 697.53; 26.04
1038; 0.680255504639932; 738.729814324454; 687.69; 23.75
1039; 0.191808044237511; 722.447647443046; 748.47; -42.94
1040; 0.170757430065054; 676.362229582718; 651.18; 46.67
1041; -7.26163240583287; 699.407623947387; 653.74; -1.99
