# 20/02/2019 15:36:06
# NanoCalc data
# Original file name: C:\SVA_DATA\StudentProjects\2018_Nathan\homopolymer_swelling\PSswellingrun2_87.dat
# Fit Result : Fitness; Thickness 1; Thickness 2; Thickness 3 
# Fit Result : 0.259529316519174; 2; 296.6; -1
# comment:PS id:350 ref:topsiloptics swelling run2 
#
# WaveLength; Reflectance; Raw Intensity; Dark Intensity; Reference Intensity
400; 0.128347117283172; 4035.18807614531; 3879.71; 587.4
401; 0.123914920575505; 4164.9631920278; 4007.34; 614.14
402; 0.121170203889927; 4249.44403208825; 4089.31; 635.26
403; 0.116124325669056; 4355.99763475907; 4198.31; 650.03
404; 0.10940270791184; 4457.26232196365; 4308.46; 648.35
405; 0.0992217915327035; 4598.16291591507; 4456.61; 677.41
406; 0.0985561172364017; 4706.36902037494; 4564.45; 681.07
407; 0.0899242370195942; 4823.98404190606; 4693.78; 682.14
408; 0.100945497451781; 4940.27166249578; 4786.79; 713.46
409; 0.0972736973458949; 5042.6398380349; 4891.06; 728.51
410; 0.0987515619182448; 5205.61403544152; 5047.52; 745.65
411; 0.0938986576814605; 5287.25129742487; 5133.46; 760.15
412; 0.102234321811082; 5379.14194974023; 5207.85; 774.86
413; 0.105784233332325; 5464.72792053634; 5289.87; 761.9
414; 0.119539826229961; 5606.65326673302; 5399.05; 797.8
415; 0.116322767662132; 5690.0240337626; 5484.45; 809.18
416; 0.115853845403222; 5769.68958945663; 5567.21; 797.56
417; 0.120262920281789; 5858.79703270026; 5640.47; 825.71
418; 0.132923992719215; 5995.12884447708; 5745.32; 851.93
419; 0.134110543934096; 6088.64512504534; 5837.55; 846.21
420; 0.137267464001232; 6199.85667261798; 5937.53; 861.15
421; 0.136810258764139; 6318.47191363316; 6056.08; 861.72
422; 0.150627737274494; 6507.40302869232; 6206.92; 893.67
423; 0.152146421650312; 6633.73838915453; 6325.75; 904.16
424; 0.167333576693094; 6791.16356254031; 6447.44; 914.76
425; 0.169979918495931; 6941.92433025122; 6588.07; 924.54
426; 0.175608481795557; 7169.97709053912; 6798.69; 936.44
427; 0.173433812845692; 7321.34033127792; 6950.42; 944.65
428; 0.174313768412475; 7477.82439571131; 7093.04; 972.34
429; 0.17274531234031; 7612.28677254488; 7222.32; 991.93
430; 0.174821431340715; 7843.09637470894; 7438.56; 1014.23
431; 0.180274231571046; 7999.61969528393; 7568.54; 1045.51
432; 0.181718253332673; 8114.55593118019; 7669.88; 1067.25
433; 0.189174441396911; 8247.50780295272; 7773.46; 1090.28
434; 0.196471497256341; 8438.8411326374; 7941.66; 1098.36
435; 0.201288935068539; 8568.35918321792; 8032.82; 1152.29
436; 0.211655002459496; 8685.68699863064; 8119.6; 1155.85
437; 0.220318204738232; 8818.04931096257; 8215.7; 1178.81
438; 0.241003754733823; 9032.98773624757; 8367.16; 1188.44
439; 0.247133665578905; 9141.75229370914; 8444.76; 1210.44
440; 0.246730496533232; 9251.49049344285; 8551.57; 1214.72
441; 0.257958292321428; 9392.4608898899; 8656.01; 1219.77
442; 0.258960859339089; 9580.57687541568; 8831.26; 1233.49
443; 0.264811900953794; 9694.98911517899; 8939.09; 1214.16
444; 0.266812143210349; 9856.2841809583; 9072.21; 1247.24
445; 0.265734663525166; 9994.21097573452; 9218.16; 1236.69
446; 0.268033872161699; 10197.9402836563; 9418.63; 1228.42
447; 0.270764378745831; 10390.6066821759; 9595.14; 1238.58
448; 0.268454159522999; 10586.563436247; 9790.25; 1247.85
449; 0.268776232724174; 10882.6271108368; 10077.07; 1258.16
450; 0.269361207725849; 11094.8071791418; 10261.67; 1295.63
451; 0.272348045526549; 11305.1326919904; 10465.9; 1288.2
452; 0.273817787022691; 11520.9029848494; 10678.16; 1284.02
453; 0.287558921709347; 11904.3533073556; 10993.19; 1319.32
454; 0.286008756710786; 12169.9217393249; 11215.2; 1387.13
455; 0.293931395651405; 12418.7480621724; 11425.23; 1401.85
456; 0.294565627016329; 12682.9300874039; 11656.99; 1441.68
457; 0.300492991379641; 13085.3643998654; 11991.27; 1504.28
458; 0.298530920194377; 13369.5675930111; 12256.59; 1537.35
459; 0.306010231939216; 13646.4558853502; 12478.81; 1570.51
460; 0.313575897256747; 13939.7927494136; 12672.85; 1659.84
461; 0.312022749689463; 14318.3476918221; 13002.92; 1728.72
462; 0.318783906913001; 14558.3252017301; 13194.8; 1750.65
463; 0.309118628669761; 14760.3031009012; 13420.38; 1770.92
464; 0.30886164149862; 15154.5121236352; 13767.34; 1831.55
465; 0.312923974382026; 15434.3739792682; 14013.55; 1848.43
466; 0.314534841638661; 15699.1338978494; 14250.15; 1872.12
467; 0.31230456939205; 15970.0179476763; 14496.25; 1914.52
468; 0.31735500465861; 16512.4162930113; 14972.09; 1965.82
469; 0.322549396524048; 16885.7378560199; 15298.15; 1990.22
470; 0.32270224648695; 17252.8615563496; 15628.65; 2031.84
471; 0.328427153434381; 17744.8798706171; 16052.96; 2076.24
472; 0.339455958703219; 18486.6018250681; 16671.97; 2150.98
473; 0.344530879347525; 19008.5010431611; 17105.98; 2218.37
474; 0.34741623477263; 19579.1764495048; 17593.16; 2292.79
475; 0.356306379799219; 20563.2921958242; 18454.04; 2370.51
476; 0.35610611945873; 21185.6698629701; 19026.18; 2424.39
477; 0.354446539459787; 21851.770566735; 19644.74; 2485.41
478; 0.353796443195358; 22664.5919991886; 20382.52; 2570.48
479; 0.35447923399302; 23814.024779039; 21398.92; 2710.86
480; 0.355866278697189; 24623.2181207935; 22101.79; 2814.77
481; 0.356371008583218; 25404.3578475594; 22814.87; 2882.32
482; 0.35308316053124; 26606.4717463898; 23905.63; 3029.69
483; 0.350364999511523; 27388.5302138797; 24625.21; 3119.24
484; 0.351419459208493; 28167.6307437752; 25326.6; 3192.56
485; 0.352406968268956; 28966.1167312163; 26037.35; 3277.01
486; 0.35791641142013; 30064.53381334; 26968.07; 3406.11
487; 0.357283018288634; 30753.8635658687; 27590.49; 3480.62
488; 0.359857899037268; 31440.0851888226; 28238.74; 3491.9
489; 0.358927191850304; 32071.019914794; 28832.56; 3536.48
490; 0.360718922219234; 32941.6579251737; 29602.73; 3622.88
491; 0.355711325676173; 33446.7772027512; 30093.52; 3684.84
492; 0.362761849243361; 34017.6682396162; 30535.42; 3747.31
493; 0.365053761457525; 34746.6852195811; 31155.89; 3835
494; 0.365902219817639; 35174.8972029159; 31543.93; 3864.09
495; 0.364000331977326; 35586.4865427308; 31943.61; 3892.15
496; 0.361533302938504; 36135.4219713891; 32475.12; 3932.61
497; 0.362933995065165; 36527.2214728956; 32811.79; 3971.53
498; 0.36036220978527; 36871.239393574; 33145.13; 4006.41
499; 0.364994083715811; 37305.307580476; 33528.57; 4004.25
500; 0.357522867730352; 37824.3584823569; 34045.25; 4085.41
501; 0.355353108871914; 38170.4573164902; 34411.09; 4083.6
502; 0.352247140457437; 38523.5974319615; 34785.49; 4090.91
503; 0.345487755994064; 38987.2456700738; 35280.64; 4130.52
504; 0.346018325321152; 39408.4479467325; 35648.81; 4177.84
505; 0.350374344772389; 39867.8071401568; 36028.85; 4207.93
506; 0.343303809214196; 40237.246867843; 36418.92; 4266.42
507; 0.340824231964219; 40880.5430755489; 36984.21; 4380.21
508; 0.342414723299839; 41280.8308017915; 37348.87; 4394.66
509; 0.342551138551488; 41703.9791541589; 37773.59; 4386.29
510; 0.341684649944324; 42393.0850217466; 38431.4; 4427.4
511; 0.344726767595948; 42887.6461512333; 38870.67; 4444.52
512; 0.347878667135784; 43398.8451890357; 39297.85; 4491.25
513; 0.343692967049791; 44023.2369077069; 39940.14; 4521.05
514; 0.341104579279895; 44493.7059634645; 40368.94; 4596.58
515; 0.342118298714037; 44969.3087921398; 40784.87; 4644.04
516; 0.341654774754008; 45419.5474926787; 41168.74; 4718.67
517; 0.342168620433276; 46137.3029513828; 41758.69; 4847.65
518; 0.342531881876684; 46630.5015409158; 42135.74; 4965.34
519; 0.339671168620326; 47096.9756479541; 42543.16; 5067.19
520; 0.335803860291478; 47765.6918936115; 43150.1; 5189.3
521; 0.332901501206615; 48211.6158874674; 43588.6; 5237.37
522; 0.336368802252728; 48700.2708502935; 43994.16; 5270.91
523; 0.336245626847573; 49373.3845586636; 44649.95; 5286.71
524; 0.337490135147487; 49839.6491880668; 45111.24; 5267.23
525; 0.337256441733425; 50278.2586116409; 45486.44; 5336.08
526; 0.328875010766564; 50796.874244699; 46109.8; 5346.95
527; 0.325631069348651; 51157.2829724072; 46489.36; 5372.87
528; 0.324221387410572; 51496.2578718579; 46848.18; 5367.87
529; 0.317908171760269; 51767.2564940269; 47152.18; 5430.24
530; 0.318019620588345; 52189.7050669305; 47540.28; 5463.47
531; 0.311724188135642; 52358.124547589; 47725.2; 5548.94
532; 0.308438769963979; 52551.9071632404; 47915.08; 5607.62
533; 0.300408411334805; 52740.1102554901; 48188.92; 5645.99
534; 0.298295958142557; 52899.6393174291; 48323.49; 5711.89
535; 0.293440990809649; 53033.2709352859; 48452.04; 5806.75
536; 0.288450952164158; 53207.3540400317; 48701.61; 5803.91
537; 0.288453371295623; 53386.9536999459; 48848.28; 5839.98
538; 0.285406277946172; 53540.7426863; 49040.57; 5845.94
539; 0.285502801666567; 53835.0658078129; 49354.18; 5813.06
540; 0.282178843147631; 53965.6306721027; 49531.13; 5814.78
541; 0.281010543553818; 54183.3125656656; 49764.19; 5813.86
542; 0.281389146691826; 54536.4769854746; 50112.64; 5807.38
543; 0.283833128673274; 54773.5755828704; 50340.57; 5764.78
544; 0.282431076957256; 55045.1293547991; 50577.91; 5833.52
545; 0.283676782152199; 55432.8463251834; 50922.01; 5859.84
546; 0.282293857077979; 55681.7161103518; 51192.1; 5856.07
547; 0.281244965949854; 55938.8450789352; 51473.06; 5841.64
548; 0.277154422061158; 56341.1360147923; 51889.91; 5903.55
549; 0.276017142444909; 56565.2565517428; 52111.45; 5926.15
550; 0.272645541009409; 56819.3581637958; 52411.31; 5932.77
551; 0.271585920174366; 57122.8576067214; 52762.8; 5886.08
552; 0.268246746520359; 57496.004397054; 53234.48; 5819.73
553; 0.262326044459285; 57689.0512454546; 53497.77; 5848.16
554; 0.256456159722001; 57927.2856102996; 53782.53; 5910.57
555; 0.251011619903411; 58257.8419553836; 54178.77; 5938
556; 0.24525032198705; 58473.9814115781; 54506.65; 5905.8
557; 0.245268488387942; 58828.909733429; 54860.33; 5902.16
558; 0.238812666999279; 59289.7481110837; 55420.29; 5905.24
559; 0.232063174368616; 59631.5482496155; 55810.51; 5995.79
560; 0.230007444170915; 60032.0306133107; 56209.19; 6047.02
561; 0.228409159467244; 60818.4875488613; 56981.81; 6106.26
562; 0.22431096488679; 61319.4851214316; 57482.48; 6212.98
563; 0.213200269709383; 61818.654001918; 58117.91; 6299.5
564; 0.20914110590585; 62692.2544735429; 58992.24; 6415.27
565; 0.206227179315639; 63244.389548101; 59567.68; 6460.18
566; 0.203486802498261; 63732.4772274276; 60075.18; 6507.81
567; 0.197517763762011; 64335.4690851006; 60727.68; 6609.19
568; 0.193636405133631; 64631.1295207772; 61032.05; 6720.78
569; 0.18881363085844; 64793.9825287602; 61281.45; 6721.9
570; 0.1866455428026; 64880.202591987; 61454.25; 6627.63
571; 0.188819961815451; 64846.6194464932; 61385.47; 6613.52
572; 0.188558705109092; 64767.8735096428; 61345.78; 6542.73
573; 0.183579901423767; 64443.8808098016; 61091.63; 6577.76
574; 0.182140755319911; 64189.9412775062; 60848.44; 6603.01
575; 0.185614754503116; 63880.7812193948; 60514.05; 6523.12
576; 0.184041303484343; 63674.7661293535; 60351.55; 6488.82
577; 0.181643885652167; 63418.2885525458; 60126.02; 6508.18
578; 0.175896365135063; 63118.7979513019; 59920.74; 6523.44
579; 0.173436372712824; 62962.0327458394; 59829.93; 6474.65
580; 0.168209128260507; 62765.8860291136; 59712.75; 6502.64
581; 0.164076246497777; 62508.5356969246; 59533.62; 6491.09
582; 0.160786955872385; 62341.0885214185; 59451.05; 6430.38
583; 0.157606774677249; 62192.0594713545; 59373.38; 6393.83
584; 0.150524441635262; 61986.9191712796; 59326.92; 6313.68
585; 0.149203025705757; 61903.2213440839; 59266.51; 6309.73
586; 0.144687617201522; 61776.6641626693; 59208.17; 6334.18
587; 0.142764298523685; 61595.060061533; 59075.34; 6293.68
588; 0.142223630399393; 61505.9959303351; 59000.06; 6279.12
589; 0.140475625379391; 61420.4722114968; 58963.16; 6230.17
590; 0.134592346476413; 61347.5047147753; 58972.58; 6280.55
591; 0.130949987238649; 61256.575996181; 58939.57; 6293.86
592; 0.130558014253542; 61285.8642929223; 58962.25; 6326.78
593; 0.128884187249471; 61349.5316513611; 59051.12; 6335.44
594; 0.126611245023195; 61403.3361439366; 59147.81; 6324.85
595; 0.121367347273115; 61595.4863005337; 59427.23; 6338.83
596; 0.119216000598966; 61796.328636007; 59665.62; 6337.46
597; 0.117737949619384; 62053.0967415943; 59944.02; 6347.85
598; 0.117364000459455; 62513.3722007979; 60393.89; 6395.44
599; 0.115354300490822; 62916.7236212908; 60802.07; 6487.92
600; 0.112783947582692; 63320.7337768543; 61237.82; 6532.03
601; 0.105778262819716; 64032.2397552116; 62041.86; 6651.01
602; 0.103294216712111; 64611.9575981497; 62650.31; 6708.55
603; 0.101581565266783; 65184.4070181366; 63222.38; 6818.63
604; 0.0996232656024082; 65992.8608617911; 64036.27; 6928.98
605; 0.0958394428783878; 66525.3702223031; 64614.62; 7029.5
606; 0.0912857296354705; 67075.4373071148; 65221.81; 7155.15
607; 0.0883543510466387; 67692.6856036336; 65873.44; 7250.98
608; 0.0882417204821974; 68044.9980245459; 66200.38; 7356.98
609; 0.0874334002887017; 68431.9338287151; 66601.85; 7361.97
610; 0.0882723799694144; 68543.7149954777; 66682.86; 7410.05
611; 0.0858608721807735; 68599.3632848712; 66786.45; 7417.54
612; 0.0844273859273488; 68589.9293407971; 66791.58; 7478.27
613; 0.0850521483937295; 68517.4776071999; 66702.29; 7488.22
614; 0.0858808734576703; 68311.359237039; 66476.34; 7492.56
615; 0.0822403868669928; 67903.9109427758; 66175.42; 7365.66
616; 0.0814677120203407; 67579.1728286764; 65861.29; 7385.31
617; 0.0781919133383237; 66957.2038744869; 65314.7; 7352.93
618; 0.0756960474193499; 66549.0544530678; 64964.5; 7323.06
619; 0.0749738213840434; 66133.5758061618; 64576.59; 7261.07
620; 0.0712963136198885; 65448.3090295665; 63983.5; 7179.7
621; 0.0662883837633324; 64918.6617001929; 63569.06; 7111.14
622; 0.0644729217720499; 64513.5125722116; 63221.37; 6996.53
623; 0.0640448452316034; 63911.4043767756; 62632.13; 6969.79
624; 0.0585579963988189; 63485.6236582053; 62344; 6799.35
625; 0.0583585460617237; 62963.1882321328; 61836.57; 6729.66
626; 0.058574994131042; 62623.2756297293; 61503.34; 6661.8
627; 0.0589808781155966; 62294.3929964419; 61171.85; 6628.34
628; 0.0571071853409031; 61798.918772278; 60729.71; 6517.4
629; 0.0576364805971752; 61524.1323982517; 60451.26; 6476.72
630; 0.0560722434385586; 61200.4690284046; 60160.41; 6450.84
631; 0.050225902825121; 60738.9148277684; 59813.31; 6406.46
632; 0.0496021776833002; 60488.3960685109; 59575.32; 6396.47
633; 0.0472756448376955; 60108.438192244; 59248.97; 6314.52
634; 0.0460702540421018; 59870.1132681321; 59029.26; 6336.49
635; 0.0432551591667845; 59609.4761015647; 58822.84; 6310.28
636; 0.041681734813301; 59320.9820549447; 58565.78; 6283.38
637; 0.0399741114573356; 59102.6476889458; 58378.52; 6278.42
638; 0.0390268595146237; 58920.8214141836; 58214.2; 6271.55
639; 0.0432622411888567; 58671.2065863241; 57895.48; 6207.28
640; 0.0466999944758184; 58521.1898571904; 57681.02; 6224.28
641; 0.0495619510045975; 58274.1340204728; 57374.86; 6274.18
642; 0.0481067548988414; 58078.4153977248; 57214.97; 6203.21
643; 0.0495946000586866; 57959.2443044284; 57065.53; 6224.99
644; 0.0527761728717307; 57719.7697584681; 56769.63; 6215.99
645; 0.0541247162004248; 57554.8678431083; 56584.01; 6190.59
646; 0.0532212267836379; 57276.2824570651; 56324.07; 6171.91
647; 0.0478205713454567; 57054.5161533602; 56198.9; 6169.62
648; 0.0444046060439289; 56856.4008625629; 56065.68; 6137.8
649; 0.0395415962359654; 56642.2111524518; 55942.91; 6093.1
650; 0.0383661641262037; 56505.4422991536; 55818.01; 6170.5
651; 0.036916960713418; 56352.1390288399; 55697.69; 6102.2
652; 0.0335980291395483; 56229.0779275088; 55641.02; 6021.82
653; 0.0341828032515971; 56177.4640848871; 55581.12; 5999.23
654; 0.0307912044999999; 56074.4090945773; 55540.87; 5955.84
655; 0.0349953535090641; 56064.9255919843; 55455.46; 5983.63
656; 0.0349975091542625; 55952.7679350063; 55344.5; 5969.06
657; 0.0332533260206047; 55850.1026400224; 55277.63; 5910.38
658; 0.0309592055820935; 55729.7945070973; 55204.34; 5824.9
659; 0.03149191286; 55582.7801499354; 55047.55; 5830.51
660; 0.0303491220888294; 55446.9411830765; 54929.62; 5845.22
661; 0.0314317520929758; 55228.1975257504; 54683.01; 5944.59
662; 0.0323725438585009; 55121.3072481851; 54559.22; 5947.6
663; 0.0356309548283041; 55047.0603068712; 54426.12; 5966.33
664; 0.0420427507853345; 54966.5485696282; 54230.29; 5992.13
665; 0.0450240030054155; 54857.0925421126; 54065.22; 6015.71
666; 0.0484221505157187; 54768.3890404416; 53920.99; 5983.47
667; 0.0501154229484013; 54642.4739279825; 53757.4; 6036.38
668; 0.0518410858616201; 54518.7584603708; 53603.39; 6033.4
669; 0.0567525858361217; 54383.094735952; 53389.22; 5981.63
670; 0.0598733867863086; 54308.3691549607; 53265.52; 5946.95
671; 0.056183419995401; 54063.3511098064; 53105.39; 5818.38
672; 0.0533631666605611; 53891.1975140227; 52987.27; 5777.1
673; 0.0538866823091792; 53731.2571605882; 52821.18; 5756.48
674; 0.0543705710653002; 53454.1099148939; 52532.53; 5774.1
675; 0.0565820940396115; 53290.3128318153; 52340.42; 5716.33
676; 0.0571155464961223; 52985.9647214159; 52024.9; 5726.99
677; 0.0558890406174432; 52730.2675649281; 51790.68; 5720.01
678; 0.055257610251977; 52322.1963407694; 51400.6; 5672.57
679; 0.0553979327168672; 52060.4194279907; 51139.47; 5652.21
680; 0.0600913685354733; 51813.98626745; 50812.34; 5665.47
681; 0.0633096838665507; 51460.7716673148; 50417.7; 5597.86
682; 0.0655407337527996; 51237.4750124258; 50168.59; 5538.97
683; 0.0651562642310083; 50892.7631466549; 49834.37; 5514.82
684; 0.0673522769610927; 50671.9116858004; 49588.97; 5456.79
685; 0.070032235242782; 50374.0622583364; 49271.52; 5340.88
686; 0.0686126510543269; 50093.5437275111; 49008.94; 5360.76
687; 0.0690361127535275; 49877.2444556523; 48792.9; 5324.53
688; 0.0698589486117493; 49553.0256237839; 48456.63; 5318.38
689; 0.070694216664251; 49324.4325931849; 48215.91; 5311.76
690; 0.0720639470505356; 48993.7709595264; 47879.45; 5236.01
691; 0.0748679436948793; 48767.0702353463; 47628.27; 5148.61
692; 0.0769291211739512; 48548.6688470995; 47360.01; 5227.99
693; 0.0806665941291094; 48210.2647594008; 46961.94; 5233.98
694; 0.0842089387859027; 48016.4457567231; 46726.11; 5180.51
695; 0.0853059537514121; 47605.7559725723; 46292.43; 5202.81
696; 0.084707902926497; 47359.0031827247; 46081.86; 5093.04
697; 0.0863492530413594; 46960.6530414329; 45648.74; 5129.93
698; 0.0895928271977072; 46732.8077130087; 45374.87; 5115.5
699; 0.0928029979845741; 46386.2521756291; 44988.06; 5082.95
700; 0.0949300486465312; 46181.176184566; 44752.14; 5076.68
701; 0.0980041471923423; 46006.6114481332; 44551.71; 5004.93
702; 0.0983874361953358; 45679.4024019304; 44233.82; 4951.85
703; 0.0978174697905423; 45465.4613354536; 44031.22; 4940.13
704; 0.0944052032889637; 45141.3013807999; 43744.41; 4983.88
705; 0.0960188834400496; 44939.4676048145; 43524.07; 4963.08
706; 0.09429520512739; 44624.9477289074; 43266.29; 4849.44
707; 0.0906220100367248; 44406.3286671739; 43109.56; 4814.1
708; 0.0896930389198072; 44178.1945590164; 42926.44; 4693.12
709; 0.0878934389726215; 43848.8263552598; 42623.37; 4686.88
710; 0.0937040254160021; 43688.3890390422; 42372.11; 4720.34
711; 0.0990589974902694; 43390.0946531854; 42024.52; 4631.4
712; 0.104217604142911; 43225.2428278567; 41817.41; 4537.41
713; 0.10846923664546; 42948.9547437286; 41486.97; 4526.28
714; 0.111915260839183; 42698.0542107623; 41181.55; 4549.67
715; 0.114185210775269; 42312.9103486728; 40777.14; 4514.36
716; 0.11344812718415; 42018.5585131242; 40498.7; 4495.24
717; 0.114535808162197; 41693.8664523258; 40182.43; 4426.12
718; 0.109858189735464; 41146.4804613829; 39722.66; 4345.35
719; 0.108458170600912; 40801.8136620136; 39409.62; 4301.83
720; 0.108581453613168; 40247.6933117579; 38871.98; 4244.39
721; 0.110191698563073; 39938.9344345564; 38550.7; 4218.88
722; 0.107881209307377; 39419.6559607532; 38073.41; 4177.36
723; 0.110807024149804; 39121.0557239891; 37756.27; 4121.55
724; 0.115003756173765; 38701.5078322228; 37284.74; 4120.88
725; 0.116440534764675; 38479.9111737843; 37039.12; 4137.52
726; 0.116584180232197; 38211.0040297567; 36788.59; 4078.21
727; 0.118040039272854; 38100.1019873981; 36660.03; 4076.41
728; 0.117893793449577; 37992.306701718; 36555.23; 4071.6
729; 0.124426367948477; 37909.7922534406; 36422.18; 3992.39
730; 0.127169269924484; 37879.9084268115; 36362.89; 3982.39
731; 0.133095859567061; 37935.080222358; 36331.72; 4021.25
732; 0.135062348220141; 37961.3055168185; 36330.31; 4030.5
733; 0.14377274288108; 38065.4017514842; 36304.53; 4087.31
734; 0.148313285212452; 38086.9249101173; 36263.81; 4101.85
735; 0.152351306685602; 38072.8099421031; 36206.03; 4087.76
736; 0.149266382568259; 38024.1120203493; 36191.32; 4095.14
737; 0.147667334733373; 37976.1224651138; 36142.71; 4139.48
738; 0.148649685720433; 37908.4876493082; 36079.48; 4100.85
739; 0.147891138043723; 37815.8042706911; 36014.4; 4058.17
740; 0.150363472957963; 37764.6397145233; 35942.82; 4035.18
741; 0.147117615906503; 37715.9402504475; 35949.3; 3997.93
742; 0.150772675344379; 37735.5844596693; 35947.06; 3948.11
743; 0.15198496765737; 37799.6923010715; 35994.6; 3951.55
744; 0.156262286568195; 37959.9515777672; 36108.39; 3940.98
745; 0.159299127587471; 38113.3456963495; 36221.33; 3948.84
746; 0.155567606837592; 38356.5322235265; 36516.3; 3931.42
747; 0.157166506113455; 38539.3127090966; 36674.41; 3942.12
748; 0.156475678697586; 38753.7490357378; 36895.62; 3943.79
749; 0.156269174459978; 38830.6964283091; 36969.51; 3954.39
750; 0.162816647736742; 38874.0071396698; 36938.78; 3945.37
751; 0.167967918941667; 38851.6445372673; 36868.3; 3919.34
752; 0.170679017802299; 38629.7400737539; 36634.37; 3880.23
753; 0.17533410125378; 38406.1593800637; 36350.52; 3891.18
754; 0.178517531142442; 37900.6174682209; 35799.43; 3906.23
755; 0.181763695781205; 37523.1145113611; 35425.85; 3828.35
756; 0.187833929631561; 36946.8271444895; 34827.03; 3743.38
757; 0.192721105972528; 36562.9556486503; 34410.79; 3702.66
758; 0.184728076883756; 35865.2915694094; 33811.43; 3684.93
759; 0.186126346928401; 35474.9216222895; 33440.04; 3621.75
760; 0.189952330182353; 35143.5568035419; 33139.18; 3493.96
761; 0.192558047100374; 34592.7441388458; 32613.99; 3401.02
762; 0.192241824589751; 34240.8191082751; 32292.61; 3352.45
763; 0.19695272490732; 33772.5759819361; 31771.54; 3359.62
764; 0.199731404717343; 33459.5707751405; 31448.33; 3328.52
765; 0.202037920637846; 33013.1613129787; 31036.39; 3233.82
766; 0.202283321840181; 32726.7522926959; 30772.39; 3192.98
767; 0.199825580897466; 32234.8408405577; 30284.41; 3225.85
768; 0.199424072995598; 31946.941268396; 29988.76; 3245.29
769; 0.198972840552953; 31563.8178878645; 29632.01; 3208.64
770; 0.19781464430036; 31299.0148252869; 29416.24; 3145.31
771; 0.195505427743168; 30939.8197766528; 29114.84; 3083.51
772; 0.190495469328588; 30679.3461665628; 28894.55; 3093.66
773; 0.194311644944916; 30345.5787523844; 28544.39; 3059.41
774; 0.195767565459596; 30139.0270528431; 28321.23; 3063.21
775; 0.200077118519954; 29850.4561383476; 28009.35; 3034.61
776; 0.201808440706868; 29633.9078240848; 27784.78; 3020.54
777; 0.203519044201896; 29277.8861782; 27440.76; 2974.96
778; 0.209062368485593; 29103.9511828039; 27225.52; 2960.35
779; 0.221798848752764; 28825.1490534071; 26867.33; 2907.64
780; 0.224738698400947; 28627.5528053638; 26670.64; 2867.55
781; 0.229508879563863; 28334.1528056774; 26351.76; 2843.88
782; 0.235208616422909; 28129.7802743002; 26139.45; 2785.37
783; 0.227594235364327; 27728.00319902; 25815.51; 2765.37
784; 0.225766172506824; 27526.5783816453; 25624.56; 2771.79
785; 0.225172535443494; 27262.905654888; 25373.98; 2759.18
786; 0.22025405054307; 27044.0419924242; 25157.95; 2815.76
787; 0.215711972993905; 26778.7117024437; 24919.97; 2832.46
788; 0.217419204098148; 26618.5847748301; 24750.4; 2823.6
789; 0.213464426184993; 26326.2480946839; 24472.97; 2852.15
790; 0.214174693261012; 26165.7212961201; 24319.16; 2831.58
791; 0.224135649159283; 25970.4845691172; 24066.1; 2789.76
792; 0.22145207304066; 25754.9623118914; 23876.82; 2784.04
793; 0.225701165421483; 25509.5691819617; 23610.65; 2761.32
794; 0.225801752952985; 25344.542194189; 23494.7; 2688.33
795; 0.230885065867031; 25111.1355216916; 23258.27; 2633.27
796; 0.227282366218965; 24853.0527105086; 23037.62; 2620.8
797; 0.233362308487505; 24681.8623219533; 22858.73; 2563.26
798; 0.236095322229135; 24443.359615955; 22634.22; 2514.06
799; 0.239062386649951; 24289.679452699; 22499.02; 2457.18
800; 0.242988304281656; 24095.6123306555; 22323.51; 2392.12
801; 0.241436256025189; 23893.5215884152; 22155.83; 2359.92
802; 0.239924430885019; 23640.2662833118; 21920.22; 2349.85
803; 0.244199132648924; 23489.4625941682; 21780.52; 2292.86
804; 0.243527084896459; 23278.9314326223; 21606.77; 2248.84
805; 0.240355391464787; 23129.905403027; 21479.93; 2247.71
806; 0.242968856505124; 22922.9526844855; 21254.87; 2247.36
807; 0.241407034906251; 22797.3036985175; 21119.44; 2274.8
808; 0.242321620117049; 22610.298230802; 20882.02; 2333.86
809; 0.241522795117659; 22488.158113916; 20775.11; 2320.5
810; 0.240284229694593; 22284.0488747825; 20572.94; 2329.3
811; 0.239927056606164; 22155.3151195897; 20459.09; 2311.81
812; 0.239778479081098; 21940.2506514773; 20231.19; 2330
813; 0.244587341118722; 21834.2168999773; 20126.93; 2281.16
814; 0.242122082184869; 21659.7267438824; 19982.49; 2263.1
815; 0.242717909486984; 21514.6098043037; 19835.99; 2258.97
816; 0.246255339762945; 21326.1469121209; 19674.5; 2190.25
817; 0.25344915442109; 21144.4619675659; 19480.03; 2144.21
818; 0.254967189802833; 21016.0234329235; 19358.41; 2122.37
819; 0.263667990994167; 20854.2327459684; 19163.69; 2092.7
820; 0.259125585165674; 20711.3954912548; 19059.87; 2079.77
821; 0.25807940953797; 20523.2390647392; 18869.97; 2089.8
822; 0.260642970751713; 20400.6165336788; 18771.84; 2038
823; 0.26640564741975; 20262.1964149986; 18637.36; 1988.58
824; 0.269676046554814; 20166.858731021; 18540.73; 1965.52
825; 0.271742107084053; 20024.3890206939; 18410.31; 1936.06
826; 0.275078634334507; 19941.9771028334; 18358.37; 1876.47
827; 0.284995939997517; 19820.4836562464; 18219.8; 1830.88
828; 0.284279805446506; 19697.9410607389; 18123.26; 1805.85
829; 0.29398961648836; 19560.1735990876; 17967.58; 1765.9
830; 0.289427766013039; 19392.4964677457; 17779.31; 1816.81
831; 0.290568647179096; 19270.636906206; 17652.68; 1814.15
832; 0.294198471481445; 19110.1273371444; 17529.03; 1750.1
833; 0.295011351566421; 18997.9058124488; 17412.36; 1749.34
834; 0.291331506197118; 18831.1170862254; 17227.97; 1790.29
835; 0.290176484968682; 18712.6832289257; 17105.29; 1801.71
836; 0.291690804931293; 18567.9079486848; 16960.05; 1792.41
837; 0.280765928230328; 18425.0635410666; 16883.79; 1785.27
838; 0.281110717230458; 18242.9419827034; 16729.11; 1751.56
839; 0.277807540106187; 18077.5906335952; 16573.41; 1762.34
840; 0.275474887741072; 17981.0606653097; 16482.79; 1770.28
841; 0.270903632223985; 17831.6660572479; 16388.33; 1736.11
842; 0.269741514674167; 17726.1500519485; 16298.12; 1724.71
843; 0.276947837315012; 17608.4494937116; 16153.65; 1710.88
844; 0.280404244637512; 17533.5593565901; 16056.8; 1714.91
845; 0.289572691377444; 17415.4667882723; 15909.65; 1692.85
846; 0.286585209643442; 17300.9076558728; 15810.65; 1692.44
847; 0.284341278682832; 17147.7611109054; 15670.24; 1690.78
848; 0.296256274040809; 17037.479289259; 15506.32; 1681.31
849; 0.302654833322028; 16955.1051998235; 15414.62; 1655.36
850; 0.296894994199046; 16767.7591990183; 15274.38; 1635.45
851; 0.28934016019752; 16634.5988053127; 15192.66; 1619.98
852; 0.290855885439947; 16462.6429726886; 15050.06; 1578.32
853; 0.292005446386832; 16362.2520653564; 14959.51; 1560.8
854; 0.295925584602396; 16202.1358928294; 14837.47; 1497.93
855; 0.29334863678687; 15994.6808567712; 14678.97; 1456.55
856; 0.295713031966042; 15867.9132934609; 14584.2; 1409.49
857; 0.288750838418601; 15702.2279531096; 14440.99; 1417.88
858; 0.293858974601475; 15603.2321285527; 14333.91; 1401.89
859; 0.300612971888206; 15445.6841111279; 14148.13; 1400.6
860; 0.304654199728239; 15343.1806969503; 14045.52; 1381.82
861; 0.30469800862955; 15178.9468822812; 13855.36; 1408.95
862; 0.302272857106727; 15008.4864782752; 13650.11; 1457.3
863; 0.294748075956449; 14868.7288568626; 13521.4; 1482.06
864; 0.292965567290638; 14670.9761452667; 13325.76; 1488.4
865; 0.294697757974457; 14547.8701133107; 13189.68; 1493.63
866; 0.292492971961361; 14349.5618785452; 13022.23; 1470.41
867; 0.286990330025581; 14115.2767117842; 12804.92; 1479.1
868; 0.275739323297867; 13929.712722762; 12682.05; 1465.51
869; 0.283378758886225; 13721.0714491153; 12491.78; 1404.73
870; 0.289949449095905; 13578.2194431281; 12338.43; 1384.35
871; 0.291677416926736; 13323.834923388; 12080.58; 1379.68
872; 0.298042139650379; 13139.4927916471; 11906.26; 1339.07
873; 0.297583630976958; 12853.7030510753; 11639.84; 1319.81
874; 0.311638540655119; 12608.8696331894; 11399.08; 1255.77
875; 0.321711661179447; 12450.2706238123; 11242.92; 1213.76
876; 0.327368409446848; 12211.3779236036; 10985.25; 1211.1
877; 0.325927373574027; 12039.1928308917; 10847.61; 1181.95
878; 0.324433185745514; 11819.1991296829; 10641.56; 1173.23
879; 0.31571953755342; 11632.8364600146; 10503.64; 1155.79
880; 0.306490354745965; 11518.2796002118; 10448.03; 1128.22
881; 0.288419935604999; 11355.1604619665; 10326.28; 1152.3
882; 0.28692746296103; 11265.8743794384; 10242.01; 1152.42
883; 0.289733548651679; 11171.7458426477; 10137.62; 1152.47
884; 0.300452012892123; 11086.9841828928; 10056.16; 1107.59
885; 0.299540184010581; 11028.1467988134; 10008.15; 1099.04
886; 0.291458423428538; 10923.2651143849; 9928.66; 1101.18
887; 0.29929140906021; 10897.0278624101; 9859.69; 1118.25
888; 0.304388822304602; 10838.9764037152; 9801.26; 1099.78
889; 0.315593177381042; 10828.7641762684; 9780.08; 1071.77
890; 0.319829925482201; 10810.2272828818; 9765.36; 1053.55
891; 0.31950454017486; 10783.7458541056; 9743.04; 1050.25
892; 0.321811764456643; 10785.1304225214; 9746.33; 1040.64
893; 0.322706032886426; 10833.809227397; 9787.54; 1045.08
894; 0.339826972160683; 10930.3682647737; 9883.65; 992.69
895; 0.34177616893079; 11021.8924937602; 9941.94; 1018.2
896; 0.336350072072429; 11144.817095678; 10078.39; 1021.5
897; 0.335879252786814; 11248.9763810511; 10166.26; 1038.42
898; 0.328119744969522; 11432.8435693891; 10361.05; 1052.08
899; 0.338807395370475; 11679.3201481769; 10562.47; 1061.55
900; 0.346959778165916; 11806.0609256276; 10658.14; 1065.27
901; 0.345611334367927; 11968.5217358657; 10815.55; 1073.99
902; 0.355729579626104; 12100.1738600367; 10934.36; 1054.89
903; 0.359651297403961; 12150.4023309728; 10970.1; 1056.18
904; 0.348456799239919; 12139.865276807; 10989.16; 1062.6
905; 0.344309518632675; 12099.5770807386; 10939.43; 1084.08
906; 0.336423765201115; 11984.3983499992; 10849.15; 1085.5
907; 0.330428676756392; 11820.1747102964; 10697; 1093.26
908; 0.33161289386898; 11689.457903495; 10555.74; 1099.4
909; 0.332611769969205; 11429.4073323757; 10321.72; 1070.79
910; 0.334502863652912; 11130.2460749275; 10040.56; 1047.26
911; 0.341905504727796; 10920.2598678027; 9836.75; 1018.61
912; 0.336850168082979; 10562.072016077; 9509.29; 1004.41
913; 0.3378709622948; 10294.9875142892; 9284.93; 960.61
914; 0.333523651588591; 9872.72143425041; 8936.09; 902.24
915; 0.322160495729678; 9479.35565409351; 8593.23; 883.55
916; 0.314766348030396; 9222.37553588591; 8358.64; 881.31
917; 0.304162849769841; 8854.16421769061; 8044.06; 855.29
918; 0.298482154075685; 8510.60385737832; 7734.89; 834.43
919; 0.295602700660569; 8281.8478623482; 7536.13; 809.87
920; 0.305102907315166; 7993.0620112125; 7222.62; 810.56
921; 0.318603526294289; 7720.53138727269; 6930.99; 795.35
922; 0.311149367673225; 7506.02526323401; 6774.69; 754.29
923; 0.319682563864455; 7220.14449971921; 6509.7; 713.09
924; 0.323690328455419; 7034.94410849823; 6322.57; 706.08
925; 0.338985465234239; 6774.62826591089; 6075.18; 661.9
926; 0.337165620656751; 6502.03813091556; 5851.98; 618.42
927; 0.34733627669171; 6329.51809541377; 5694.31; 586.52
928; 0.342306856354595; 6058.11406612627; 5474.57; 546.66
929; 0.342638587991993; 5787.61335607036; 5224.19; 527.23
930; 0.351741318813445; 5605.17591689063; 5063.92; 493.33
931; 0.360445095181077; 5290.35764119679; 4795.95; 439.69
932; 0.34308008142981; 4912.87145970208; 4487.67; 397.23
933; 0.351210155740623; 4647.28622539812; 4237.99; 373.47
934; 0.348038794326563; 4208.11885710708; 3829.38; 348.69
935; 0.3532243093691; 3735.35609987649; 3399.61; 304.54
936; 0.337750959800585; 3407.44099081425; 3113.15; 279.13
937; 0.334212928789089; 2927.66756959951; 2671.98; 245.05
938; 0.3203749088582; 2480.79173420808; 2270.22; 210.5
939; 0.316085029655399; 2219.13307345557; 2025.85; 195.82
940; 0.333064470531055; 1910.47098294827; 1739.17; 164.68
941; 0.29783485007482; 1670.86052221484; 1539.66; 141.03
942; 0.315886255827369; 1567.66246810183; 1436.09; 133.33
943; 0.305396920693267; 1464.22674289795; 1341.6; 128.52
944; 0.301745406661169; 1415.34005022661; 1307.75; 114.11
945; 0.323627694268308; 1413.33396223672; 1303.6; 108.5
946; 0.346678251473619; 1444.49426223746; 1333.04; 102.86
947; 0.320381873774306; 1489.40746160289; 1384.03; 105.22
948; 0.334142863584076; 1530.84140609663; 1417.49; 108.51
949; 0.350657834551753; 1606.61534725712; 1484.51; 111.37
950; 0.359409854413791; 1694.87720313093; 1568.46; 112.48
951; 0.336071916290615; 1758.79991492451; 1620.7; 131.39
952; 0.347070063489804; 1854.03468131729; 1706.44; 135.96
953; 0.336830664247516; 1946.77380528603; 1789.69; 149.08
954; 0.343011602837224; 2018.94179950895; 1842.76; 164.17
955; 0.343908633176722; 2126.85506684362; 1938.47; 175.06
956; 0.316679359799624; 2214.00225090025; 2015.74; 200.06
957; 0.29947106330455; 2272.21405288952; 2074.84; 210.58
958; 0.282171039237821; 2347.42810066355; 2159.3; 213
959; 0.296606927215094; 2430.80397279245; 2226.2; 220.35
960; 0.314497618147446; 2478.04643985744; 2258.64; 222.82
961; 0.318181668006812; 2523.81607020041; 2314.58; 210.01
962; 0.308265875385332; 2556.16439498001; 2345.94; 217.76
963; 0.331380537592099; 2596.60901407492; 2377.95; 210.67
964; 0.374259713671519; 2635.96198491816; 2403.17; 198.57
965; 0.407119485182159; 2677.56870575423; 2419.1; 202.65
966; 0.35823926022705; 2682.07188331527; 2426.53; 227.67
967; 0.35065835645009; 2691.47526924987; 2436.22; 232.3
968; 0.338063394609018; 2713.59306294869; 2439.28; 258.91
969; 0.349596624495449; 2730.94458921018; 2457.72; 249.35
970; 0.367301970397488; 2735.31326770465; 2448.04; 249.5
971; 0.352776546027901; 2725.38109312823; 2440.34; 257.72
972; 0.34304213992937; 2714.3877483836; 2421.76; 272.06
973; 0.349759160348964; 2710.01425667007; 2416.98; 267.17
974; 0.344593263520508; 2695.3135438595; 2393.48; 279.29
975; 0.358508612040818; 2669.8830196525; 2372.9; 264.1
976; 0.355947458212757; 2644.18065758077; 2358.57; 255.78
977; 0.331221509666214; 2608.40615391048; 2340.52; 257.79
978; 0.344444323092441; 2589.32733253006; 2317.54; 251.47
979; 0.361815188518966; 2560.96768809886; 2296.03; 233.34
980; 0.381844531480376; 2553.01420208811; 2284.47; 224.08
981; 0.362226968480187; 2512.29906013347; 2262.27; 219.9
982; 0.34508925194338; 2473.29612992981; 2224.51; 229.65
983; 0.35689332491782; 2446.21590187787; 2195.53; 223.72
984; 0.342150219441105; 2406.91797352972; 2155.5; 234.01
985; 0.323605091982545; 2343.98322273993; 2110.01; 230.23
986; 0.323698461104355; 2300.30663533768; 2070.23; 226.3
987; 0.315165076046748; 2263.25542956982; 2046.29; 219.16
988; 0.318582372830246; 2217.27219498621; 2015.81; 201.29
989; 0.305252219425849; 2170.33957057288; 1986.92; 191.24
990; 0.302932326570074; 2145.33815164926; 1966.94; 187.41
991; 0.335371153184056; 2112.23033298095; 1937.5; 165.78
992; 0.3384236137121; 2082.28595916956; 1901.91; 169.57
993; 0.332186607854531; 2035.57797535405; 1861.38; 166.82
994; 0.335891911900064; 2006.82366629293; 1832.46; 165.12
995; 0.341289646368612; 1962.7242161917; 1794.05; 157.19
996; 0.364494531247505; 1928.35147405604; 1758.97; 147.78
997; 0.302996886825393; 1872.64485242778; 1716.4; 163.97
998; 0.276887439117277; 1839.17749447336; 1688.1; 173.48
999; 0.264164617118205; 1792.24056801735; 1650.03; 171.14
1000; 0.231986687219082; 1744.48093949803; 1609.02; 185.61
1001; 0.245700637122758; 1719.79844644113; 1580.42; 180.3
1002; 0.23598569839708; 1678.54355842605; 1546.21; 178.21
1003; 0.239188592933104; 1635.82223665194; 1497.81; 183.35
1004; 0.248684889003751; 1598.00991917769; 1460.1; 176.2
1005; 0.309919127712912; 1591.19862495083; 1449.53; 145.22
1006; 0.307759134160058; 1550.29399061688; 1418.88; 135.64
1007; 0.352308240226089; 1525.16036441731; 1397.07; 115.48
1008; 0.289701369153033; 1479.55433405623; 1356.36; 135.05
1009; 0.315937049529871; 1458.94735693515; 1334.93; 124.65
1010; 0.3008231319656; 1424.9616489759; 1309.48; 121.89
1011; 0.311949146812536; 1392.42875770016; 1286.97; 107.33
1012; 0.24615022539616; 1340.22746381864; 1248.79; 117.92
1013; 0.276092416062598; 1326.70103913621; 1229.48; 111.77
1014; 0.301037832599086; 1299.52867372315; 1199.46; 105.5
1015; 0.332807100751755; 1276.20906120819; 1179.87; 91.86
1016; 0.427960057053186; 1251.27605819731; 1146.33; 77.81
1017; 0.445000003947061; 1227.0161783671; 1130.63; 68.72
1018; 0.425963453650062; 1196.16735553296; 1094.13; 75.99
1019; 0.510483713475111; 1165.16965774206; 1067.69; 60.57
1020; 0.4641859636233; 1128.82228870469; 1039.75; 60.86
1021; 0.383826161589986; 1100.78188870229; 1011.01; 74.17
1022; 0.412438397745455; 1075.41836256558; 975.94; 76.48
1023; 0.438575333045339; 1055.68805099498; 958.07; 70.57
1024; 0.392402375035163; 1032.32159050488; 929.97; 82.69
1025; 0.409408012375825; 1019.0196342287; 912.36; 82.58
1026; 0.392605976349487; 998.457984031671; 884.67; 91.86
1027; 0.389588153442481; 972.38995903154; 867.05; 85.69
1028; 0.361961057437989; 940.386312891477; 851.71; 77.63
1029; 0.408193794222095; 926.005690532448; 842.96; 64.46
1030; 0.352197201665148; 893.200501809281; 821.84; 64.19
1031; 0.422520714254341; 857.279299624501; 808.78; 36.36
1032; 0.456136641961498; 837.908576429704; 792.89; 31.26
1033; 0.573472365245393; 817.320735959588; 772.16; 24.94
1034; 0.768077897969499; 798.339560059378; 763; 14.57
1035; 1.28058003566962; 780.833072710378; 737.68; 10.67
1036; 0.610798156136015; 749.056983668766; 715.72; 17.28
1037; 0.464319292114555; 735.723268981015; 697.53; 26.04
1038; 0.435415468634406; 720.359378669502; 687.69; 23.75
1039; 0.949174792723334; 619.696667303716; 748.47; -42.94
1040; 0.82821173575791; 773.319446962931; 651.18; 46.67
1041; 5.41324786668772; 619.696667303716; 653.74; -1.99
