# 20/02/2019 16:16:46
# NanoCalc data
# Original file name: C:\SVA_DATA\StudentProjects\2018_Nathan\homopolymer_swelling\PSswellingrun2_331.dat
# Fit Result : Fitness; Thickness 1; Thickness 2; Thickness 3 
# Fit Result : 0.0619198907732231; 2; 332.5; -1
# comment:PS id:350 ref:topsiloptics swelling run2 
#
# WaveLength; Reflectance; Raw Intensity; Dark Intensity; Reference Intensity
400; 0.256106466849757; 4189.9541379055; 3879.71; 587.4
401; 0.23186804609742; 4302.28254110307; 4007.34; 614.14
402; 0.235097290353765; 4400.00582974021; 4089.31; 635.26
403; 0.213136074081819; 4487.73190372393; 4198.31; 650.03
404; 0.205619267224685; 4588.12971739084; 4308.46; 648.35
405; 0.206142277052053; 4750.69902983245; 4456.61; 677.41
406; 0.206824842661516; 4862.27402029209; 4564.45; 681.07
407; 0.188351479942085; 4966.49984506362; 4693.78; 682.14
408; 0.180061338896501; 5060.56262327378; 4786.79; 713.46
409; 0.170406909944844; 5156.60199659562; 4891.06; 728.51
410; 0.147196508361814; 5283.17085511343; 5047.52; 745.65
411; 0.135745621268493; 5355.7900708456; 5133.46; 760.15
412; 0.135204223032291; 5434.38248504068; 5207.85; 774.86
413; 0.130625305802582; 5505.78941088524; 5289.87; 761.9
414; 0.116073946042353; 5600.6341175361; 5399.05; 797.8
415; 0.102839733512952; 5666.19583767414; 5484.45; 809.18
416; 0.100245007646468; 5742.40977798483; 5567.21; 797.56
417; 0.0983079688416157; 5818.93969853791; 5640.47; 825.71
418; 0.0993822771158073; 5932.09269091851; 5745.32; 851.93
419; 0.0962398593783099; 6017.73985544356; 5837.55; 846.21
420; 0.0912286044063613; 6111.87354466757; 5937.53; 861.15
421; 0.0840295488210436; 6217.24243267178; 6056.08; 861.72
422; 0.0892781371695966; 6385.01844015542; 6206.92; 893.67
423; 0.0861272742681881; 6500.09652866892; 6325.75; 904.16
424; 0.0925095155177565; 6637.4658207052; 6447.44; 914.76
425; 0.0895407817871633; 6774.47080339976; 6588.07; 924.54
426; 0.0863340185957072; 6981.22507035194; 6798.69; 936.44
427; 0.0825027020761939; 7126.86730911067; 6950.42; 944.65
428; 0.0827781108193291; 7275.76638839618; 7093.04; 972.34
429; 0.0852005784699731; 7414.65746001418; 7222.32; 991.93
430; 0.0850079276389052; 7635.26814158672; 7438.56; 1014.23
431; 0.0923298564638172; 7789.32322588409; 7568.54; 1045.51
432; 0.0960486784349975; 7904.91712334016; 7669.88; 1067.25
433; 0.0964974668659076; 8015.2707426167; 7773.46; 1090.28
434; 0.092205524775946; 8174.99077766348; 7941.66; 1098.36
435; 0.0958656657150006; 8287.87535263611; 8032.82; 1152.29
436; 0.109786833108237; 8413.23302601505; 8119.6; 1155.85
437; 0.114406670762931; 8528.48749473041; 8215.7; 1178.81
438; 0.118082700891832; 8693.39034239298; 8367.16; 1188.44
439; 0.120792370839141; 8785.43131815701; 8444.76; 1210.44
440; 0.120375620481347; 8893.0493261053; 8551.57; 1214.72
441; 0.124010613380637; 9010.05066974581; 8656.01; 1219.77
442; 0.131665892297998; 9212.24218884255; 8831.26; 1233.49
443; 0.142002673607458; 9344.43316979831; 8939.09; 1214.16
444; 0.136746216524286; 9474.06269092455; 9072.21; 1247.24
445; 0.124317359665782; 9581.21616658939; 9218.16; 1236.69
446; 0.134361918515011; 9809.28818057268; 9418.63; 1228.42
447; 0.140145286991419; 10006.8666347296; 9595.14; 1238.58
448; 0.139543596992912; 10204.1770608626; 9790.25; 1247.85
449; 0.144392408226918; 10509.8327112678; 10077.07; 1258.16
450; 0.147776969311367; 10718.7457919957; 10261.67; 1295.63
451; 0.147221966032048; 10919.5602663489; 10465.9; 1288.2
452; 0.148140463421058; 11134.0994686441; 10678.16; 1284.02
453; 0.171421911933666; 11536.3599190629; 10993.19; 1319.32
454; 0.175700187466654; 11801.7022823322; 11215.2; 1387.13
455; 0.187178956094052; 12057.9139408423; 11425.23; 1401.85
456; 0.192296612800808; 12326.7382178849; 11656.99; 1441.68
457; 0.200057243720504; 12719.6780370799; 11991.27; 1504.28
458; 0.199678096927882; 13001.0262800045; 12256.59; 1537.35
459; 0.210035721165128; 13280.2451155544; 12478.81; 1570.51
460; 0.21914077164535; 13558.2458935168; 12672.85; 1659.84
461; 0.230536605743582; 13974.8178358969; 13002.92; 1728.72
462; 0.233048213697011; 14191.6103963315; 13194.8; 1750.65
463; 0.232565727808015; 14428.4725646858; 13420.38; 1770.92
464; 0.235351628917305; 14824.3609278891; 13767.34; 1831.55
465; 0.242555324615365; 15114.8667725269; 14013.55; 1848.43
466; 0.244641686856726; 15377.1534923677; 14250.15; 1872.12
467; 0.247566295241321; 15664.5174754387; 14496.25; 1914.52
468; 0.253465103603541; 16202.3178448747; 14972.09; 1965.82
469; 0.249293947253157; 16525.1745968631; 15298.15; 1990.22
470; 0.254652490886103; 16910.3563502133; 15628.65; 2031.84
471; 0.256692340056547; 17375.3319970634; 16052.96; 2076.24
472; 0.266604911424503; 18097.1615295243; 16671.97; 2150.98
473; 0.271462718651466; 18605.0140942624; 17105.98; 2218.37
474; 0.277203122668365; 19177.8008612245; 17593.16; 2292.79
475; 0.283867008988521; 20134.4677048547; 18454.04; 2370.51
476; 0.286725160097076; 20764.9315767189; 19026.18; 2424.39
477; 0.291822744669021; 21461.83128416; 19644.74; 2485.41
478; 0.290511133159218; 22256.3865557164; 20382.52; 2570.48
479; 0.298408795194465; 23432.0109070843; 21398.92; 2710.86
480; 0.306235647700254; 24271.568987005; 22101.79; 2814.77
481; 0.307810756988767; 25051.5059646911; 22814.87; 2882.32
482; 0.30820376943618; 26263.1754735239; 23905.63; 3029.69
483; 0.306957382278519; 27046.175394467; 24625.21; 3119.24
484; 0.31545947429935; 27876.9142794602; 25326.6; 3192.56
485; 0.321892209216269; 28712.5161524208; 26037.35; 3277.01
486; 0.330766681184295; 29829.6517164737; 26968.07; 3406.11
487; 0.330027437059309; 30512.543433733; 27590.49; 3480.62
488; 0.335731325244513; 31225.4518817844; 28238.74; 3491.9
489; 0.335715728492558; 31861.5919434546; 28832.56; 3536.48
490; 0.343354752551537; 32780.929703199; 29602.73; 3622.88
491; 0.345213303960601; 33347.8133396652; 30093.52; 3684.84
492; 0.34656025232895; 33862.1447675315; 30535.42; 3747.31
493; 0.346697957148008; 34566.1311715882; 31155.89; 3835
494; 0.350947059113589; 35026.4922600386; 31543.93; 3864.09
495; 0.353663121713315; 35483.0328437095; 31943.61; 3892.15
496; 0.349370754120553; 36012.2836572874; 32475.12; 3932.61
497; 0.351874932308613; 36414.0075265993; 32811.79; 3971.53
498; 0.353423448406328; 36799.4932913141; 33145.13; 4006.41
499; 0.356761899339044; 37220.1259255061; 33528.57; 4004.25
500; 0.355839970898085; 37806.5698308669; 34045.25; 4085.41
501; 0.355794775615721; 38175.1298168286; 34411.09; 4083.6
502; 0.355343979050735; 38556.4616174483; 34785.49; 4090.91
503; 0.352094465073704; 39058.1265187009; 35280.64; 4130.52
504; 0.35580093446565; 39514.7402031428; 35648.81; 4177.84
505; 0.361129101242106; 39985.6441044096; 36028.85; 4207.93
506; 0.359830085019015; 40421.0570127854; 36418.92; 4266.42
507; 0.356731317155414; 41062.3942948969; 36984.21; 4380.21
508; 0.361056304916536; 41494.8927658737; 37348.87; 4394.66
509; 0.360797403086089; 41913.334523795; 37773.59; 4386.29
510; 0.362839212466568; 42638.36298053; 38431.4; 4427.4
511; 0.365646617870941; 43131.4175886185; 38870.67; 4444.52
512; 0.36809389113198; 43637.1539563891; 39297.85; 4491.25
513; 0.368908444783767; 44322.798577664; 39940.14; 4521.05
514; 0.364734926089845; 44779.453080763; 40368.94; 4596.58
515; 0.368923828802128; 45297.1664377732; 40784.87; 4644.04
516; 0.368852634007602; 45757.9383844297; 41168.74; 4718.67
517; 0.376870571012012; 46581.3717559678; 41758.69; 4847.65
518; 0.374876910963828; 47054.9385071455; 42135.74; 4965.34
519; 0.378149693287599; 47612.8395891055; 42543.16; 5067.19
520; 0.377939289073322; 48344.8393261351; 43150.1; 5189.3
521; 0.376714311882723; 48820.0460660521; 43588.6; 5237.37
522; 0.379978462744023; 49310.410360977; 43994.16; 5270.91
523; 0.384717148470506; 50054.2917350373; 44649.95; 5286.71
524; 0.389647471880677; 50570.4001183911; 45111.24; 5267.23
525; 0.38577089240846; 50967.5633035938; 45486.44; 5336.08
526; 0.382515046203346; 51561.3434817945; 46109.8; 5346.95
527; 0.378706487761899; 51918.1193550561; 46489.36; 5372.87
528; 0.377902217698449; 52265.8328878579; 46848.18; 5367.87
529; 0.371432007523467; 52544.2626179436; 47152.18; 5430.24
530; 0.370345965934332; 52954.7126512499; 47540.28; 5463.47
531; 0.366411168430564; 53170.8964244112; 47725.2; 5548.94
532; 0.362270570787973; 53361.1723419856; 47915.08; 5607.62
533; 0.360355083905158; 53648.3029084155; 48188.92; 5645.99
534; 0.354376267356014; 53759.9656534826; 48323.49; 5711.89
535; 0.351873817719292; 53945.5302400819; 48452.04; 5806.75
536; 0.352614482061368; 54209.6195560672; 48701.61; 5803.91
537; 0.35332975583037; 54407.7521011324; 48848.28; 5839.98
538; 0.352084547593136; 54592.0991245476; 49040.57; 5845.94
539; 0.354655482946079; 54920.3976024882; 49354.18; 5813.06
540; 0.355007511944033; 55110.1487271186; 49531.13; 5814.78
541; 0.354187102998116; 55334.0743165539; 49764.19; 5813.86
542; 0.35724744930186; 55729.0772285435; 50112.64; 5807.38
543; 0.363897245953931; 56024.0451124555; 50340.57; 5764.78
544; 0.358719900622327; 56251.7915723675; 50577.91; 5833.52
545; 0.363263725138763; 56698.3840639804; 50922.01; 5859.84
546; 0.364445016792062; 56988.2524053819; 51192.1; 5856.07
547; 0.366592087575603; 57294.0405434979; 51473.06; 5841.64
548; 0.364490387915783; 57743.7913300062; 51889.91; 5903.55
549; 0.362929731957054; 57967.6761883253; 52111.45; 5926.15
550; 0.360189825125064; 58234.7468747871; 52411.31; 5932.77
551; 0.357335049175345; 58499.4795683107; 52762.8; 5886.08
552; 0.356692462344982; 58901.1046664544; 53234.48; 5819.73
553; 0.353496154819942; 59145.7101696125; 53497.77; 5848.16
554; 0.34934993191187; 59428.6025755978; 53782.53; 5910.57
555; 0.341522874708773; 59728.6978514779; 54178.77; 5938
556; 0.339715446842696; 60002.1117483784; 54506.65; 5905.8
557; 0.337980046821263; 60329.0340024347; 54860.33; 5902.16
558; 0.334724443158096; 60843.7971691569; 55420.29; 5905.24
559; 0.32919179247677; 61230.8203699478; 55810.51; 5995.79
560; 0.328478035649943; 61668.6618870491; 56209.19; 6047.02
561; 0.323264895059953; 62411.8162576492; 56981.81; 6106.26
562; 0.317844482646455; 62919.4451895918; 57482.48; 6212.98
563; 0.3107028875158; 63511.1107164909; 58117.91; 6299.5
564; 0.307620198420729; 64434.4947953018; 58992.24; 6415.27
565; 0.304814395351879; 65002.0461272387; 59567.68; 6460.18
566; 0.302092245759703; 65504.7268761606; 60075.18; 6507.81
567; 0.298084014076985; 66172.3763753888; 60727.68; 6609.19
568; 0.293446919025375; 66486.286748356; 61032.05; 6720.78
569; 0.290476550217097; 66685.2353455853; 61281.45; 6721.9
570; 0.291922252773823; 66812.5981476807; 61454.25; 6627.63
571; 0.295099262418975; 66794.7638000924; 61385.47; 6613.52
572; 0.294222013031943; 66685.5241428552; 61345.78; 6542.73
573; 0.291516567403088; 66414.8524310426; 61091.63; 6577.76
574; 0.292553821359948; 66215.5472467915; 60848.44; 6603.01
575; 0.293035987165915; 65829.2169383109; 60514.05; 6523.12
576; 0.29067608439566; 65600.260119917; 60351.55; 6488.82
577; 0.288547266085784; 65355.8965061457; 60126.02; 6508.18
578; 0.280569492194595; 65021.9113329987; 59920.74; 6523.44
579; 0.276181971057152; 64817.5245649057; 59829.93; 6474.65
580; 0.270315258884633; 64619.1974957726; 59712.75; 6502.64
581; 0.267897397443073; 64390.9481619375; 59533.62; 6491.09
582; 0.263714831676092; 64191.1485862199; 59451.05; 6430.38
583; 0.264792059086612; 64108.9882418001; 59373.38; 6393.83
584; 0.259656025476134; 63915.442668351; 59326.92; 6313.68
585; 0.257352323388789; 63814.4324519465; 59266.51; 6309.73
586; 0.255705544133293; 63747.4540809159; 59208.17; 6334.18
587; 0.25609065971524; 63595.214923412; 59075.34; 6293.68
588; 0.255773986054289; 63506.7177185418; 59000.06; 6279.12
589; 0.253444374293153; 63396.612096787; 58963.16; 6230.17
590; 0.245733898002298; 63308.63270212; 58972.58; 6280.55
591; 0.241963999190098; 63220.8383590544; 58939.57; 6293.86
592; 0.240357903970976; 63240.0345870052; 58962.25; 6326.78
593; 0.235911679652044; 63258.1694819888; 59051.12; 6335.44
594; 0.231417027505415; 63270.4071326238; 59147.81; 6324.85
595; 0.223465597715236; 63419.4956388645; 59427.23; 6338.83
596; 0.219024818031223; 63580.1790267606; 59665.62; 6337.46
597; 0.215465459649081; 63803.7202158766; 59944.02; 6347.85
598; 0.217908474847205; 64329.1097610307; 60393.89; 6395.44
599; 0.213544784784043; 64716.7333504771; 60802.07; 6487.92
600; 0.212947947051244; 65170.5801327367; 61237.82; 6532.03
601; 0.205578139371529; 65910.1270315408; 62041.86; 6651.01
602; 0.203754470233169; 66519.7857544766; 62650.31; 6708.55
603; 0.203486831093541; 67152.6862459412; 63222.38; 6818.63
604; 0.202177000457692; 68007.0058433581; 64036.27; 6928.98
605; 0.198559929038514; 68573.3077506399; 64614.62; 7029.5
606; 0.191531814231095; 69111.011548344; 65221.81; 7155.15
607; 0.188588793495107; 69756.5462578845; 65873.44; 7250.98
608; 0.185876794035439; 70085.976096143; 66200.38; 7356.98
609; 0.185241083719216; 70479.1635965066; 66601.85; 7361.97
610; 0.185886864755823; 70601.509310174; 66682.86; 7410.05
611; 0.182065222826294; 70630.674415516; 66786.45; 7417.54
612; 0.176784747012221; 70557.1914750015; 66791.58; 7478.27
613; 0.174701372834078; 70430.7762630538; 66702.29; 7488.22
614; 0.175480239771048; 70225.8316241018; 66476.34; 7492.56
615; 0.16854084823092; 69717.7346795996; 66175.42; 7365.66
616; 0.164634734931326; 69332.8884667841; 65861.29; 7385.31
617; 0.162017053776314; 68718.0396447164; 65314.7; 7352.93
618; 0.156064226317218; 68231.4111955812; 64964.5; 7323.06
619; 0.152137065994582; 67736.0294946378; 64576.59; 7261.07
620; 0.147976149969828; 67023.7245169632; 63983.5; 7179.7
621; 0.145506903051585; 66531.5151482404; 63569.06; 7111.14
622; 0.141150346950497; 66050.2533104543; 63221.37; 6996.53
623; 0.139017960558338; 65408.9672959722; 62632.13; 6969.79
624; 0.13494292180137; 64974.7941102797; 62344; 6799.35
625; 0.133447705722534; 64412.7928233767; 61836.57; 6729.66
626; 0.134979043636205; 64084.0972408251; 61503.34; 6661.8
627; 0.135709090558775; 63754.708954078; 61171.85; 6628.34
628; 0.132595552222797; 63212.2754907582; 60729.71; 6517.4
629; 0.131766500574519; 62904.0232502174; 60451.26; 6476.72
630; 0.13150231056507; 62599.5876924199; 60160.41; 6450.84
631; 0.126972290237947; 62153.2612647143; 59813.31; 6406.46
632; 0.127532482791104; 61922.9358393251; 59575.32; 6396.47
633; 0.121559270399936; 61458.9097425422; 59248.97; 6314.52
634; 0.117668535096787; 61176.8924441805; 59029.26; 6336.49
635; 0.11755877143445; 60960.7577755272; 58822.84; 6310.28
636; 0.115485463867374; 60658.1799449526; 58565.78; 6283.38
637; 0.110624865775567; 60382.4802000784; 58378.52; 6278.42
638; 0.106025134400426; 60133.8940604703; 58214.2; 6271.55
639; 0.107534383750674; 59823.6575083085; 57895.48; 6207.28
640; 0.106225406174722; 59592.0991197635; 57681.02; 6224.28
641; 0.106064306517895; 59299.3378185217; 57374.86; 6274.18
642; 0.104306148884087; 59087.1117480299; 57214.97; 6203.21
643; 0.100727544217232; 58880.6801778492; 57065.53; 6224.99
644; 0.0976535116374406; 58527.7052622262; 56769.63; 6215.99
645; 0.0977786575530522; 58337.9069852971; 56584.01; 6190.59
646; 0.0983190468219379; 58083.1542377839; 56324.07; 6171.91
647; 0.092649372490858; 57856.6028979683; 56198.9; 6169.62
648; 0.0895521911378443; 57660.3520876402; 56065.68; 6137.8
649; 0.0836765348889153; 57422.7464975404; 55942.91; 6093.1
650; 0.0831520320587032; 57307.9007378226; 55818.01; 6170.5
651; 0.0834284359709242; 57176.6757519056; 55697.69; 6102.2
652; 0.0783544905333988; 57012.4391127908; 55641.02; 6021.82
653; 0.0771319318802653; 56926.7431484047; 55581.12; 5999.23
654; 0.0721351979087471; 56790.8031807363; 55540.87; 5955.84
655; 0.0714473749924649; 56699.7599521131; 55455.46; 5983.63
656; 0.0682454498082398; 56530.6278082809; 55344.5; 5969.06
657; 0.0638718752286654; 56377.2162793598; 55277.63; 5910.38
658; 0.0602043278225746; 56226.1567684326; 55204.34; 5824.9
659; 0.0591774294993773; 56053.3175633916; 55047.55; 5830.51
660; 0.0594691149336696; 55943.3110321145; 54929.62; 5845.22
661; 0.0587297103952602; 55701.6839003195; 54683.01; 5944.59
662; 0.0602195667918465; 55604.8174894306; 54559.22; 5947.6
663; 0.0618253179449423; 55503.5492208034; 54426.12; 5966.33
664; 0.0639436441039733; 55350.0800961616; 54230.29; 5992.13
665; 0.0676792394875397; 55255.5479993739; 54065.22; 6015.71
666; 0.0628478793746642; 55020.842693626; 53920.99; 5983.47
667; 0.0631744900779501; 54873.106319373; 53757.4; 6036.38
668; 0.0640954273513326; 54735.1358281643; 53603.39; 6033.4
669; 0.0643135758972642; 54515.505918453; 53389.22; 5981.63
670; 0.0625394061073883; 54354.8047442154; 53265.52; 5946.95
671; 0.0602559673153738; 54132.7904915795; 53105.39; 5818.38
672; 0.0583191030600997; 53975.1469411207; 52987.27; 5777.1
673; 0.0587892546748785; 53814.0553390427; 52821.18; 5756.48
674; 0.0611983631460531; 53569.8408318477; 52532.53; 5774.1
675; 0.0607290439528736; 53359.9312873244; 52340.42; 5716.33
676; 0.0580095122163004; 53001.0071917856; 52024.9; 5726.99
677; 0.0570635912709179; 52750.0137115105; 51790.68; 5720.01
678; 0.0545100500795657; 52309.7283980506; 51400.6; 5672.57
679; 0.053372655020369; 52026.7506926311; 51139.47; 5652.21
680; 0.0564417380850463; 51753.1515950613; 50812.34; 5665.47
681; 0.0572834697562283; 51361.4855421005; 50417.7; 5597.86
682; 0.0578745119730497; 51112.4488021119; 50168.59; 5538.97
683; 0.0579735667639934; 50776.0879832872; 49834.37; 5514.82
684; 0.058314777075063; 50526.5998150874; 49588.97; 5456.79
685; 0.05850273417145; 50192.5492435853; 49271.52; 5340.88
686; 0.0580976262458843; 49927.3260558885; 49008.94; 5360.76
687; 0.0568438839081662; 49685.742135733; 48792.9; 5324.53
688; 0.0558042229972728; 49332.44486837; 48456.63; 5318.38
689; 0.0561275861132406; 49096.020145402; 48215.91; 5311.76
690; 0.0551778955956848; 48732.6628488842; 47879.45; 5236.01
691; 0.0553748321986896; 48470.5646968749; 47628.27; 5148.61
692; 0.0613711491693584; 48308.2771620786; 47360.01; 5227.99
693; 0.0656146103230386; 47977.3335904816; 46961.94; 5233.98
694; 0.0644435903805635; 47713.5808096141; 46726.11; 5180.51
695; 0.067430408214925; 47330.5533964967; 46292.43; 5202.81
696; 0.0648351607177385; 47059.3813486676; 46081.86; 5093.04
697; 0.0698682189895181; 46710.255003843; 45648.74; 5129.93
698; 0.06933825451632; 46425.8138501604; 45374.87; 5115.5
699; 0.0707001556053305; 46053.245463077; 44988.06; 5082.95
700; 0.071307748885338; 45825.57622857; 44752.14; 5076.68
701; 0.0696608316215455; 45585.8462861455; 44551.71; 5004.93
702; 0.0724093117708903; 45297.7122090019; 44233.82; 4951.85
703; 0.0700253855474974; 45057.961978691; 44031.22; 4940.13
704; 0.0632063753708536; 44679.6597308532; 43744.41; 4983.88
705; 0.0629712646541271; 44452.3184233348; 43524.07; 4963.08
706; 0.0622456254375726; 44163.1595701672; 43266.29; 4849.44
707; 0.0586594751501719; 43948.95618396; 43109.56; 4814.1
708; 0.0567684670066191; 43718.6997811346; 42926.44; 4693.12
709; 0.0558614482442213; 43402.2195656225; 42623.37; 4686.88
710; 0.05773447793109; 43183.1176679562; 42372.11; 4720.34
711; 0.0621486493235409; 42881.2682247564; 42024.52; 4631.4
712; 0.0671098535830306; 42723.9694601205; 41817.41; 4537.41
713; 0.0699818201734585; 42430.2084388061; 41486.97; 4526.28
714; 0.0719647043968918; 42156.7054562427; 41181.55; 4549.67
715; 0.0729901520407405; 41758.8442897955; 40777.14; 4514.36
716; 0.0725340562480189; 41470.4348855044; 40498.7; 4495.24
717; 0.0723611639772995; 41137.3217733494; 40182.43; 4426.12
718; 0.0700197689319831; 40630.1533780242; 39722.66; 4345.35
719; 0.0668827288420751; 40268.1418677046; 39409.62; 4301.83
720; 0.0662786459751394; 39711.7220785885; 38871.98; 4244.39
721; 0.0659749263486297; 39381.8757216635; 38550.7; 4218.88
722; 0.0649997209067678; 38884.5393179102; 38073.41; 4177.36
723; 0.065482938941433; 38562.8089438786; 37756.27; 4121.55
724; 0.0680008096901066; 38122.4635921623; 37284.74; 4120.88
725; 0.0693236298678474; 37896.904398278; 37039.12; 4137.52
726; 0.0688727174540762; 37628.8885669156; 36788.59; 4078.21
727; 0.0722507100033141; 37541.4785676753; 36660.03; 4076.41
728; 0.0732090137040822; 37447.6176725953; 36555.23; 4071.6
729; 0.0782719902698836; 37357.9814201208; 36422.18; 3992.39
730; 0.0816029004533999; 37336.3413986168; 36362.89; 3982.39
731; 0.0856590380359784; 37363.6250849447; 36331.72; 4021.25
732; 0.0882077123119473; 37395.4949699452; 36330.31; 4030.5
733; 0.0996960442119484; 37525.5677604936; 36304.53; 4087.31
734; 0.104148012081702; 37544.031076711; 36263.81; 4101.85
735; 0.105031304229705; 37492.9919322239; 36206.03; 4087.76
736; 0.103999548806571; 37468.2956987006; 36191.32; 4095.14
737; 0.103232753232199; 37424.4302729749; 36142.71; 4139.48
738; 0.104089990171599; 37360.2185856054; 36079.48; 4100.85
739; 0.106163093667929; 37307.5312372932; 36014.4; 4058.17
740; 0.10358936018129; 37197.9196254648; 35942.82; 4035.18
741; 0.0975743109257386; 37121.0067601248; 35949.3; 3997.93
742; 0.102046948612188; 37157.5808268715; 35947.06; 3948.11
743; 0.101297058159297; 37197.6830589558; 35994.6; 3951.55
744; 0.101836752462408; 37315.0600302744; 36108.39; 3940.98
745; 0.102455912023083; 37438.211703417; 36221.33; 3948.84
746; 0.100045012865743; 37699.7472498562; 36516.3; 3931.42
747; 0.101430111033967; 37877.9570758297; 36674.41; 3942.12
748; 0.104129139248609; 38132.1404529847; 36895.62; 3943.79
749; 0.105823429712151; 38229.8809711657; 36969.51; 3954.39
750; 0.11239416407387; 38274.6890712145; 36938.78; 3945.37
751; 0.117691801830894; 38257.9903272554; 36868.3; 3919.34
752; 0.120841736358129; 38047.1036065923; 36634.37; 3880.23
753; 0.125967026489499; 37827.3734950685; 36350.52; 3891.18
754; 0.129688613693834; 37325.8912283204; 35799.43; 3906.23
755; 0.131797399985893; 36946.582776103; 35425.85; 3828.35
756; 0.13819964031264; 36386.6800774852; 34827.03; 3743.38
757; 0.140983613623281; 35985.1899015129; 34410.79; 3702.66
758; 0.134246668556016; 35304.0242932971; 33811.43; 3684.93
759; 0.135482851830138; 34921.2465560529; 33440.04; 3621.75
760; 0.136004699775642; 34574.3014599015; 33139.18; 3493.96
761; 0.136478644618443; 34016.4641472479; 32613.99; 3401.02
762; 0.138467589095322; 33695.8624860398; 32292.61; 3352.45
763; 0.141996848643966; 33214.2253123856; 31771.54; 3359.62
764; 0.144183452484551; 32900.2180450866; 31448.33; 3328.52
765; 0.145380983772158; 32458.8207855977; 31036.39; 3233.82
766; 0.147497967409207; 32197.4430549503; 30772.39; 3192.98
767; 0.149430087244277; 31742.9472371219; 30284.41; 3225.85
768; 0.147957399232471; 31441.5806316597; 29988.76; 3245.29
769; 0.149379093339212; 31082.3170368438; 29632.01; 3208.64
770; 0.15080885212203; 30851.6196262659; 29416.24; 3145.31
771; 0.142645317385827; 30446.3877860049; 29114.84; 3083.51
772; 0.139324413646206; 30199.9126958205; 28894.55; 3093.66
773; 0.145092889494267; 29889.3412029097; 28544.39; 3059.41
774; 0.144471871600121; 29662.7215887465; 28321.23; 3063.21
775; 0.144781403467896; 29341.6259374743; 28009.35; 3034.61
776; 0.144191090903106; 29105.9723011751; 27784.78; 3020.54
777; 0.14356085082627; 28736.655419772; 27440.76; 2974.96
778; 0.145261862980965; 28530.7018702343; 27225.52; 2960.35
779; 0.155270346002852; 28237.9017750247; 26867.33; 2907.64
780; 0.157344384547718; 28040.7166408471; 26670.64; 2867.55
781; 0.160375501944651; 27737.0102869002; 26351.76; 2843.88
782; 0.166377530229269; 27547.3330972043; 26139.45; 2785.37
783; 0.168686696722937; 27232.9982757085; 25815.51; 2765.37
784; 0.169593791739399; 27053.3414056444; 25624.56; 2771.79
785; 0.169607575797388; 26796.7827434876; 25373.98; 2759.18
786; 0.173803169033563; 26646.2711662346; 25157.95; 2815.76
787; 0.167053242505307; 26359.430332514; 24919.97; 2832.46
788; 0.166913307317586; 26184.6104725326; 24750.4; 2823.6
789; 0.165868782449238; 25913.02718704; 24472.97; 2852.15
790; 0.165295552060609; 25744.2974156701; 24319.16; 2831.58
791; 0.167069061723824; 25485.6142286252; 24066.1; 2789.76
792; 0.169790895195735; 25316.8221641815; 23876.82; 2784.04
793; 0.170845351125554; 25048.0440595099; 23610.65; 2761.32
794; 0.17181853575652; 24902.2939315332; 23494.7; 2688.33
795; 0.173062811350853; 24647.1087065436; 23258.27; 2633.27
796; 0.173765787574348; 24425.5855512995; 23037.62; 2620.8
797; 0.177454798347295; 24245.087465563; 22858.73; 2563.26
798; 0.182045606688464; 24029.1901157189; 22634.22; 2514.06
799; 0.182577179069165; 23866.5858313661; 22499.02; 2457.18
800; 0.182145191097249; 23651.8863538141; 22323.51; 2392.12
801; 0.18380645165599; 23478.7420190869; 22155.83; 2359.92
802; 0.191356457632106; 23292.0768072609; 21920.22; 2349.85
803; 0.198966536239321; 23172.9180192114; 21780.52; 2292.86
804; 0.199421240449717; 22976.081784221; 21606.77; 2248.84
805; 0.198251268169826; 22840.8718707258; 21479.93; 2247.71
806; 0.204706611342646; 22660.2663898586; 21254.87; 2247.36
807; 0.203317672128583; 22532.5692464783; 21119.44; 2274.8
808; 0.207701286003403; 22363.38023082; 20882.02; 2333.86
809; 0.203852982091784; 22220.97752699; 20775.11; 2320.5
810; 0.20011130080666; 21997.9699455347; 20572.94; 2329.3
811; 0.196450859908569; 21847.949131002; 20459.09; 2311.81
812; 0.200438113836957; 21659.845710587; 20231.19; 2330
813; 0.20173636813288; 21535.1053249653; 20126.93; 2281.16
814; 0.197150526426325; 21348.1981750417; 19982.49; 2263.1
815; 0.203398660031475; 21242.6806707434; 19835.99; 2258.97
816; 0.201714046392838; 21027.4062239904; 19674.5; 2190.25
817; 0.212527970777195; 20875.727489587; 19480.03; 2144.21
818; 0.219427349449271; 20784.9689320696; 19358.41; 2122.37
819; 0.220970341053365; 20580.4710272814; 19163.69; 2092.7
820; 0.216367002712092; 20438.8755513698; 19059.87; 2079.77
821; 0.219803423376529; 20278.0412631929; 18869.97; 2089.8
822; 0.223344226420975; 20167.534017291; 18771.84; 2038
823; 0.222280546586668; 19993.0727258296; 18637.36; 1988.58
824; 0.220189151260156; 19868.4560242336; 18540.73; 1965.52
825; 0.226165317541013; 19753.674479538; 18410.31; 1936.06
826; 0.223740263524537; 19646.4259457643; 18358.37; 1876.47
827; 0.232221810915959; 19524.0770271056; 18219.8; 1830.88
828; 0.234031289548437; 19419.6047709323; 18123.26; 1805.85
829; 0.237845790543875; 19256.0325926959; 17967.58; 1765.9
830; 0.232997868079664; 19077.9725746985; 17779.31; 1816.81
831; 0.238234366674873; 18979.2269024249; 17652.68; 1814.15
832; 0.241068343977872; 18824.5925323745; 17529.03; 1750.1
833; 0.2380108881394; 18691.555410627; 17412.36; 1749.34
834; 0.235959354216723; 18526.413673731; 17227.97; 1790.29
835; 0.231832288752378; 18389.4934778494; 17105.29; 1801.71
836; 0.23450438633822; 18252.684992948; 16960.05; 1792.41
837; 0.230918853426338; 18151.4264299713; 16883.79; 1785.27
838; 0.237928788742281; 18010.3994988584; 16729.11; 1751.56
839; 0.243246629697396; 17890.4616157995; 16573.41; 1762.34
840; 0.240539925270744; 17791.0541282631; 16482.79; 1770.28
841; 0.237941341193036; 17656.0476545565; 16388.33; 1736.11
842; 0.245211373420159; 17596.2858042016; 16298.12; 1724.71
843; 0.25366756215535; 17486.1588383879; 16153.65; 1710.88
844; 0.257103415131877; 17410.8446736037; 16056.8; 1714.91
845; 0.260456303413302; 17264.0576702312; 15909.65; 1692.85
846; 0.261298752376706; 17169.4167928987; 15810.65; 1692.44
847; 0.259497209384935; 17018.6640025345; 15670.24; 1690.78
848; 0.266219550276961; 16882.2386660559; 15506.32; 1681.31
849; 0.265718698261267; 16767.1036775109; 15414.62; 1655.36
850; 0.254096864283658; 16552.4849834831; 15274.38; 1635.45
851; 0.24726717925917; 16424.9263428769; 15192.66; 1619.98
852; 0.247669349674123; 16252.9014198232; 15050.06; 1578.32
853; 0.247685986796609; 16149.3492888831; 14959.51; 1560.8
854; 0.243111805706784; 15958.5842484958; 14837.47; 1497.93
855; 0.244781106770326; 15776.8484944693; 14678.97; 1456.55
856; 0.252205555968658; 15679.043953035; 14584.2; 1409.49
857; 0.25068192469803; 15535.9463274666; 14440.99; 1417.88
858; 0.261187160059153; 15462.1064160071; 14333.91; 1401.89
859; 0.268212340118478; 15305.8312874394; 14148.13; 1400.6
860; 0.267180730632859; 15183.5641609996; 14045.52; 1381.82
861; 0.272534180430921; 15039.229457546; 13855.36; 1408.95
862; 0.274321488275319; 14882.8765167339; 13650.11; 1457.3
863; 0.269186107743457; 14751.8820299586; 13521.4; 1482.06
864; 0.26848071448177; 14558.5485326378; 13325.76; 1488.4
865; 0.259635204011036; 14386.2753510436; 13189.68; 1493.63
866; 0.25927678404077; 14198.8269572406; 13022.23; 1470.41
867; 0.269285444191371; 14034.4387407551; 12804.92; 1479.1
868; 0.26174946214232; 13866.4115292593; 12682.05; 1465.51
869; 0.261875129983912; 13627.7891324079; 12491.78; 1404.73
870; 0.264473940885461; 13469.2891925754; 12338.43; 1384.35
871; 0.264759710683182; 13209.1000523574; 12080.58; 1379.68
872; 0.275949232941793; 13048.0772050868; 11906.26; 1339.07
873; 0.275092114459101; 12761.9586874016; 11639.84; 1319.81
874; 0.280093820539919; 12486.4121370883; 11399.08; 1255.77
875; 0.288475120608919; 12325.5373211895; 11242.92; 1213.76
876; 0.29167898566805; 12077.7065069069; 10985.25; 1211.1
877; 0.290048709652499; 11908.0212773784; 10847.61; 1181.95
878; 0.284348159939881; 11673.6970757097; 10641.56; 1173.23
879; 0.279337277071144; 11502.7123629686; 10503.64; 1155.79
880; 0.273039154541992; 11401.4696155237; 10448.03; 1128.22
881; 0.260425397890589; 11255.2955450851; 10326.28; 1152.3
882; 0.259340336276965; 11167.4332053124; 10242.01; 1152.42
883; 0.253010177986055; 11040.6716649724; 10137.62; 1152.47
884; 0.26556413236696; 10967.2869620653; 10056.16; 1107.59
885; 0.269296632771717; 10925.1611992342; 10008.15; 1099.04
886; 0.270735800649831; 10852.548933474; 9928.66; 1101.18
887; 0.276004967456579; 10816.3175352006; 9859.69; 1118.25
888; 0.275828805941493; 10741.6101560127; 9801.26; 1099.78
889; 0.273292826031627; 10688.204391425; 9780.08; 1071.77
890; 0.27142844758244; 10652.1022399411; 9765.36; 1053.55
891; 0.277964904414419; 10648.4409157481; 9743.04; 1050.25
892; 0.285683879870974; 10668.5105039309; 9746.33; 1040.64
893; 0.28506826727981; 10711.7810285748; 9787.54; 1045.08
894; 0.295845502916281; 10794.8987142639; 9883.65; 992.69
895; 0.296521329263303; 10878.8951715463; 9941.94; 1018.2
896; 0.30370637793885; 11041.3174302473; 10078.39; 1021.5
897; 0.314749732040917; 11180.8647663993; 10166.26; 1038.42
898; 0.310415027117828; 11375.0116253132; 10361.05; 1052.08
899; 0.310812086168012; 11587.0359605875; 10562.47; 1061.55
900; 0.319651735238628; 11715.7119114569; 10658.14; 1065.27
901; 0.320497696026226; 11884.7417428116; 10815.55; 1073.99
902; 0.326798385436636; 12005.3591774653; 10934.36; 1054.89
903; 0.338325533437872; 12080.4155156863; 10970.1; 1056.18
904; 0.330949942747934; 12082.0525660504; 10989.16; 1062.6
905; 0.329237348425208; 12048.7915714212; 10939.43; 1084.08
906; 0.3328547556508; 11972.3548720341; 10849.15; 1085.5
907; 0.336369644470278; 11840.368916067; 10697; 1093.26
908; 0.340197819890403; 11718.8080418962; 10555.74; 1099.4
909; 0.34923059955842; 11484.75253864; 10321.72; 1070.79
910; 0.356514430538398; 11201.9515833962; 10040.56; 1047.26
911; 0.363142383222046; 10987.5602390797; 9836.75; 1018.61
912; 0.358038260723626; 10628.2926833072; 9509.29; 1004.41
913; 0.360102844926893; 10361.4492189495; 9284.93; 960.61
914; 0.352064585900218; 9924.78977127517; 8936.09; 902.24
915; 0.337271232156515; 9520.91882331368; 8593.23; 883.55
916; 0.333517977510233; 9273.83100067383; 8358.64; 881.31
917; 0.314975847237935; 8882.96344435951; 8044.06; 855.29
918; 0.308096717171302; 8535.59077778233; 7734.89; 834.43
919; 0.301639882788856; 8297.07788068448; 7536.13; 809.87
920; 0.299392414969151; 7978.64194800566; 7222.62; 810.56
921; 0.309330039216232; 7697.55046820495; 6930.99; 795.35
922; 0.307900865570828; 7498.38988168739; 6774.69; 754.29
923; 0.300074390681942; 7176.56840154651; 6509.7; 713.09
924; 0.300664182554936; 6984.26842029871; 6322.57; 706.08
925; 0.320045999910887; 6735.54937452378; 6075.18; 661.9
926; 0.32312805365285; 6474.97358456181; 5851.98; 618.42
927; 0.326289319775551; 6291.02745013967; 5694.31; 586.52
928; 0.333332779324104; 6042.81560130475; 5474.57; 546.66
929; 0.332389758320137; 5770.7605256774; 5224.19; 527.23
930; 0.337668888038238; 5583.52140542235; 5063.92; 493.33
931; 0.361475011194573; 5291.77033442988; 4795.95; 439.69
932; 0.343872395602813; 4913.85342619077; 4487.67; 397.23
933; 0.339541631887908; 4633.68786358876; 4237.99; 373.47
934; 0.346454604366471; 4206.39492775004; 3829.38; 348.69
935; 0.346660552634982; 3729.11713028815; 3399.61; 304.54
936; 0.341235164617785; 3410.47686697715; 3113.15; 279.13
937; 0.344269148897726; 2935.36101966516; 2671.98; 245.05
938; 0.333011092007082; 2489.09707562484; 2270.22; 210.5
939; 0.330541595936072; 2227.97313008649; 2025.85; 195.82
940; 0.349049603211451; 1918.69242108709; 1739.17; 164.68
941; 0.307438155150704; 1675.09091580588; 1539.66; 141.03
942; 0.314223663617219; 1566.96996769543; 1436.09; 133.33
943; 0.264509913477808; 1447.80928685322; 1341.6; 128.52
944; 0.267661067629803; 1403.18697128201; 1307.75; 114.11
945; 0.259000929452556; 1391.42066156631; 1303.6; 108.5
946; 0.270620574933846; 1420.04233255856; 1333.04; 102.86
947; 0.259488968221923; 1469.37905069081; 1384.03; 105.22
948; 0.263716702731279; 1506.95071373521; 1417.49; 108.51
949; 0.297372133902658; 1588.06031057894; 1484.51; 111.37
950; 0.313151161438844; 1678.60637884893; 1568.46; 112.48
951; 0.311637996278476; 1748.75943813551; 1620.7; 131.39
952; 0.347043794322113; 1854.02351011631; 1706.44; 135.96
953; 0.340011655949975; 1948.2572874456; 1789.69; 149.08
954; 0.335811965630444; 2015.2438341095; 1842.76; 164.17
955; 0.34475174899269; 2127.31690587302; 1938.47; 175.06
956; 0.312291422619291; 2211.25511164011; 2015.74; 200.06
957; 0.304352490444312; 2275.43128211971; 2074.84; 210.58
958; 0.281393709552867; 2346.90984210089; 2159.3; 213
959; 0.288362444736; 2425.11680329618; 2226.2; 220.35
960; 0.2981751043253; 2466.65918462691; 2258.64; 222.82
961; 0.320053294868334; 2525.04685087938; 2314.58; 210.01
962; 0.344839730130832; 2581.1062296101; 2345.94; 217.76
963; 0.359120140253323; 2614.91278717158; 2377.95; 210.67
964; 0.391558787788256; 2646.72212194006; 2403.17; 198.57
965; 0.406119822285283; 2676.93404790917; 2419.1; 202.65
966; 0.372764541033494; 2692.43316423856; 2426.53; 227.67
967; 0.364166383973747; 2701.30818821263; 2436.22; 232.3
968; 0.343977781190846; 2718.39214360811; 2439.28; 258.91
969; 0.326767044176241; 2713.10230393766; 2457.72; 249.35
970; 0.336872034324801; 2711.51348475717; 2448.04; 249.5
971; 0.32495918842815; 2702.90485396933; 2440.34; 257.72
972; 0.312500674826694; 2688.334738782; 2421.76; 272.06
973; 0.322301167718884; 2687.00947688966; 2416.98; 267.17
974; 0.319992275513967; 2673.76523117167; 2393.48; 279.29
975; 0.344331248720853; 2658.13870995376; 2372.9; 264.1
976; 0.358156754178451; 2645.95338683896; 2358.57; 255.78
977; 0.350945280906251; 2624.3583945226; 2340.52; 257.79
978; 0.342295143290455; 2587.63150012306; 2317.54; 251.47
979; 0.369257202226332; 2566.41707211864; 2296.03; 233.34
980; 0.369802485135211; 2544.54525344366; 2284.47; 224.08
981; 0.362640781811028; 2512.58469695012; 2262.27; 219.9
982; 0.334270577280423; 2465.49659347595; 2224.51; 229.65
983; 0.339016056187334; 2433.65870643061; 2195.53; 223.72
984; 0.329973302118829; 2397.97016141957; 2155.5; 234.01
985; 0.355648453191125; 2367.15124041067; 2110.01; 230.23
986; 0.350110261594177; 2319.07947154202; 2070.23; 226.3
987; 0.335651551912604; 2277.35869599883; 2046.29; 219.16
988; 0.340695756582827; 2231.25605350854; 2015.81; 201.29
989; 0.345798728191815; 2194.70310588171; 1986.92; 191.24
990; 0.351998592468207; 2174.23348693311; 1966.94; 187.41
991; 0.360213957186018; 2125.17357921495; 1937.5; 165.78
992; 0.327764968862462; 2076.60502199407; 1901.91; 169.57
993; 0.320804003192638; 2029.60896083187; 1861.38; 166.82
994; 0.331540013141161; 2004.5645674696; 1832.46; 165.12
995; 0.332436929749943; 1958.34897348303; 1794.05; 157.19
996; 0.332734548086331; 1913.59253447628; 1758.97; 147.78
997; 0.302836637967487; 1872.56221772015; 1716.4; 163.97
998; 0.276029142789367; 1838.70918410453; 1688.1; 173.48
999; 0.294739308692624; 1808.70016924323; 1650.03; 171.14
1000; 0.285534988047539; 1775.7486955305; 1609.02; 185.61
1001; 0.301972601411817; 1751.719808358; 1580.42; 180.3
1002; 0.30006814058036; 1714.47903105997; 1546.21; 178.21
1003; 0.3125782552224; 1678.16820020928; 1497.81; 183.35
1004; 0.312578300727719; 1633.44245101402; 1460.1; 176.2
1005; 0.359956524442696; 1614.07146033579; 1449.53; 145.22
1006; 0.383610518550024; 1582.68273886217; 1418.88; 135.64
1007; 0.404635565719733; 1544.18525633344; 1397.07; 115.48
1008; 0.350154143614351; 1505.26163158605; 1356.36; 135.05
1009; 0.367802827334839; 1479.30665537238; 1334.93; 124.65
1010; 0.341331349145177; 1440.5121676026; 1309.48; 121.89
1011; 0.318762208416669; 1394.73200815058; 1286.97; 107.33
1012; 0.271809963246267; 1349.75929076493; 1248.79; 117.92
1013; 0.244603447625718; 1315.61275834813; 1229.48; 111.77
1014; 0.257963863673133; 1285.21035730027; 1199.46; 105.5
1015; 0.279666626886641; 1260.82626633164; 1179.87; 91.86
1016; 0.361453429117868; 1234.96703979529; 1146.33; 77.81
1017; 0.373362614789234; 1211.49965228199; 1130.63; 68.72
1018; 0.405430882225319; 1191.24888360182; 1094.13; 75.99
1019; 0.474930911300462; 1158.38065567153; 1067.69; 60.57
1020; 0.514736107681117; 1138.52231709512; 1039.75; 60.86
1021; 0.435007431052296; 1112.75251417185; 1011.01; 74.17
1022; 0.429217164837099; 1079.46532881622; 975.94; 76.48
1023; 0.379538203479356; 1042.54757297368; 958.07; 70.57
1024; 0.368282251412861; 1026.03026004161; 929.97; 82.69
1025; 0.396629900888487; 1015.69066006069; 912.36; 82.58
1026; 0.378349509813187; 994.326068869136; 884.67; 91.86
1027; 0.374827788467333; 968.398933565202; 867.05; 85.69
1028; 0.400012454621866; 949.708469331506; 851.71; 77.63
1029; 0.448048218777865; 934.113942678502; 842.96; 64.46
1030; 0.43063743543643; 909.093684428256; 821.84; 64.19
1031; 0.558732988364508; 872.914509146151; 808.78; 36.36
1032; 0.577825644880516; 849.918718072801; 792.89; 31.26
1033; 0.625112836557491; 821.387403912727; 772.16; 24.94
1034; 0.795197596819417; 799.587347853861; 763; 14.57
1035; 1.34979204737187; 783.165383764921; 737.68; 10.67
1036; 0.843480642294523; 761.756649119863; 715.72; 17.28
1037; 0.528701107315073; 741.019090255727; 697.53; 26.04
1038; 0.611944272523983; 733.604398095271; 687.69; 23.75
1039; 0.398434412769931; 694.414911741639; 748.47; -42.94
1040; 0.362614498306872; 704.656100822711; 651.18; 46.67
1041; 10.6413140091437; 586.817922522588; 653.74; -1.99
