# 20/02/2019 16:15:36
# NanoCalc data
# Original file name: C:\SVA_DATA\StudentProjects\2018_Nathan\homopolymer_swelling\PSswellingrun2_324.dat
# Fit Result : Fitness; Thickness 1; Thickness 2; Thickness 3 
# Fit Result : 0.0976243551329513; 2; 335.6; -1
# comment:PS id:350 ref:topsiloptics swelling run2 
#
# WaveLength; Reflectance; Raw Intensity; Dark Intensity; Reference Intensity
400; 0.326187971288935; 4274.84998686744; 3879.71; 587.4
401; 0.307647369336314; 4398.67592749388; 4007.34; 614.14
402; 0.302383474180659; 4488.92874621743; 4089.31; 635.26
403; 0.283231785379641; 4582.9163266054; 4198.31; 650.03
404; 0.264204341864988; 4667.81325818505; 4308.46; 648.35
405; 0.251820100260149; 4815.8644432752; 4456.61; 677.41
406; 0.240854699459689; 4911.27639655973; 4564.45; 681.07
407; 0.214238181471948; 5003.98198872717; 4693.78; 682.14
408; 0.2170224156925; 5116.75975595911; 4786.79; 713.46
409; 0.209190239249653; 5217.03735512396; 4891.06; 728.51
410; 0.199859240064751; 5367.48004081708; 5047.52; 745.65
411; 0.193623843816235; 5450.58553606363; 5133.46; 760.15
412; 0.191677661772347; 5529.0028166373; 5207.85; 774.86
413; 0.18186232393345; 5590.48254673943; 5289.87; 761.9
414; 0.169247243456807; 5692.97949392113; 5399.05; 797.8
415; 0.161941032575553; 5770.64394093969; 5484.45; 809.18
416; 0.154024202144412; 5836.4005228354; 5567.21; 797.56
417; 0.148196583632606; 5909.50820633169; 5640.47; 825.71
418; 0.143892099917442; 6015.74160316149; 5745.32; 851.93
419; 0.128921095387632; 6078.9289223258; 5837.55; 846.21
420; 0.120914104484297; 6168.60438410652; 5937.53; 861.15
421; 0.116748111898187; 6279.99420622072; 6056.08; 861.72
422; 0.124630601481991; 6455.54207504856; 6206.92; 893.67
423; 0.116397259045159; 6561.37173810249; 6325.75; 904.16
424; 0.11766672314717; 6689.14179154641; 6447.44; 914.76
425; 0.113342449381566; 6824.01973376756; 6588.07; 924.54
426; 0.105553293029762; 7021.86017187968; 6798.69; 936.44
427; 0.103559582793793; 7171.90134857102; 6950.42; 944.65
428; 0.101602808801395; 7317.32047849156; 7093.04; 972.34
429; 0.0944157294093232; 7435.46035545399; 7222.32; 991.93
430; 0.0821395524345117; 7628.63072821245; 7438.56; 1014.23
431; 0.0793249772699288; 7758.22538504877; 7568.54; 1045.51
432; 0.0834110255380686; 7873.99199629975; 7669.88; 1067.25
433; 0.0815011786673335; 7977.69189517576; 7773.46; 1090.28
434; 0.0771442541672596; 8136.87746512321; 7941.66; 1098.36
435; 0.07838458405536; 8241.36606890135; 8032.82; 1152.29
436; 0.0804696502628147; 8334.82204657956; 8119.6; 1155.85
437; 0.0821885553388274; 8440.40326379144; 8215.7; 1178.81
438; 0.0888985168083044; 8612.76239016863; 8367.16; 1188.44
439; 0.0886387718994762; 8694.74836477037; 8444.76; 1210.44
440; 0.088678388608803; 8803.13120700479; 8551.57; 1214.72
441; 0.0875671610105175; 8906.00744366028; 8656.01; 1219.77
442; 0.0944106124584096; 9104.44207590894; 8831.26; 1233.49
443; 0.0983251512160848; 9219.75674698675; 8939.09; 1214.16
444; 0.101502213989538; 9370.49202098192; 9072.21; 1247.24
445; 0.0924865799164448; 9488.2576215687; 9218.16; 1236.69
446; 0.0915187995290156; 9684.72152434964; 9418.63; 1228.42
447; 0.0906158307092056; 9861.35623767775; 9595.14; 1238.58
448; 0.089186864548938; 10054.8042863007; 9790.25; 1247.85
449; 0.090209349984634; 10347.4390821452; 10077.07; 1258.16
450; 0.0927914139108746; 10548.6748641635; 10261.67; 1295.63
451; 0.0908842643154971; 10745.9572541418; 10465.9; 1288.2
452; 0.0875192525388191; 10947.5224724614; 10678.16; 1284.02
453; 0.0956808195375367; 11296.3656116697; 10993.19; 1319.32
454; 0.0937781677359133; 11528.239560191; 11215.2; 1387.13
455; 0.101560919086214; 11768.5162532407; 11425.23; 1401.85
456; 0.111278403493536; 12044.5605939037; 11656.99; 1441.68
457; 0.121905895033721; 12435.1291278106; 11991.27; 1504.28
458; 0.128855931592058; 12736.9883603948; 12256.59; 1537.35
459; 0.134227621657027; 12990.9834954252; 12478.81; 1570.51
460; 0.152326974057334; 13288.2976699593; 12672.85; 1659.84
461; 0.158265300481798; 13670.1359613858; 13002.92; 1728.72
462; 0.168212639973041; 13914.2910686485; 13194.8; 1750.65
463; 0.172316411541375; 14167.3124688786; 13420.38; 1770.92
464; 0.174567578005668; 14551.365095266; 13767.34; 1831.55
465; 0.178033674318969; 14821.9077299859; 14013.55; 1848.43
466; 0.183394408301924; 15095.0024913828; 14250.15; 1872.12
467; 0.185844991132884; 15373.254110766; 14496.25; 1914.52
468; 0.191186606196943; 15900.0405666329; 14972.09; 1965.82
469; 0.18992491047772; 16232.9602482269; 15298.15; 1990.22
470; 0.196175896874414; 16616.0343837451; 15628.65; 2031.84
471; 0.200718672638061; 17086.9789813449; 16052.96; 2076.24
472; 0.209626253689605; 17792.5703652672; 16671.97; 2150.98
473; 0.219035156203702; 18315.5058185821; 17105.98; 2218.37
474; 0.220235449725451; 18852.1432660097; 17593.16; 2292.79
475; 0.225253053641126; 19787.4865082449; 18454.04; 2370.51
476; 0.22821114082346; 20410.0923179747; 19026.18; 2424.39
477; 0.234403289784264; 21104.2978399089; 19644.74; 2485.41
478; 0.236899085755549; 21910.5759786114; 20382.52; 2570.48
479; 0.239241899142663; 23028.9005420399; 21398.92; 2710.86
480; 0.247943925356234; 23858.553209096; 22101.79; 2814.77
481; 0.252884587149935; 24652.3976032223; 22814.87; 2882.32
482; 0.257605052706674; 25876.1303189173; 23905.63; 3029.69
483; 0.258183131171117; 26661.4940644544; 24625.21; 3119.24
484; 0.263127398521171; 27453.8385724227; 25326.6; 3192.56
485; 0.269981157185548; 28281.0963002061; 26037.35; 3277.01
486; 0.277224468680101; 29366.4387477038; 26968.07; 3406.11
487; 0.279759019753294; 30067.468312991; 27590.49; 3480.62
488; 0.282640727499097; 30753.1506481066; 28238.74; 3491.9
489; 0.284922472882525; 31403.3042294839; 28832.56; 3536.48
490; 0.297983969564953; 32360.9634497824; 29602.73; 3622.88
491; 0.301629512009082; 32936.9530331882; 30093.52; 3684.84
492; 0.308574333247716; 33497.5077470545; 30535.42; 3747.31
493; 0.315613392222108; 34260.3726260714; 31155.89; 3835
494; 0.322748845382674; 34746.6721778079; 31543.93; 3864.09
495; 0.325085236257599; 35197.0284106862; 31943.61; 3892.15
496; 0.327930767868631; 35795.2170044878; 32475.12; 3932.61
497; 0.327934310391305; 36168.9223558473; 32811.79; 3971.53
498; 0.324862339746339; 36504.1742695657; 33145.13; 4006.41
499; 0.326880915950198; 36910.9356182076; 33528.57; 4004.25
500; 0.322416064217833; 37453.2705578701; 34045.25; 4085.41
501; 0.322427911997463; 37822.1336183755; 34411.09; 4083.6
502; 0.318828174005608; 38168.9495937993; 34785.49; 4090.91
503; 0.319878712632543; 38712.4960626503; 35280.64; 4130.52
504; 0.323503898715745; 39163.8190169322; 35648.81; 4177.84
505; 0.32797022414557; 39622.3312366481; 36028.85; 4207.93
506; 0.326751570331074; 40053.1479538373; 36418.92; 4266.42
507; 0.325601350569673; 40706.513735144; 36984.21; 4380.21
508; 0.328920102710715; 41125.8715795941; 37348.87; 4394.66
509; 0.331277631457547; 41574.6283360629; 37773.59; 4386.29
510; 0.333474087002244; 42297.8871127008; 38431.4; 4427.4
511; 0.338366028160821; 42813.5267586683; 38870.67; 4444.52
512; 0.342467126641002; 43335.0508157932; 39297.85; 4491.25
513; 0.34540200647702; 44043.5404177274; 39940.14; 4521.05
514; 0.344807689776077; 44538.485380281; 40368.94; 4596.58
515; 0.348450292737976; 45046.7552237542; 40784.87; 4644.04
516; 0.351195487440286; 45538.2513304972; 41168.74; 4718.67
517; 0.358609272388476; 46347.6882622539; 41758.69; 4847.65
518; 0.357138188872122; 46822.1679825276; 42135.74; 4965.34
519; 0.35506628057718; 47303.3708566375; 42543.16; 5067.19
520; 0.354935018841788; 48028.6478353435; 43150.1; 5189.3
521; 0.353086165245874; 48491.921089452; 43588.6; 5237.37
522; 0.357331267934539; 48993.5551457852; 43994.16; 5270.91
523; 0.361054109622807; 49721.883499712; 44649.95; 5286.71
524; 0.364114028729952; 50212.6635370119; 45111.24; 5267.23
525; 0.362736996328375; 50640.2923065808; 45486.44; 5336.08
526; 0.362296719710418; 51273.1951145621; 46109.8; 5346.95
527; 0.365632016906383; 51730.6967513696; 46489.36; 5372.87
528; 0.369190073468173; 52140.9345116694; 46848.18; 5367.87
529; 0.364568037384888; 52444.6182864788; 47152.18; 5430.24
530; 0.364854184342687; 52874.423180597; 47540.28; 5463.47
531; 0.365068677984388; 53150.9439883163; 47725.2; 5548.94
532; 0.359518399921131; 53319.7983583105; 47915.08; 5607.62
533; 0.35913870750952; 53629.8747945879; 48188.92; 5645.99
534; 0.357075995997537; 53801.382109331; 48323.49; 5711.89
535; 0.353555458882796; 53971.7841949198; 48452.04; 5806.75
536; 0.351346280378159; 54189.8096295172; 48701.61; 5803.91
537; 0.352912853483625; 54401.1923451895; 48848.28; 5839.98
538; 0.351912955178394; 54589.3935235933; 49040.57; 5845.94
539; 0.353946093922661; 54909.2639421924; 49354.18; 5813.06
540; 0.357344980441083; 55146.8825428277; 49531.13; 5814.78
541; 0.357474986787713; 55385.7790008841; 49764.19; 5813.86
542; 0.357712363358746; 55736.3863377401; 50112.64; 5807.38
543; 0.363708311750912; 56021.0942716545; 50340.57; 5764.78
544; 0.360157475526004; 56274.5297303027; 50577.91; 5833.52
545; 0.365171558664328; 56728.721142342; 50922.01; 5859.84
546; 0.366529268924316; 57021.4004591435; 51192.1; 5856.07
547; 0.368566405932051; 57325.3900164654; 51473.06; 5841.64
548; 0.365195798930148; 57755.1205515821; 51889.91; 5903.55
549; 0.363987511074288; 57984.7444889421; 52111.45; 5926.15
550; 0.362782880252348; 58276.6705822137; 52411.31; 5932.77
551; 0.361114775791537; 58560.1595393993; 52762.8; 5886.08
552; 0.359563028877069; 58946.7081619992; 53234.48; 5819.73
553; 0.356137723630357; 59187.9155016697; 53497.77; 5848.16
554; 0.351070297149923; 59456.4065225956; 53782.53; 5910.57
555; 0.34823521847779; 59837.7769978283; 54178.77; 5938
556; 0.34938920637829; 60158.6008806359; 54506.65; 5905.8
557; 0.349869857530002; 60521.4177127235; 54860.33; 5902.16
558; 0.348475151226929; 61066.5985370184; 55420.29; 5905.24
559; 0.344630973758918; 61485.034345872; 55810.51; 5995.79
560; 0.341967015558576; 61892.8555883127; 56209.19; 6047.02
561; 0.341377436488838; 62716.0596654666; 56981.81; 6106.26
562; 0.339102380221327; 63283.0772657447; 57482.48; 6212.98
563; 0.329190811762669; 63832.025295341; 58117.91; 6299.5
564; 0.323843933030147; 64721.5165771259; 58992.24; 6415.27
565; 0.320168164201752; 65275.7799227403; 59567.68; 6460.18
566; 0.319692379067288; 65821.056573998; 60075.18; 6507.81
567; 0.313297766876854; 66450.2653624316; 60727.68; 6609.19
568; 0.313177879561413; 66853.0220011692; 61032.05; 6720.78
569; 0.308801502833428; 67026.1375985646; 61281.45; 6721.9
570; 0.310889545664848; 67160.7502935463; 61454.25; 6627.63
571; 0.3154797084095; 67168.34596101; 61385.47; 6613.52
572; 0.315091178476313; 67064.2721596998; 61345.78; 6542.73
573; 0.311975953692463; 66788.4499421246; 61091.63; 6577.76
574; 0.308618306062849; 66510.2616069189; 60848.44; 6603.01
575; 0.3104809522691; 66145.6384899886; 60514.05; 6523.12
576; 0.309053293824718; 65932.0956243985; 60351.55; 6488.82
577; 0.308067888778502; 65709.7049043013; 60126.02; 6508.18
578; 0.298216780478016; 65342.7653231899; 59920.74; 6523.44
579; 0.294650437363102; 65151.0482261973; 59829.93; 6474.65
580; 0.291780781432672; 65008.814640531; 59712.75; 6502.64
581; 0.288359868894836; 64761.9593766568; 59533.62; 6491.09
582; 0.290750825247643; 64677.1025770936; 59451.05; 6430.38
583; 0.29250772348125; 64604.6622026695; 59373.38; 6393.83
584; 0.288894350714808; 64432.128995565; 59326.92; 6313.68
585; 0.287289653979351; 64343.484049971; 59266.51; 6309.73
586; 0.286724026588132; 64298.0940918655; 59208.17; 6334.18
587; 0.288531793082752; 64167.7850646188; 59075.34; 6293.68
588; 0.287404173081358; 64064.0317312116; 59000.06; 6279.12
589; 0.288514960694945; 64010.0948984953; 58963.16; 6230.17
590; 0.279252727907039; 63900.0831050229; 58972.58; 6280.55
591; 0.274926194763294; 63804.0656384217; 58939.57; 6293.86
592; 0.272362694190764; 63809.6418104443; 58962.25; 6326.78
593; 0.267502604936432; 63821.5353401322; 59051.12; 6335.44
594; 0.263334822635002; 63839.0092450065; 59147.81; 6324.85
595; 0.25805262634255; 64037.4010674898; 59427.23; 6338.83
596; 0.255221597544529; 64227.1122430835; 59665.62; 6337.46
597; 0.252621456570959; 64469.3072179606; 59944.02; 6347.85
598; 0.25282290093253; 64959.6310822981; 60393.89; 6395.44
599; 0.249351004494086; 65373.1263228449; 60802.07; 6487.92
600; 0.249516142622295; 65845.9279990082; 61237.82; 6532.03
601; 0.24344076748434; 66622.5702733369; 62041.86; 6651.01
602; 0.240988607439888; 67226.8946144461; 62650.31; 6708.55
603; 0.236960162252246; 67799.2167453279; 63222.38; 6818.63
604; 0.232363460273982; 68599.8648614723; 64036.27; 6928.98
605; 0.227546914515024; 69151.221053135; 64614.62; 7029.5
606; 0.222119087141669; 69732.1097697596; 65221.81; 7155.15
607; 0.218317560304556; 70368.6714976589; 65873.44; 7250.98
608; 0.21535715935003; 70702.2380290737; 66200.38; 7356.98
609; 0.212788232781473; 71055.7578026061; 66601.85; 7361.97
610; 0.213544188629105; 71184.5486403583; 66682.86; 7410.05
611; 0.212966762725209; 71283.146383047; 66786.45; 7417.54
612; 0.210794614284878; 71281.620186356; 66791.58; 7478.27
613; 0.209785031009219; 71179.533616483; 66702.29; 7488.22
614; 0.207730513721154; 70914.9242091625; 66476.34; 7492.56
615; 0.203568357567338; 70453.9268954012; 66175.42; 7365.66
616; 0.200105289744557; 70080.8443811722; 65861.29; 7385.31
617; 0.197467528335275; 69462.7143729526; 65314.7; 7352.93
618; 0.192697012817845; 68998.2497156466; 64964.5; 7323.06
619; 0.188230256778108; 68485.5789335169; 64576.59; 7261.07
620; 0.184025968112728; 67764.3813118079; 63983.5; 7179.7
621; 0.180407734790326; 67242.0803963074; 63569.06; 7111.14
622; 0.175950059990836; 66747.6963529637; 63221.37; 6996.53
623; 0.171559086678697; 66058.9654134891; 62632.13; 6969.79
624; 0.169388960427315; 65646.3405265712; 62344; 6799.35
625; 0.166880029952853; 65058.2075665853; 61836.57; 6729.66
626; 0.167364999364403; 64703.3066195183; 61503.34; 6661.8
627; 0.16783493493365; 64366.1383318692; 61171.85; 6628.34
628; 0.163768803534287; 63795.9273300794; 60729.71; 6517.4
629; 0.1635097595563; 63494.907114729; 60451.26; 6476.72
630; 0.164631330472172; 63214.0831030473; 60160.41; 6450.84
631; 0.161870715316579; 62796.3985488118; 59813.31; 6406.46
632; 0.157236133969773; 62469.7201602032; 59575.32; 6396.47
633; 0.152669456814621; 62024.4909370452; 59248.97; 6314.52
634; 0.146205512272223; 61697.7363383481; 59029.26; 6336.49
635; 0.142566141979443; 61415.5405310372; 58822.84; 6310.28
636; 0.141437261677503; 61128.3823279269; 58565.78; 6283.38
637; 0.135330107459747; 60830.0135888995; 58378.52; 6278.42
638; 0.128879557143424; 60547.6968803707; 58214.2; 6271.55
639; 0.128083618413854; 60192.1217214142; 57895.48; 6207.28
640; 0.129979571813532; 60019.4553577342; 57681.02; 6224.28
641; 0.125892903790258; 59659.1166817024; 57374.86; 6274.18
642; 0.124780321889293; 59454.5929986514; 57214.97; 6203.21
643; 0.122951391013749; 59281.162685178; 57065.53; 6224.99
644; 0.118681108139491; 58906.2691931535; 56769.63; 6215.99
645; 0.12009859548844; 58738.2691178581; 56584.01; 6190.59
646; 0.118551973433327; 58445.1534987286; 56324.07; 6171.91
647; 0.113095939758796; 58222.4373650815; 56198.9; 6169.62
648; 0.107300127629514; 57976.3928073241; 56065.68; 6137.8
649; 0.103057994916517; 57765.5115506409; 55942.91; 6093.1
650; 0.102394787662507; 57652.6860982579; 55818.01; 6170.5
651; 0.0966721585470759; 57411.4551381469; 55697.69; 6102.2
652; 0.0940545985424486; 57287.2341889877; 55641.02; 6021.82
653; 0.0919003363781762; 57184.3888014171; 55581.12; 5999.23
654; 0.0898062839298597; 57097.0015055177; 55540.87; 5955.84
655; 0.0906399213778767; 57034.009944514; 55455.46; 5983.63
656; 0.087762243309089; 56869.8359395904; 55344.5; 5969.06
657; 0.0865525917270129; 56767.6761582712; 55277.63; 5910.38
658; 0.0824792489672768; 56604.2174289261; 55204.34; 5824.9
659; 0.0817346661012478; 56436.6957717024; 55047.55; 5830.51
660; 0.0824387773075965; 56334.8443647548; 54929.62; 5845.22
661; 0.0782817103621511; 56040.8156946238; 54683.01; 5944.59
662; 0.0759959636659969; 55878.7444178804; 54559.22; 5947.6
663; 0.0756138039753192; 55743.8410341508; 54426.12; 5966.33
664; 0.07545258571849; 55551.6263016966; 54230.29; 5992.13
665; 0.0739072021227694; 55365.0840751322; 54065.22; 6015.71
666; 0.0699249926638167; 55144.6938432848; 53920.99; 5983.47
667; 0.0697141470624129; 54988.6013018429; 53757.4; 6036.38
668; 0.0675356739308556; 54795.8809526627; 53603.39; 6033.4
669; 0.0707834739512289; 54628.8094468348; 53389.22; 5981.63
670; 0.0730901409456493; 54538.5729507738; 53265.52; 5946.95
671; 0.0697139863676126; 54294.0554061859; 53105.39; 5818.38
672; 0.0685855948928952; 54149.052745834; 52987.27; 5777.1
673; 0.0714987392935194; 54028.7022829371; 52821.18; 5756.48
674; 0.0748894954882434; 53801.9052065913; 52532.53; 5774.1
675; 0.0757126819177252; 53611.4746516856; 52340.42; 5716.33
676; 0.0728243352024875; 53250.2913989675; 52024.9; 5726.99
677; 0.0698276792838079; 52964.5992231254; 51790.68; 5720.01
678; 0.0669798071841184; 52517.7012449658; 51400.6; 5672.57
679; 0.0702702960988336; 52307.6614075694; 51139.47; 5652.21
680; 0.0715799650598915; 52005.4864796665; 50812.34; 5665.47
681; 0.0705360447155656; 51579.8310560062; 50417.7; 5597.86
682; 0.0706366506579108; 51320.5828583798; 50168.59; 5538.97
683; 0.0673312484614134; 50928.0934165946; 49834.37; 5514.82
684; 0.0660674879070163; 50651.253859712; 49588.97; 5456.79
685; 0.0638651089346884; 50276.9710068063; 49271.52; 5340.88
686; 0.0626533015040037; 49999.340506436; 49008.94; 5360.76
687; 0.059862261130516; 49733.1515346053; 48792.9; 5324.53
688; 0.0581710971427795; 49369.5915833829; 48456.63; 5318.38
689; 0.0539670932246986; 49062.1424777176; 48215.91; 5311.76
690; 0.0538340936598673; 48711.8837114123; 47879.45; 5236.01
691; 0.0554476856235554; 48471.6728546964; 47628.27; 5148.61
692; 0.0594373890592423; 48278.3979560252; 47360.01; 5227.99
693; 0.0608310895932054; 47903.3080607239; 46961.94; 5233.98
694; 0.0626415844519916; 47685.9686259553; 46726.11; 5180.51
695; 0.0634671303577848; 47269.5368376588; 46292.43; 5202.81
696; 0.0624250849649241; 47023.044575932; 46081.86; 5093.04
697; 0.0632981533555366; 46610.4353240577; 45648.74; 5129.93
698; 0.0635226255542933; 46337.6677101242; 45374.87; 5115.5
699; 0.0644662059178503; 45959.3232852854; 44988.06; 5082.95
700; 0.0665516491787581; 45753.9799460966; 44752.14; 5076.68
701; 0.0665500409957879; 45539.6656507754; 44551.71; 5004.93
702; 0.0657429416094596; 45199.7648717933; 44233.82; 4951.85
703; 0.0625824503664817; 44948.8304982247; 44031.22; 4940.13
704; 0.0576071780915865; 44596.8097379893; 43744.41; 4983.88
705; 0.0581522286042473; 44381.2818538794; 43524.07; 4963.08
706; 0.0528383512271899; 44027.6143343663; 43266.29; 4849.44
707; 0.0479674514161069; 43795.9571348173; 43109.56; 4814.1
708; 0.0447222046890354; 43550.5823446341; 42926.44; 4693.12
709; 0.0411068832217623; 43196.5036932296; 42623.37; 4686.88
710; 0.0408412811660404; 42945.8155808203; 42372.11; 4720.34
711; 0.043904690201092; 42629.7667076548; 42024.52; 4631.4
712; 0.047360083435275; 42457.1779234574; 41817.41; 4537.41
713; 0.0490426916976524; 42147.9838438395; 41486.97; 4526.28
714; 0.0539974923769923; 41913.2413166827; 41181.55; 4549.67
715; 0.0560242290805928; 41530.6557070259; 40777.14; 4514.36
716; 0.054319558712923; 41226.4162328557; 40498.7; 4495.24
717; 0.0522150354324478; 40871.4696041064; 40182.43; 4426.12
718; 0.0500140863781067; 40370.8691113461; 39722.66; 4345.35
719; 0.046129171299068; 40001.74449888; 39409.62; 4301.83
720; 0.0424351619326791; 39409.6281453764; 38871.98; 4244.39
721; 0.0440658303614653; 39105.8570934365; 38550.7; 4218.88
722; 0.0436193279203832; 38617.7341172452; 38073.41; 4177.36
723; 0.0451816916579138; 38312.7629500952; 37756.27; 4121.55
724; 0.0523829236259519; 37930.0618887816; 37284.74; 4120.88
725; 0.0554422165787399; 37725.1410360861; 37039.12; 4137.52
726; 0.0537575569111039; 37444.472324716; 36788.59; 4078.21
727; 0.0544453789338466; 37324.2560162644; 36660.03; 4076.41
728; 0.0569718110000437; 37249.6928707521; 36555.23; 4071.6
729; 0.0596529119071382; 37135.3761188742; 36422.18; 3992.39
730; 0.0637407947255228; 37123.2620631222; 36362.89; 3982.39
731; 0.0695331671351421; 37169.3622428294; 36331.72; 4021.25
732; 0.0714586791974728; 37193.2358038582; 36330.31; 4030.5
733; 0.0787939193621553; 37269.5667935757; 36304.53; 4087.31
734; 0.0841066415546748; 37297.676062899; 36263.81; 4101.85
735; 0.0858087378666841; 37257.45538119; 36206.03; 4087.76
736; 0.0848456533655822; 37233.1114186314; 36191.32; 4095.14
737; 0.0816569638262301; 37156.5489482866; 36142.71; 4139.48
738; 0.0832546715775524; 37103.8577537638; 36079.48; 4100.85
739; 0.0782891377166944; 36968.0094514999; 36014.4; 4058.17
740; 0.0784396505875434; 36893.2030885887; 35942.82; 4035.18
741; 0.0744806987924314; 36843.6905157611; 35949.3; 3997.93
742; 0.0743170094881457; 36828.6374405768; 35947.06; 3948.11
743; 0.0723630584490723; 36854.0402571633; 35994.6; 3951.55
744; 0.0731920520809215; 36975.6471892248; 36108.39; 3940.98
745; 0.0732734558028614; 37091.6080147284; 36221.33; 3948.84
746; 0.0699629866178165; 37343.9025134376; 36516.3; 3931.42
747; 0.0734326296488714; 37545.7452059211; 36674.41; 3942.12
748; 0.0707040734721015; 37735.2219941052; 36895.62; 3943.79
749; 0.0711930286590328; 37817.4283382667; 36969.51; 3954.39
750; 0.0792564530570282; 37880.8165858283; 36938.78; 3945.37
751; 0.0847732245358905; 37869.2918134914; 36868.3; 3919.34
752; 0.0898980143331335; 37685.3475003394; 36634.37; 3880.23
753; 0.0961648842298536; 37477.9693757266; 36350.52; 3891.18
754; 0.0980956181304924; 36954.035277051; 35799.43; 3906.23
755; 0.101960092377402; 36602.3076110712; 35425.85; 3828.35
756; 0.106687038408032; 36031.0450563585; 34827.03; 3743.38
757; 0.10943554876338; 35632.8846304828; 34410.79; 3702.66
758; 0.103091708168639; 34957.6341997307; 33811.43; 3684.93
759; 0.105572336159719; 34594.2409512292; 33440.04; 3621.75
760; 0.101626392282705; 34211.5415926352; 33139.18; 3493.96
761; 0.103487691416056; 33677.4443754091; 32613.99; 3401.02
762; 0.107786943412824; 33384.9399617975; 32292.61; 3352.45
763; 0.112049122213557; 32909.9569749324; 31771.54; 3359.62
764; 0.114384707087385; 32600.1528055935; 31448.33; 3328.52
765; 0.116785284621907; 32179.0358938491; 31036.39; 3233.82
766; 0.116488513320913; 31897.8449109415; 30772.39; 3192.98
767; 0.118121372657182; 31437.3533174914; 30284.41; 3225.85
768; 0.119139591145473; 31158.6133291443; 29988.76; 3245.29
769; 0.116997205366268; 30767.9244472007; 29632.01; 3208.64
770; 0.116093406646057; 30521.2023964296; 29416.24; 3145.31
771; 0.109855679794437; 30140.3071509103; 29114.84; 3083.51
772; 0.10490543503614; 29877.4333145692; 28894.55; 3093.66
773; 0.10964815216955; 29560.7831166529; 28544.39; 3059.41
774; 0.107174289350234; 29316.3953986401; 28321.23; 3063.21
775; 0.107100046462984; 28994.8827506661; 28009.35; 3034.61
776; 0.107953253652944; 28773.932705065; 27784.78; 3020.54
777; 0.109318641428321; 28427.557764901; 27440.76; 2974.96
778; 0.114820970497917; 28257.1896064694; 27225.52; 2960.35
779; 0.127661337394386; 27994.1969794259; 26867.33; 2907.64
780; 0.129742661406638; 27800.3745642524; 26670.64; 2867.55
781; 0.135769661342281; 27524.4762817651; 26351.76; 2843.88
782; 0.141785687613123; 27339.2374517126; 26139.45; 2785.37
783; 0.141198538563256; 27002.0130073434; 25815.51; 2765.37
784; 0.142053685675628; 26821.3235289886; 25624.56; 2771.79
785; 0.139315600248978; 26542.6696491089; 25373.98; 2759.18
786; 0.142354603990992; 26376.9690282999; 25157.95; 2815.76
787; 0.139065340306591; 26118.2648549624; 24919.97; 2832.46
788; 0.136361261631967; 25922.0905777213; 24750.4; 2823.6
789; 0.133925292744215; 25635.6968102831; 24472.97; 2852.15
790; 0.133274570090407; 25468.2204195057; 24319.16; 2831.58
791; 0.135639512160612; 25218.5708135014; 24066.1; 2789.76
792; 0.135937048967284; 25029.7065813427; 23876.82; 2784.04
793; 0.140564412196754; 24793.2777375357; 23610.65; 2761.32
794; 0.138081678949145; 24625.9105093257; 23494.7; 2688.33
795; 0.142145648910275; 24398.9967548262; 23258.27; 2633.27
796; 0.140056857371212; 24156.3332747367; 23037.62; 2620.8
797; 0.145851847246944; 23998.1908609074; 22858.73; 2563.26
798; 0.150491215582969; 23787.3966804771; 22634.22; 2514.06
799; 0.152495831242008; 23641.2661958038; 22499.02; 2457.18
800; 0.149410676856; 23413.1550735112; 22323.51; 2392.12
801; 0.145937823709487; 23206.1897631382; 22155.83; 2359.92
802; 0.147566121978817; 22978.138773491; 21920.22; 2349.85
803; 0.153187735524973; 22852.5510236284; 21780.52; 2292.86
804; 0.156564827556489; 22681.8112688446; 21606.77; 2248.84
805; 0.157209833304289; 22559.1334099391; 21479.93; 2247.71
806; 0.166621393402908; 22398.7954610575; 21254.87; 2247.36
807; 0.16455727058795; 22263.1708393016; 21119.44; 2274.8
808; 0.167271613848768; 22075.0290625273; 20882.02; 2333.86
809; 0.16584869251225; 21951.4245990636; 20775.11; 2320.5
810; 0.160238643605536; 21714.0293070471; 20572.94; 2329.3
811; 0.156672861201223; 21566.7284901588; 20459.09; 2311.81
812; 0.163505534863476; 21396.6026634084; 20231.19; 2330
813; 0.166523648151098; 21289.3108563616; 20126.93; 2281.16
814; 0.167459426397411; 21142.5209254269; 19982.49; 2263.1
815; 0.170681428797192; 21016.4106257849; 19835.99; 2258.97
816; 0.178165537102183; 20869.4651913516; 19674.5; 2190.25
817; 0.186898076058394; 20707.4127986473; 19480.03; 2144.21
818; 0.190222684950234; 20595.101191773; 19358.41; 2122.37
819; 0.195873964083797; 20419.5622348413; 19163.69; 2092.7
820; 0.190425380827125; 20273.5377681474; 19059.87; 2079.77
821; 0.187613198955293; 20071.8291429857; 18869.97; 2089.8
822; 0.189593549319914; 19956.6236263473; 18771.84; 2038
823; 0.192098415667036; 19808.9886950462; 18637.36; 1988.58
824; 0.194338811892742; 19712.5801869503; 18540.73; 1965.52
825; 0.194413963142759; 19565.0795077731; 18410.31; 1936.06
826; 0.196065062076526; 19487.1018830596; 18358.37; 1876.47
827; 0.202397751989171; 19356.5697858184; 18219.8; 1830.88
828; 0.203669910233417; 19251.4271935269; 18123.26; 1805.85
829; 0.211309900382987; 19112.2829959546; 17967.58; 1765.9
830; 0.209387793979182; 18946.376865807; 17779.31; 1816.81
831; 0.213378518353346; 18840.8234929661; 17652.68; 1814.15
832; 0.213316553858649; 18675.4473609617; 17529.03; 1750.1
833; 0.209967640549395; 18540.8362822013; 17412.36; 1749.34
834; 0.205474397298584; 18358.6602079457; 17227.97; 1790.29
835; 0.20551924446974; 18243.7359426829; 17105.29; 1801.71
836; 0.206721031564825; 18099.537594887; 16960.05; 1792.41
837; 0.20004912681442; 17981.9660786145; 16883.79; 1785.27
838; 0.202873806121199; 17821.6220862868; 16729.11; 1751.56
839; 0.197605999308757; 17643.3417848927; 16573.41; 1762.34
840; 0.205112009000995; 17598.3664821575; 16482.79; 1770.28
841; 0.201681264423034; 17462.8591180608; 16388.33; 1736.11
842; 0.205373890092671; 17385.3834391935; 16298.12; 1724.71
843; 0.216538355057592; 17291.1201184202; 16153.65; 1710.88
844; 0.215428161285766; 17191.3604031887; 16056.8; 1714.91
845; 0.216498459259144; 17035.4709917405; 15909.65; 1692.85
846; 0.220321034332274; 16956.3305763703; 15810.65; 1692.44
847; 0.222466626799875; 16826.2421784082; 15670.24; 1690.78
848; 0.231999196093162; 16705.3755317311; 15506.32; 1681.31
849; 0.232359393423686; 16597.307891286; 15414.62; 1655.36
850; 0.227173937184562; 16417.062897924; 15274.38; 1635.45
851; 0.223039390331472; 16304.186142146; 15192.66; 1619.98
852; 0.230264247141501; 16168.3710640482; 15050.06; 1578.32
853; 0.229821605430519; 16063.5319881312; 14959.51; 1560.8
854; 0.235500135077673; 15923.4828992531; 14837.47; 1497.93
855; 0.229788612142279; 15709.6049982381; 14678.97; 1456.55
856; 0.232236092051416; 15592.354955518; 14584.2; 1409.49
857; 0.227999880060588; 15436.8731759996; 14440.99; 1417.88
858; 0.234662721149579; 15347.5342566881; 14333.91; 1401.89
859; 0.238607117432127; 15178.044458527; 14148.13; 1400.6
860; 0.245275704300096; 15090.2606983752; 14045.52; 1381.82
861; 0.249484407831807; 14939.1028541955; 13855.36; 1408.95
862; 0.248893027042554; 14768.6041869324; 13650.11; 1457.3
863; 0.250627924990609; 14667.0503476051; 13521.4; 1482.06
864; 0.246944679833707; 14459.6610702594; 13325.76; 1488.4
865; 0.24419886821369; 14315.1330430403; 13189.68; 1493.63
866; 0.241642470691419; 14118.80251731; 13022.23; 1470.41
867; 0.237534371926314; 13889.4678957613; 12804.92; 1479.1
868; 0.231720640992666; 13730.5373989074; 12682.05; 1465.51
869; 0.231980412964689; 13498.1064414755; 12491.78; 1404.73
870; 0.234004167960703; 13339.0040586515; 12338.43; 1384.35
871; 0.235371954611171; 13083.8367638628; 12080.58; 1379.68
872; 0.243496392799604; 12913.7944936139; 11906.26; 1339.07
873; 0.245643472939048; 12641.8357568217; 11639.84; 1319.81
874; 0.253053808067523; 12381.4420435253; 11399.08; 1255.77
875; 0.261340116925566; 12223.7024560679; 11242.92; 1213.76
876; 0.268588779455605; 11991.2242875422; 10985.25; 1211.1
877; 0.274951260247625; 11852.8253565699; 10847.61; 1181.95
878; 0.271835669643777; 11628.2787929017; 10641.56; 1173.23
879; 0.263112156120783; 11444.681905676; 10503.64; 1155.79
880; 0.253337096186547; 11332.6709738969; 10448.03; 1128.22
881; 0.24315815952938; 11193.6981241416; 10326.28; 1152.3
882; 0.237941674151473; 11091.0747846446; 10242.01; 1152.42
883; 0.236033567708165; 10980.07822838; 10137.62; 1152.47
884; 0.238149513664861; 10873.2298390962; 10056.16; 1107.59
885; 0.236710954369936; 10814.20016819; 10008.15; 1099.04
886; 0.247477882237412; 10773.1810279909; 9928.66; 1101.18
887; 0.259301068146924; 10758.4221640698; 9859.69; 1118.25
888; 0.262833033264301; 10697.3052226582; 9801.26; 1099.78
889; 0.267365903300291; 10668.5098272589; 9780.08; 1071.77
890; 0.275950086635813; 10666.8741932058; 9765.36; 1053.55
891; 0.271137754920453; 10626.2031896697; 9743.04; 1050.25
892; 0.272616577196782; 10626.3295738394; 9746.33; 1040.64
893; 0.268217535781635; 10657.1480188726; 9787.54; 1045.08
894; 0.271348381361855; 10719.4438897032; 9883.65; 992.69
895; 0.271457845240408; 10799.6989766872; 9941.94; 1018.2
896; 0.27630128041335; 10954.4271900258; 10078.39; 1021.5
897; 0.278401819064213; 11063.6962289848; 10166.26; 1038.42
898; 0.277425079586624; 11267.2509246528; 10361.05; 1052.08
899; 0.282396061948796; 11493.3649212493; 10562.47; 1061.55
900; 0.290233623719838; 11618.3817079867; 10658.14; 1065.27
901; 0.294430848679691; 11797.7818105263; 10815.55; 1073.99
902; 0.294379248322233; 11899.1136428147; 10934.36; 1054.89
903; 0.298919139144941; 11951.0917529892; 10970.1; 1056.18
904; 0.300384815544061; 11981.1176632547; 10989.16; 1062.6
905; 0.302443865280093; 11958.5112289634; 10939.43; 1084.08
906; 0.296665842668571; 11850.2368530328; 10849.15; 1085.5
907; 0.293344844353112; 11694.1214175704; 10697; 1093.26
908; 0.292584588588363; 11556.0279637739; 10555.74; 1099.4
909; 0.309657777463749; 11352.96431676; 10321.72; 1070.79
910; 0.313052704222108; 11060.3694234051; 10040.56; 1047.26
911; 0.314798036894378; 10834.355404486; 9836.75; 1018.61
912; 0.299414309130189; 10445.0710382055; 9509.29; 1004.41
913; 0.304554855552184; 10195.3897751592; 9284.93; 960.61
914; 0.30020308805546; 9779.14759904137; 8936.09; 902.24
915; 0.290501086379958; 9392.27416772227; 8593.23; 883.55
916; 0.286973598558221; 9146.11075882412; 8358.64; 881.31
917; 0.268363507605539; 8758.81661656248; 8044.06; 855.29
918; 0.256183416996353; 8400.67528692945; 7734.89; 834.43
919; 0.26040935260584; 8193.06549256064; 7536.13; 809.87
920; 0.27013883463851; 7904.77117612925; 7222.62; 810.56
921; 0.281518315628925; 7628.62936403838; 6930.99; 795.35
922; 0.287513137185494; 7450.46992344698; 6774.69; 754.29
923; 0.289930284449733; 7154.02471198733; 6509.7; 713.09
924; 0.298676149660628; 6979.89317940873; 6322.57; 706.08
925; 0.297600018489481; 6689.23528618662; 6075.18; 661.9
926; 0.303519288847271; 6437.16772234415; 5851.98; 618.42
927; 0.310339575820717; 6261.85858077656; 5694.31; 586.52
928; 0.310668982154179; 6004.17972793884; 5474.57; 546.66
929; 0.306519308371075; 5728.22002894359; 5224.19; 527.23
930; 0.309066049941333; 5539.50765289524; 5063.92; 493.33
931; 0.319392669641255; 5234.04772562878; 4795.95; 439.69
932; 0.337242975104729; 4905.63715417342; 4487.67; 397.23
933; 0.340579135522478; 4634.89695824199; 4237.99; 373.47
934; 0.338905487981044; 4198.17991333616; 3829.38; 348.69
935; 0.345566112838753; 3728.07684545104; 3399.61; 304.54
936; 0.333701762378602; 3403.91282224288; 3113.15; 279.13
937; 0.327026270787193; 2922.16946058049; 2671.98; 245.05
938; 0.322345430458694; 2482.08689228456; 2270.22; 210.5
939; 0.315112446795913; 2218.53834802843; 2025.85; 195.82
940; 0.303153777295659; 1895.08738125782; 1739.17; 164.68
941; 0.272946794897239; 1659.89697703069; 1539.66; 141.03
942; 0.273920801452589; 1550.18308017264; 1436.09; 133.33
943; 0.267248788366024; 1448.9090337203; 1341.6; 128.52
944; 0.269982526698889; 1404.01470848141; 1307.75; 114.11
945; 0.279211839691612; 1398.27366982309; 1303.6; 108.5
946; 0.274875654692614; 1421.41030638807; 1333.04; 102.86
947; 0.253536796262172; 1467.4213095591; 1384.03; 105.22
948; 0.289849988306841; 1515.81591778039; 1417.49; 108.51
949; 0.308646774269453; 1591.98634257234; 1484.51; 111.37
950; 0.334029624152111; 1685.95007527092; 1568.46; 112.48
951; 0.319534606180098; 1752.00434228473; 1620.7; 131.39
952; 0.335775632858685; 1849.23162261237; 1706.44; 135.96
953; 0.339468259350294; 1948.00386988384; 1789.69; 149.08
954; 0.331253845049535; 2012.90263666988; 1842.76; 164.17
955; 0.314007186329988; 2110.47575699347; 1938.47; 175.06
956; 0.308111856933365; 2208.63842673459; 2015.74; 200.06
957; 0.270958846043284; 2253.4223478893; 2074.84; 210.58
958; 0.259737562978277; 2332.47133085688; 2159.3; 213
959; 0.270303011315572; 2412.65913125563; 2226.2; 220.35
960; 0.294592140679378; 2464.15956220585; 2258.64; 222.82
961; 0.342853501167633; 2540.04025259139; 2314.58; 210.01
962; 0.365506614349481; 2595.2001776527; 2345.94; 217.76
963; 0.353357578494661; 2611.11040311532; 2377.95; 210.67
964; 0.413343254368901; 2660.27220235332; 2403.17; 198.57
965; 0.423281567039082; 2687.82955676209; 2419.1; 202.65
966; 0.370581617148598; 2690.87602479961; 2426.53; 227.67
967; 0.360024129825601; 2698.29291086806; 2436.22; 232.3
968; 0.330137894451398; 2707.16211461679; 2439.28; 258.91
969; 0.325604550010314; 2712.19376544304; 2457.72; 249.35
970; 0.348577553296646; 2720.66857499962; 2448.04; 249.5
971; 0.329412962065124; 2706.50347332292; 2440.34; 257.72
972; 0.333490173641136; 2706.23956464111; 2421.76; 272.06
973; 0.353791347805254; 2713.39249286216; 2416.98; 267.17
974; 0.342694024561666; 2693.64997673191; 2393.48; 279.29
975; 0.357144539538708; 2668.75304297385; 2372.9; 264.1
976; 0.36857995783227; 2654.31691909907; 2358.57; 255.78
977; 0.345713654584872; 2620.12714681364; 2340.52; 257.79
978; 0.342653057966385; 2587.91391637591; 2317.54; 251.47
979; 0.34449335635162; 2548.28384752589; 2296.03; 233.34
980; 0.340063756823478; 2523.63055542605; 2284.47; 224.08
981; 0.328481894406465; 2489.00634620279; 2262.27; 219.9
982; 0.297681674512113; 2439.11845661182; 2224.51; 229.65
983; 0.29597415707239; 2403.42559041296; 2195.53; 223.72
984; 0.300730112070656; 2376.48175321844; 2155.5; 234.01
985; 0.311067017036497; 2334.91793336482; 2110.01; 230.23
986; 0.309417696218489; 2290.15623077975; 2070.23; 226.3
987; 0.308517058522729; 2258.67881214768; 2046.29; 219.16
988; 0.312803715053633; 2213.61794045414; 2015.81; 201.29
989; 0.312439442091018; 2174.65821990927; 1986.92; 191.24
990; 0.319074889293197; 2154.84457635241; 1966.94; 187.41
991; 0.333453368595833; 2111.23115599001; 1937.5; 165.78
992; 0.317073647554127; 2070.9066686356; 1901.91; 169.57
993; 0.323164962048766; 2030.84704281021; 1861.38; 166.82
994; 0.319588112557657; 1998.3602584908; 1832.46; 165.12
995; 0.334945065341232; 1959.58855929955; 1794.05; 157.19
996; 0.362339001650804; 1927.34979433478; 1758.97; 147.78
997; 0.304926573250699; 1873.63992394126; 1716.4; 163.97
998; 0.254266983910335; 1826.83514442886; 1688.1; 173.48
999; 0.246916466336673; 1782.95518624802; 1650.03; 171.14
1000; 0.234373199217523; 1745.87446410631; 1609.02; 185.61
1001; 0.260153418520956; 1727.9970666874; 1580.42; 180.3
1002; 0.255390917989366; 1689.42541176771; 1546.21; 178.21
1003; 0.261062009619665; 1648.44323635395; 1497.81; 183.35
1004; 0.282290552069864; 1616.64617124724; 1460.1; 176.2
1005; 0.33429657511136; 1602.34191732596; 1449.53; 145.22
1006; 0.359538394376718; 1572.40387611169; 1418.88; 135.64
1007; 0.353918950693354; 1525.74597799986; 1397.07; 115.48
1008; 0.261499114433981; 1467.56143944494; 1356.36; 135.05
1009; 0.286416166787196; 1447.35928311605; 1334.93; 124.65
1010; 0.249385699637258; 1405.21556274394; 1309.48; 121.89
1011; 0.246433275610657; 1370.28020413881; 1286.97; 107.33
1012; 0.242365298010562; 1338.82147623395; 1248.79; 117.92
1013; 0.219964380729746; 1306.9365486893; 1229.48; 111.77
1014; 0.216491545707526; 1271.42444933245; 1199.46; 105.5
1015; 0.285265464388103; 1262.44698520311; 1179.87; 91.86
1016; 0.321028952329892; 1225.05398967842; 1146.33; 77.81
1017; 0.367220073219391; 1210.16918913114; 1130.63; 68.72
1018; 0.392085515516063; 1188.05206961235; 1094.13; 75.99
1019; 0.447696887439645; 1153.18016982876; 1067.69; 60.57
1020; 0.521863467580727; 1139.88998072226; 1039.75; 60.86
1021; 0.470714570867797; 1121.10394433001; 1011.01; 74.17
1022; 0.458883063771762; 1086.62061568134; 975.94; 76.48
1023; 0.488873841113142; 1066.88348757241; 958.07; 70.57
1024; 0.369897561662672; 1026.45158667913; 929.97; 82.69
1025; 0.370416540299798; 1008.86151317598; 912.36; 82.58
1026; 0.328814007834168; 979.969321270439; 884.67; 91.86
1027; 0.325177619337292; 954.974123966006; 867.05; 85.69
1028; 0.335355021228364; 933.868138786156; 851.71; 77.63
1029; 0.327898373467116; 909.669850160601; 842.96; 64.46
1030; 0.248289686132524; 872.147261138694; 821.84; 64.19
1031; 0.44654924694649; 860.037429503719; 808.78; 36.36
1032; 0.40776188392278; 833.134211597558; 792.89; 31.26
1033; 0.678532964457567; 825.594219161776; 772.16; 24.94
1034; 1.02698765162385; 810.252097594197; 763; 14.57
1035; 1.51849749717793; 788.850431430302; 737.68; 10.67
1036; 1.03638852882859; 772.285441648716; 715.72; 17.28
1037; 0.72054758477901; 756.799705537662; 697.53; 26.04
1038; 0.75589054435314; 744.404738462596; 687.69; 23.75
1039; -0.191570018608944; 774.460059923719; 748.47; -42.94
1040; -0.0320111911007592; 646.459191287849; 651.18; 46.67
1041; 2.37977442805136; 638.77385498107; 653.74; -1.99
