# 05/03/2019 16:16:23
# NanoCalc data
# Original file name: C:\SVA_DATA\StudentProjects\2018_Nathan\Ambient_investigation\ambientinvest_812.dat
# Fit Result : Fitness; Thickness 1; Thickness 2; Thickness 3 
# Fit Result : 0; 2; -1; -1
# comment:topsil blank wafer - Swelling starting 14:03
#
# WaveLength; Reflectance; Raw Intensity; Dark Intensity; Reference Intensity
450; 0.414831359278079; 11230.0038935644; 9974.11; 1268.18
451; 0.424499085649699; 11451.9502047114; 10150.55; 1281.62
452; 0.416044503781499; 11654.0049143849; 10349.46; 1308.15
453; 0.417139989263143; 12019.5709780423; 10705.82; 1311.33
454; 0.424987559059481; 12284.2877211672; 10938.89; 1315.51
455; 0.428817782421231; 12517.0972002221; 11145.32; 1326.73
456; 0.432006202467128; 12786.9055364562; 11393.78; 1334.84
457; 0.44148016256096; 13187.2326991331; 11743.21; 1351.36
458; 0.439776472202417; 13476.1653490374; 12004.4; 1380.01
459; 0.438998108421956; 13729.0588232315; 12218.31; 1416.43
460; 0.435178528682729; 14000.7999239445; 12467.56; 1447.42
461; 0.43177800680731; 14367.8629479188; 12788.29; 1500.11
462; 0.433499012574411; 14605.7654900025; 12988.62; 1526.84
463; 0.425304431589522; 14825.8476457452; 13191.99; 1569.49
464; 0.430181773656211; 15225.8216882003; 13534.43; 1603.41
465; 0.426849706410051; 15496.8443335328; 13775.24; 1641.95
466; 0.422304033878149; 15751.1839406793; 14013.09; 1672.58
467; 0.422754571458761; 16044.6502693334; 14271.38; 1701.75
468; 0.414535637730032; 16571.5248628814; 14763.44; 1766.58
469; 0.410895599977209; 16914.4432414877; 15068.75; 1816.3
470; 0.405554625239286; 17286.5410728522; 15397.56; 1880.3
471; 0.4004401422994; 17745.4532613618; 15786.55; 1971.57
472; 0.397461479530923; 18454.0870040981; 16412.26; 2067.07
473; 0.399444386087215; 18956.463183319; 16841; 2127.56
474; 0.397806683817186; 19481.5561241092; 17340.05; 2159.13
475; 0.397793166568836; 20414.2526216515; 18167.36; 2261.84
476; 0.404505264360022; 21033.910138638; 18725.06; 2281.93
477; 0.399285090609688; 21674.4105262377; 19328.34; 2345.3
478; 0.400372109662784; 22472.8924920773; 20020.15; 2441.33
479; 0.393741843212861; 23588.0046766704; 21051.57; 2563.15
480; 0.391610980191376; 24357.460061158; 21763.4; 2631.53
481; 0.391943169748042; 25132.6543320589; 22481.95; 2682.68
482; 0.389592224467055; 26299.967304374; 23566.69; 2778.75
483; 0.389189195376004; 27081.0177631582; 24283.29; 2843.04
484; 0.389519198443096; 27869.5292507408; 24967.5; 2942.13
485; 0.398161118839624; 28685.4224172824; 25677.83; 2978.5
486; 0.406404591651425; 29761.6371829751; 26580.03; 3082.21
487; 0.412475886094803; 30459.0740552154; 27178.25; 3126.82
488; 0.418490798794656; 31145.9471959797; 27754.35; 3181.11
489; 0.413037591168221; 31724.5162924833; 28305.67; 3244.36
490; 0.411445670297043; 32611.9622399832; 29080.08; 3359.77
491; 0.411946380072997; 33146.9434897911; 29541.63; 3420.99
492; 0.409114208285424; 33672.9201532245; 29981.87; 3521.98
493; 0.411531569876663; 34373.7291495482; 30574.72; 3599.14
494; 0.411593210135689; 34803.7863537835; 30974.31; 3622.94
495; 0.405668047010729; 35202.8598441438; 31348.54; 3695.08
496; 0.40634510526194; 35798.575261914; 31888.68; 3737.51
497; 0.411376789047153; 36216.3412948854; 32203.41; 3784.41
498; 0.411022802296028; 36583.8532625057; 32522.6; 3828.54
499; 0.410993437833065; 36973.772117922; 32888.61; 3846.49
500; 0.40805672688851; 37456.1611985466; 33404; 3838.1
501; 0.404516198644087; 37760.1945071502; 33757.12; 3819.85
502; 0.395349376686009; 38118.1416464223; 34104.08; 3913.98
503; 0.393311968913626; 38641.6337134163; 34594.64; 3961.47
504; 0.382999810621409; 38984.6507796998; 34973.85; 4026.59
505; 0.383839495543486; 39413.0256597722; 35353.22; 4062.03
506; 0.383482051204508; 39835.7876329781; 35768.07; 4068.88
507; 0.380447507633929; 40497.0529991741; 36370.57; 4155.8
508; 0.378441105656034; 40919.3720170932; 36741.22; 4225.27
509; 0.381686998947908; 41395.6046837021; 37140.99; 4261.28
510; 0.387824368352067; 42124.2914099882; 37783.05; 4274.38
511; 0.38356296643302; 42562.4450123573; 38240.47; 4297.8
512; 0.386035220347846; 43054.9085926577; 38680.47; 4317.19
513; 0.384381712850553; 43736.6874813666; 39294.3; 4398.19
514; 0.381322105928452; 44190.6287370261; 39685.29; 4491.16
515; 0.381879893272469; 44630.7290019251; 40091.53; 4513.23
516; 0.381609554392049; 45032.342298491; 40463.87; 4540.33
517; 0.378500725016836; 45732.2747250427; 41103.87; 4632.33
518; 0.372764507130421; 46163.9360557137; 41495.43; 4739
519; 0.369508082162666; 46619.3526436752; 41923.66; 4803.15
520; 0.367110595388455; 47323.3729572698; 42544.3; 4914.89
521; 0.370771005997567; 47814.7378394129; 42937.46; 4961.07
522; 0.37191953366131; 48284.264312973; 43342.89; 5005.39
523; 0.364191864927712; 48933.8451426548; 43960.31; 5139.48
524; 0.363980021750363; 49453.1656024176; 44373.07; 5247.14
525; 0.363574603230458; 49917.7031355835; 44755.89; 5332.01
526; 0.364073864312049; 50501.3922452161; 45261.17; 5400.02
527; 0.364754047713762; 50911.9053067747; 45576.28; 5482.69
528; 0.36288703871644; 51239.1963367194; 45905.48; 5503.37
529; 0.360518233637383; 51511.1023043205; 46153; 5559.37
530; 0.361008283499412; 51905.450682196; 46536.92; 5557.27
531; 0.361244177598885; 52123.233682554; 46723.03; 5581.29
532; 0.360678890002674; 52317.3029793147; 46892.47; 5610.38
533; 0.359423829698254; 52552.6534913172; 47110.61; 5642.64
534; 0.360880598612417; 52737.0975197203; 47313.66; 5595.49
535; 0.359422067531484; 52912.9530630603; 47486.22; 5615.72
536; 0.359851037841683; 53178.0155173554; 47682.92; 5673.86
537; 0.360171483031686; 53376.4693486243; 47842.65; 5702.61
538; 0.361475315696577; 53598.8554624954; 48015.96; 5726.24
539; 0.358146139042123; 53892.9884151854; 48297.33; 5786.85
540; 0.362319412814128; 54122.3008827109; 48516.67; 5724.61
541; 0.364232424491797; 54405.3079291432; 48768.87; 5721.07
542; 0.365822732239435; 54814.766256521; 49102.8; 5767.71
543; 0.366687531346538; 55082.9912150671; 49344.77; 5776.02
544; 0.368128145062449; 55380.0176189967; 49587.23; 5803.56
545; 0.367605291156923; 55826.7582374129; 49996.55; 5844.6
546; 0.362577993333453; 56092.2526798936; 50263.6; 5919.23
547; 0.368096532070746; 56424.8545227008; 50515.8; 5905.79
548; 0.365240625992136; 56919.3177750421; 50973.44; 5984.01
549; 0.361555203023464; 57141.1396861535; 51230.63; 6003.82
550; 0.362166911659215; 57443.980763289; 51502.98; 6019.5
551; 0.361578426596333; 57743.1009508595; 51737.46; 6089.73
552; 0.359700592027288; 58202.6993740075; 52212.42; 6100.68
553; 0.357186413673843; 58470.4569910952; 52434.14; 6185.73
554; 0.361032028074401; 58779.706965054; 52753.85; 6104.03
555; 0.360503730842815; 59233.5021470581; 53190.84; 6124.79
556; 0.360135843314662; 59542.8615809207; 53534; 6091.38
557; 0.364145203001481; 59937.0935789318; 53871.51; 6075.97
558; 0.365714206638358; 60524.0538976309; 54434.92; 6068.18
559; 0.364849804092867; 60938.5964951195; 54926.61; 6000.33
560; 0.365323503753953; 61381.1100632204; 55331.79; 6024.57
561; 0.36579800326169; 62131.6113456062; 56104.62; 5989.53
562; 0.361133958019401; 62669.6137913992; 56631.31; 6073.02
563; 0.360248290498297; 63242.6674661117; 57204.86; 6082.5
564; 0.35444401020837; 64101.1471200125; 57987.46; 6254.7
565; 0.349007141273043; 64635.274991814; 58485.75; 6384.67
566; 0.349594104374592; 65158.4452390697; 58942.33; 6438.22
567; 0.350572928600361; 65872.7226474425; 59535.65; 6540.69
568; 0.350778645010758; 66204.2703753814; 59838.9; 6561.54
569; 0.351328061674428; 66422.8440776047; 60017.6; 6587.61
570; 0.356739552020981; 66642.9034174218; 60102.89; 6619.45
571; 0.354634198212377; 66622.207810186; 60105.7; 6629.71
572; 0.359569436590605; 66626.3235559481; 60092.66; 6550.7
573; 0.359212879305097; 66383.9015754901; 59886.75; 6515.35
574; 0.355845076761044; 66108.3373395851; 59702.95; 6478.76
575; 0.354256401088765; 65770.3524458729; 59376.57; 6490.82
576; 0.352599378229904; 65613.8565246988; 59212.73; 6523.75
577; 0.352788054942337; 65457.9670755679; 59049.47; 6522.7
578; 0.351221950671234; 65167.8212907295; 58832.77; 6471.66
579; 0.353294595811983; 65060.2626209911; 58681.73; 6472.98
580; 0.350535105172806; 64898.6676627452; 58531.76; 6507.14
581; 0.352958245280226; 64719.0299961785; 58358.47; 6451.5
582; 0.355793177533527; 64623.5403111553; 58223.81; 6434.99
583; 0.354754893059211; 64495.0716240613; 58116.48; 6428.16
584; 0.356335104515019; 64334.9709427048; 58041.66; 6309.99
585; 0.355346915773668; 64263.6147359419; 58001.66; 6291.92
586; 0.353628565361797; 64162.0998473133; 57916.29; 6302.09
587; 0.359622884532866; 64099.0605240748; 57822.8; 6223.37
588; 0.359147539658208; 63980.7475616873; 57756.09; 6176.51
589; 0.358068700185228; 63948.3979671759; 57699.13; 6215.89
590; 0.35756190255706; 63961.2289167582; 57738.52; 6194.36
591; 0.359918408466939; 63974.9147431542; 57724.43; 6177.39
592; 0.35983124918024; 64032.771321043; 57741.06; 6215.73
593; 0.361033046504628; 64122.4708501663; 57802.18; 6219.26
594; 0.36073809061205; 64191.9317736722; 57908.29; 6184.35
595; 0.355706669938341; 64386.1923076241; 58111.59; 6258.85
596; 0.355435047785314; 64626.8191987523; 58326.91; 6284.92
597; 0.357436241819254; 64941.9870857205; 58603.15; 6284.37
598; 0.354850177730766; 65422.7764814327; 59099.6; 6310.53
599; 0.351455080216831; 65824.5618660066; 59527.8; 6340.85
600; 0.348156634676437; 66320.9865856932; 59960.28; 6461.82
601; 0.343999776818956; 67145.0103622573; 60697.15; 6625.3
602; 0.340800762504557; 67831.345178882; 61279.87; 6790.82
603; 0.338287608822515; 68504.1270228329; 61857.51; 6936.2
604; 0.339390198553897; 69443.0792854609; 62656.02; 7055.25
605; 0.337100980754149; 69999.0818724973; 63164.06; 7148.99
606; 0.337670197249712; 70621.651584178; 63665.24; 7259.25
607; 0.334727932373772; 71308.3769898832; 64229.46; 7447.46
608; 0.335563174031348; 71707.06075541; 64605.07; 7448.57
609; 0.333737258604115; 72151.6832855795; 65012.16; 7524.28
610; 0.335850860837385; 72309.1539688858; 65131.3; 7512.45
611; 0.336502584294806; 72388.4168567665; 65239.15; 7463.65
612; 0.337742754762793; 72457.7019532857; 65282.26; 7458.87
613; 0.337310282263271; 72409.366954289; 65221.73; 7476.51
614; 0.336998932039656; 72236.9591247758; 65048.2; 7480.17
615; 0.339572397242137; 71900.9850307212; 64730.84; 7399.89
616; 0.337748218892138; 71566.5401458254; 64404.11; 7427.25
617; 0.343186728904439; 70963.3674974711; 63844.38; 7261.12
618; 0.341044447772113; 70506.6882258477; 63501.23; 7185.95
619; 0.338267862260385; 70027.0400112044; 63069.45; 7191.57
620; 0.331746696682788; 69253.8318309297; 62453.03; 7163.84
621; 0.330384500840768; 68724.451515063; 62036.47; 7070.44
622; 0.33003496272044; 68275.6923787517; 61653.69; 7004.53
623; 0.326138294746906; 67573.114891981; 61131.32; 6892
624; 0.326917238598446; 67161.393883566; 60832.15; 6752.19
625; 0.322433686342302; 66544.5900227074; 60360.05; 6686.33
626; 0.324471651454389; 66205.9566065648; 60030.06; 6631.84
627; 0.328054580101972; 65903.9216313533; 59716.95; 6568.18
628; 0.333175851517757; 65460.6371962006; 59254.98; 6483.61
629; 0.335351469019528; 65184.2511510694; 58966.16; 6451.51
630; 0.334489828942678; 64879.8873885705; 58767.56; 6355.21
631; 0.336077377521309; 64484.2549320992; 58338.17; 6357.4
632; 0.335228723032279; 64253.4360782784; 58079.03; 6400.12
633; 0.339135518930695; 63935.7114320036; 57719.35; 6366.65
634; 0.339879423812041; 63705.2939222628; 57485.65; 6353.16
635; 0.339202255814549; 63455.4309775954; 57286.55; 6310.45
636; 0.333477588505167; 63089.5289482475; 57071.09; 6258.83
637; 0.331471216251965; 62903.4911958551; 56913.78; 6262.88
638; 0.333436200832373; 62772.0482375041; 56743.68; 6262.37
639; 0.334351622375486; 62522.4031305536; 56591.41; 6140.81
640; 0.336241678986609; 62313.9230116676; 56432.61; 6051.48
641; 0.332658692156957; 62010.1756265852; 56168.28; 6072.51
642; 0.32948698343625; 61768.6774272383; 55997.94; 6053.14
643; 0.329149703147077; 61624.6229358525; 55836.36; 6074.76
644; 0.332451354478327; 61396.202044597; 55534.33; 6087.92
645; 0.336392564906316; 61239.8564530029; 55329.21; 6064.02
646; 0.337300365515789; 60974.4202145849; 55001.21; 6108.88
647; 0.3393383202195; 60805.9894035942; 54781.74; 6121.59
648; 0.33818394494287; 60633.4039925851; 54626.46; 6122.35
649; 0.343510049491359; 60487.7372197823; 54474.03; 6031.58
650; 0.344205242422766; 60424.7747642771; 54352.64; 6075.23
651; 0.344930852457347; 60254.8205851856; 54273.44; 5969.06
652; 0.347832942820745; 60159.1739451902; 54154.75; 5939.12
653; 0.344185951245971; 60009.6409524036; 54101.11; 5903.27
654; 0.34109950660009; 59834.7456608106; 53983.43; 5896.25
655; 0.338339539212018; 59690.4576095965; 53908.28; 5871.71
656; 0.336294921523249; 59530.9495521039; 53764.47; 5888.96
657; 0.331614169701964; 59416.1306673984; 53686.17; 5932.18
658; 0.327701788198619; 59278.8571510675; 53624.63; 5921.58
659; 0.323690805192626; 59140.8167741142; 53514.8; 5962.6
660; 0.322408954631873; 59087.8075795446; 53424.69; 6023.31
661; 0.322152125647112; 58950.0664845518; 53212.89; 6103.54
662; 0.32370826395522; 58859.3885372814; 53140.75; 6051.37
663; 0.323866020768719; 58812.2720790025; 53072.34; 6067.73
664; 0.320736112146616; 58674.602713069; 52928.49; 6130.11
665; 0.322170730578405; 58546.722569612; 52798.77; 6102.43
666; 0.327099698704376; 58365.8399835033; 52572.34; 6055.78
667; 0.328635725813097; 58218.6236948272; 52458.72; 5990.58
668; 0.328201879265135; 58037.9754279796; 52331.11; 5941.51
669; 0.327266775482669; 57823.7883560981; 52188.17; 5881.84
670; 0.328551947133243; 57708.0263864106; 52092.02; 5836.2
671; 0.330973536529839; 57462.7912774559; 51873.43; 5762.77
672; 0.333726301151478; 57321.4370822405; 51741.85; 5702.03
673; 0.332728674589772; 57187.4498579552; 51626.61; 5696.53
674; 0.330809607173174; 56959.1493622659; 51441.45; 5681.92
675; 0.331699032660389; 56813.9403807369; 51261.25; 5700.08
676; 0.3326299718021; 56513.7210297706; 50975.02; 5667.28
677; 0.335410466982419; 56320.43299091; 50757.05; 5643.5
678; 0.336423662816082; 56008.3530172243; 50373.64; 5696.61
679; 0.337460562398757; 55785.9075111382; 50127.55; 5700.9
680; 0.335437731740285; 55492.5616240683; 49878.14; 5688.88
681; 0.34223166510348; 55122.5873615611; 49448.09; 5633.59
682; 0.346530816921286; 54850.9058391916; 49140.95; 5596.29
683; 0.349766643056838; 54450.6026742308; 48755.69; 5527.76
684; 0.347977862937608; 54118.7020892848; 48485.75; 5493.75
685; 0.349526874996785; 53684.3004204082; 48105.92; 5414.31
686; 0.351716534428926; 53403.0580937653; 47813.32; 5389.62
687; 0.353658646249202; 53196.7542668292; 47574.65; 5388.96
688; 0.35341647247488; 52827.5273568507; 47181.46; 5413.69
689; 0.349126001159523; 52529.9563433081; 46947.26; 5416.76
690; 0.34551840165876; 52106.8552477491; 46643.84; 5353.89
691; 0.342225378391956; 51809.8357414801; 46440.68; 5310.46
692; 0.33967562826718; 51555.7739432409; 46167.09; 5367.68
693; 0.335132767197503; 51114.2357454734; 45807.26; 5355.85
694; 0.326215481546169; 50750.1905650743; 45568.08; 5370.69
695; 0.316349475356817; 50214.6986408363; 45234.58; 5320.07
696; 0.31556596760996; 49934.3078956378; 45027.38; 5252.68
697; 0.314325379204747; 49531.1884193619; 44738.64; 5148.16
698; 0.314915142296569; 49277.0826206286; 44490.56; 5129.89
699; 0.316317549247945; 48907.5524166904; 44132.32; 5093.1
700; 0.313353598471965; 48640.0297755814; 43955.2; 5041.96
701; 0.314328080772976; 48378.8978597082; 43766.09; 4947.56
702; 0.320041439465643; 48057.3084516581; 43453.72; 4847.91
703; 0.324593888287814; 47827.7634943632; 43223.74; 4778.92
704; 0.320545517375824; 47462.7712337323; 42889.4; 4805.6
705; 0.319799403745985; 47196.2202079424; 42611.68; 4826.67
706; 0.317622524949557; 46832.1740505625; 42298.65; 4803.92
707; 0.31599140061544; 46582.4585521477; 42080.75; 4792.79
708; 0.319407615856721; 46367.0572491076; 41840.5; 4765.67
709; 0.317883201784097; 46047.6391343848; 41507.26; 4801.39
710; 0.314415089815375; 45806.0273417236; 41300.17; 4815.68
711; 0.314174751635003; 45477.1881251308; 41009.04; 4778.01
712; 0.31480954046328; 45220.6054581234; 40798.52; 4718.21
713; 0.31504813336676; 44896.6293090199; 40548.3; 4635.01
714; 0.316490274276764; 44628.1919787141; 40308.07; 4583.12
715; 0.31582046146557; 44212.2726993521; 40002.06; 4474.49
716; 0.314410855192468; 43875.4999681648; 39761.92; 4390.05
717; 0.316542991170465; 43529.3132985067; 39441.94; 4330.98
718; 0.321569080058402; 43011.5419536662; 39027.91; 4153.43
719; 0.320192984660509; 42612.0596531719; 38694.46; 4100.38
720; 0.323454982946204; 42027.9162273791; 38178.67; 3986.62
721; 0.328715569712451; 41685.472054261; 37828.4; 3929.35
722; 0.330482694023348; 41123.2820089711; 37306.48; 3866.11
723; 0.328579829959775; 40738.7772604302; 36943.33; 3865.32
724; 0.328745551954804; 40271.3621181572; 36516.58; 3820.57
725; 0.323977541774365; 39989.6903233229; 36268.77; 3840.42
726; 0.327115021866932; 39701.3418374069; 35977.9; 3804.76
727; 0.325984042134118; 39562.0016356673; 35837.05; 3818.1
728; 0.328008719994236; 39471.5011025676; 35741.01; 3798.89
729; 0.324375995959091; 39317.5236237156; 35655.66; 3769.72
730; 0.322458727197919; 39259.6866221457; 35621.76; 3766.3
731; 0.319364645545709; 39235.1736925479; 35669.57; 3726.84
732; 0.319473785056107; 39262.0571467172; 35675.81; 3746.67
733; 0.317763706587319; 39279.3791386444; 35710.78; 3747.83
734; 0.31218686992953; 39248.9643458645; 35712.43; 3780.15
735; 0.311336837044667; 39234.9289182603; 35676.29; 3813.22
736; 0.313046626239314; 39217.9564575022; 35605.72; 3848.44
737; 0.313270224452708; 39168.6813037908; 35524.42; 3878.47
738; 0.314705876284909; 39118.5856875707; 35471.76; 3862.18
739; 0.314660616846685; 39074.7538886905; 35385.77; 3905.94
740; 0.314798324476811; 39000.2583165442; 35330.87; 3882.05
741; 0.319095164612397; 38998.7451508352; 35331.81; 3825.91
742; 0.325574685855784; 39041.8980264755; 35297.16; 3828.14
743; 0.328926385167526; 39084.2348486105; 35341.68; 3785.63
744; 0.325564537265287; 39213.5496004548; 35487.6; 3806.45
745; 0.326208726890405; 39388.118439317; 35624.93; 3835.47
746; 0.325670016712054; 39632.4784384856; 35849.29; 3860.79
747; 0.328480428399295; 39802.3372633241; 35981.99; 3863.91
748; 0.333384368290015; 40041.7513067201; 36142.13; 3884.74
749; 0.331107536747136; 40108.2359675346; 36208.89; 3910.08
750; 0.32281881976138; 40029.7138417334; 36238.82; 3897.96
751; 0.322242163326994; 39933.5256604941; 36152.15; 3895.01
752; 0.318883485436346; 39631.0607960057; 35949.73; 3831.66
753; 0.319945526888176; 39345.8233526284; 35751.94; 3728.11
754; 0.323495340302722; 38810.1909501489; 35256.44; 3645.8
755; 0.324885589185226; 38423.5136382481; 34856.42; 3642.92
756; 0.322343898730739; 37749.1927835996; 34228.38; 3622.99
757; 0.323201367664636; 37326.9825416444; 33843.34; 3573.78
758; 0.325986573864619; 36699.1943261846; 33266.37; 3490.14
759; 0.331152760698824; 36300.1924429847; 32888.78; 3412.66
760; 0.329619727631798; 35901.7273484747; 32507.23; 3409.93
761; 0.331079480995064; 35378.9895195665; 31922.24; 3455.53
762; 0.331638121676539; 35049.6844248577; 31584.61; 3456.39
763; 0.335002331575469; 34553.6197311252; 31156.01; 3353.69
764; 0.330931578894202; 34176.2056859223; 30882.61; 3289.77
765; 0.329740392637322; 33685.0334158064; 30420.83; 3271.88
766; 0.329468454444608; 33391.2495384192; 30148.7; 3252.55
767; 0.32762959485319; 32951.4962136038; 29734.52; 3245.11
768; 0.329263179917559; 32662.1139362716; 29444.62; 3229.63
769; 0.324669351332453; 32201.1214874107; 29082.91; 3174.06
770; 0.322549667804474; 31958.170519144; 28833.71; 3201.12
771; 0.319148912422048; 31566.8129554506; 28482.36; 3192.5
772; 0.316573776948353; 31333.1935203576; 28273.48; 3191.35
773; 0.319980057424524; 30984.2121055242; 27921.8; 3158.77
774; 0.319864109626406; 30738.5622096537; 27693.46; 3140.57
775; 0.314990371035174; 30371.8867078568; 27388.59; 3123.35
776; 0.318283091274765; 30153.3707643001; 27168.16; 3091.85
777; 0.320117065004979; 29806.5974060605; 26881.2; 3011.78
778; 0.321631228237437; 29596.4378929521; 26683.71; 2983.77
779; 0.322947502680378; 29260.0196017836; 26434.43; 2882.07
780; 0.326995586409855; 29056.0989838546; 26255.79; 2820.21
781; 0.324417917764989; 28736.6234238248; 25941.15; 2837.08
782; 0.330180893094608; 28533.7269378102; 25751.65; 2773.5
783; 0.335390748707348; 28188.6024497365; 25422.12; 2714.51
784; 0.333235718303713; 27996.5556167016; 25250.15; 2711.55
785; 0.331576861710572; 27641.8060430489; 24936.62; 2683.45
786; 0.327687689535111; 27407.8600236328; 24719.46; 2697.68
787; 0.333330187565083; 27134.9293656494; 24424.62; 2672.78
788; 0.330989680702601; 26932.4453705995; 24259.38; 2653.85
789; 0.329189228095554; 26618.262238173; 23969.59; 2643.26
790; 0.324811585852161; 26429.2846367225; 23818.57; 2639.74
791; 0.326316047320931; 26184.8315552665; 23601.58; 2599.27
792; 0.325043317404484; 25990.8722431014; 23454.93; 2561.09
793; 0.322776932229947; 25704.886360572; 23194.28; 2552.82
794; 0.333017373174702; 25575.607034277; 23067.19; 2471.77
795; 0.335641533284728; 25302.1061655087; 22798.31; 2447.77
796; 0.331748362458061; 25068.1845540568; 22574.89; 2465.95
797; 0.337909646848144; 24875.7603063745; 22389.59; 2413.99
798; 0.340666122641108; 24633.7385301493; 22208.86; 2335.35
799; 0.341179329123269; 24487.5934374363; 22036.92; 2356.34
800; 0.343873792147227; 24291.5993146698; 21843.9; 2334.74
801; 0.347802880008985; 24150.0929872054; 21702.95; 2307.03
802; 0.345072652229571; 23958.4618606761; 21500.64; 2334.61
803; 0.344781080796091; 23797.4303517369; 21393.65; 2284.26
804; 0.341986568826342; 23555.0847211115; 21220.84; 2235.45
805; 0.335195534809408; 23394.4871863099; 21080.53; 2260.34
806; 0.330884943591203; 23134.7097574365; 20884.88; 2225.76
807; 0.333565917472673; 22996.5157419186; 20764.5; 2190.04
808; 0.330491959084544; 22758.430641913; 20604.27; 2132.9
809; 0.323221998693855; 22578.5517168634; 20492.96; 2111.05
810; 0.319124012681689; 22333.2900052802; 20296.51; 2087.65
811; 0.3241347077791; 22226.2502236062; 20143.72; 2100.94
812; 0.326655441355753; 22016.4884590385; 19971.4; 2046.59
813; 0.326406643662198; 21890.0758840092; 19891.31; 2001.18
814; 0.32125347300973; 21707.2778193125; 19687.25; 2054.25
815; 0.320956538869844; 21579.0715681957; 19544.76; 2070.29
816; 0.327339354040034; 21413.9198631852; 19357.6; 2051.42
817; 0.330910184189176; 21249.4052245509; 19185.46; 2036.48
818; 0.322417784948023; 21104.2429596864; 19062.77; 2067.03
819; 0.320727431027415; 20885.0723026305; 18892.41; 2027.85
820; 0.32993704467304; 20792.8920696792; 18771.83; 1998.89
821; 0.337642092916194; 20629.2711656035; 18597.61; 1962.95
822; 0.342816316381803; 20508.3329202909; 18527.12; 1884.77
823; 0.340320873232873; 20326.2777600713; 18367.8; 1876.32
824; 0.342058518757347; 20194.4734241387; 18277.58; 1826.68
825; 0.335381324025978; 20003.2192197866; 18105.75; 1844.11
826; 0.334616500930048; 19880.2862492813; 18028.67; 1803.66
827; 0.339641232029443; 19742.2185360345; 17847.08; 1818.92
828; 0.332367967741133; 19601.514040247; 17749.83; 1816.28
829; 0.327055942398228; 19437.7027965671; 17576.76; 1854.83
830; 0.334352921042496; 19296.6892908538; 17411.07; 1838.29
831; 0.332136852953943; 19171.349089787; 17313; 1822.91
832; 0.33868031306646; 19029.9780308031; 17152.56; 1805.16
833; 0.346762106823289; 18929.9138813241; 17044.19; 1770.03
834; 0.359655335489402; 18803.3498654841; 16936.18; 1689.02
835; 0.357792761585179; 18686.6176097252; 16885.97; 1636.9
836; 0.365066339044858; 18546.1212342787; 16779.2; 1573.83
837; 0.367163863409155; 18452.9012103835; 16704.96; 1548.23
838; 0.367082883179929; 18261.3986465222; 16529.7; 1534.38
839; 0.368282605036184; 18127.9761784364; 16380.98; 1543.99
840; 0.359814505932475; 18017.3345626333; 16311.16; 1543.4
841; 0.3417381131034; 17834.0033460744; 16168.16; 1588.42
842; 0.337549860635509; 17725.9193021857; 16067.2; 1600.89
843; 0.338396696519111; 17581.3478587948; 15900.51; 1617.76
844; 0.343876042090682; 17497.4209762845; 15808.94; 1598.86
845; 0.338544974474848; 17331.1613381701; 15714.32; 1554.73
846; 0.3462290665414; 17258.6910646745; 15632; 1529.14
847; 0.343686214614988; 17106.8073876754; 15492.48; 1528.35
848; 0.361143565599518; 17001.9527777075; 15380.5; 1460.56
849; 0.360085326947531; 16884.5790481182; 15259.93; 1467.36
850; 0.366403575544523; 16716.5381269529; 15115.22; 1420.98
851; 0.360582835622257; 16596.5507986929; 15008.7; 1431.45
852; 0.361623370155226; 16437.4061203993; 14828.47; 1445.91
853; 0.356940127053139; 16318.7891196637; 14714.18; 1460.61
854; 0.362434893266396; 16151.4829083634; 14563.48; 1423.21
855; 0.360272831806316; 15978.5958074902; 14363.63; 1455.73
856; 0.362049166152319; 15864.4743723751; 14228.15; 1467.46
857; 0.373098224955545; 15722.4142016633; 14073.56; 1434.58
858; 0.378896567573875; 15629.2105153048; 13971.8; 1419.68
859; 0.377715215936662; 15457.8922029151; 13840.97; 1389.06
860; 0.377943223498252; 15336.5484342455; 13723.07; 1384.95
861; 0.380098241735359; 15186.1548641923; 13585.32; 1366.04
862; 0.372202339127018; 15000.6301082643; 13409.1; 1386.64
863; 0.365770581789835; 14864.8462557434; 13319.24; 1370.04
864; 0.355645736752907; 14650.5579762959; 13146.57; 1370.79
865; 0.352442586936015; 14508.3361379621; 13034.1; 1355.62
866; 0.34438100246507; 14299.9383142547; 12836.96; 1376.49
867; 0.336982707825642; 14083.9856427568; 12655.48; 1373.25
868; 0.335056091509242; 13921.5533465991; 12498.93; 1375.19
869; 0.323831278154404; 13663.183026219; 12279.35; 1383.79
870; 0.327798151002493; 13509.0592520408; 12144.49; 1347.75
871; 0.330815445201214; 13253.5594050038; 11906.97; 1317.56
872; 0.327060356272676; 13058.5360185599; 11766.82; 1278.13
873; 0.336952279363344; 12797.4757999525; 11498.1; 1247.72
874; 0.3526358400211; 12560.1850470165; 11264.27; 1188.78
875; 0.35215949185751; 12368.5112779532; 11092.56; 1171.82
876; 0.355112316942963; 12128.6836650354; 10854.74; 1160.02
877; 0.360489922004344; 11977.0235776681; 10731.66; 1116.86
878; 0.352491453210397; 11746.4737038169; 10529.15; 1116.23
879; 0.352881888193514; 11602.3582211267; 10353.69; 1143.48
880; 0.354566950885855; 11498.783035061; 10265.02; 1124.24
881; 0.340637830892659; 11340.3482765852; 10124.4; 1153.05
882; 0.329609091782739; 11240.1505131732; 10051.99; 1164.17
883; 0.329275787033465; 11138.4220403447; 9956.93; 1158.58
884; 0.331704634043361; 11032.8425330261; 9877.48; 1124.44
885; 0.336167567103808; 10978.7230040648; 9840.71; 1092.6
886; 0.33629547668745; 10870.9258502316; 9764.99; 1061.19
887; 0.342573646502714; 10821.1123792821; 9705.08; 1051.08
888; 0.343996008023333; 10735.164752213; 9640.69; 1026.38
889; 0.356127077846493; 10698.684451208; 9599.18; 995.81
890; 0.354047029886699; 10669.7932021868; 9591.44; 982.23
891; 0.352459255652446; 10635.9725841928; 9539.87; 1002.73
892; 0.348654554344016; 10648.602206086; 9523.5; 1040.32
893; 0.343133785341607; 10684.5623327907; 9542.15; 1073.18
894; 0.344188775069329; 10787.8316386955; 9647.56; 1067.71
895; 0.34110297704664; 10880.9143658617; 9721.4; 1095.37
896; 0.341706217334985; 11041.2301403041; 9855.43; 1118.04
897; 0.343660622510809; 11142.9375094296; 9950.07; 1118.16
898; 0.342897382855497; 11308.1797684178; 10151.45; 1086.52
899; 0.339500420198647; 11509.2504734829; 10340.25; 1108.85
900; 0.332820357128523; 11621.1618211681; 10437.71; 1144.9
