# 05/03/2019 16:47:43
# NanoCalc data
# Original file name: C:\SVA_DATA\StudentProjects\2018_Nathan\Ambient_investigation\ambientinvest_1000.dat
# Fit Result : Fitness; Thickness 1; Thickness 2; Thickness 3 
# Fit Result : 0; 2; -1; -1
# comment:topsil blank wafer - Swelling starting 14:03
#
# WaveLength; Reflectance; Raw Intensity; Dark Intensity; Reference Intensity
450; 0.436946179164226; 11296.9560817997; 9974.11; 1268.18
451; 0.440409465103017; 11500.7271556579; 10150.55; 1281.62
452; 0.430711864397493; 11699.9957411477; 10349.46; 1308.15
453; 0.426762913409659; 12049.8776528625; 10705.82; 1311.33
454; 0.432349642514086; 12307.5941217706; 10938.89; 1315.51
455; 0.441478511028739; 12557.5985496389; 11145.32; 1326.73
456; 0.446300748848167; 12833.0023227564; 11393.78; 1334.84
457; 0.447723221272184; 13207.6529110827; 11743.21; 1351.36
458; 0.443470661824963; 13488.5284030499; 12004.4; 1380.01
459; 0.444298947781566; 13747.3008991562; 12218.31; 1416.43
460; 0.440751033401027; 14020.4332149902; 12467.56; 1447.42
461; 0.440920033421724; 14401.3072125678; 12788.29; 1500.11
462; 0.440438606274087; 14631.6532828887; 12988.62; 1526.84
463; 0.431398155902291; 14849.2574137137; 13191.99; 1569.49
464; 0.429682999036072; 15223.8606026814; 13534.43; 1603.41
465; 0.424823742946064; 15488.6730558517; 13775.24; 1641.95
466; 0.424350126967203; 15759.605129479; 14013.09; 1672.58
467; 0.417287076219201; 16021.7165214556; 14271.38; 1701.75
468; 0.415466683824611; 16575.5858173496; 14763.44; 1766.58
469; 0.417732783209522; 16945.1550400161; 15068.75; 1816.3
470; 0.41308239879846; 17321.6037275208; 15397.56; 1880.3
471; 0.40833924170898; 17784.0946710526; 15786.55; 1971.57
472; 0.40257835048338; 18480.3732376711; 16412.26; 2067.07
473; 0.400278974030378; 18960.8831730059; 16841; 2127.56
474; 0.401103202372196; 19499.3022177797; 17340.05; 2159.13
475; 0.402576775520592; 20441.2723307915; 18167.36; 2261.84
476; 0.407148931348277; 21048.9997590463; 18725.06; 2281.93
477; 0.399542719188873; 21675.9242687504; 19328.34; 2345.3
478; 0.400282353722939; 22472.3426330779; 20020.15; 2441.33
479; 0.39853146308601; 23618.8587963017; 21051.57; 2563.15
480; 0.401272615391334; 24421.4594464291; 21763.4; 2631.53
481; 0.399395541705097; 25183.0545843286; 22481.95; 2682.68
482; 0.402536205118969; 26390.7788922914; 23566.69; 2778.75
483; 0.398017301051424; 27144.4795360894; 24283.29; 2843.04
484; 0.397752220696339; 27930.8676173641; 24967.5; 2942.13
485; 0.407235154397376; 28753.9650228919; 25677.83; 2978.5
486; 0.411879660765605; 29804.4996889084; 26580.03; 3082.21
487; 0.415321875346169; 30481.7109906376; 27178.25; 3126.82
488; 0.417099895115269; 31134.6748214557; 27754.35; 3181.11
489; 0.4152792836851; 31743.0715095243; 28305.67; 3244.36
490; 0.407630589526822; 32579.2132843149; 29080.08; 3359.77
491; 0.412991121201409; 33156.0869595867; 29541.63; 3420.99
492; 0.411293527890521; 33692.5820906479; 29981.87; 3521.98
493; 0.410862336291208; 34367.5511921315; 30574.72; 3599.14
494; 0.4175627942717; 34859.3275549691; 30974.31; 3622.94
495; 0.414969177249928; 35291.2314354439; 31348.54; 3695.08
496; 0.413781497499244; 35870.1290087117; 31888.68; 3737.51
497; 0.419120179312246; 36291.8771392759; 32203.41; 3784.41
498; 0.420031795797126; 36672.8697453963; 32522.6; 3828.54
499; 0.421513928699706; 37078.3429134484; 32888.61; 3846.49
500; 0.420425377898465; 37578.9866892157; 33404; 3838.1
501; 0.422964318676211; 37942.756291457; 33757.12; 3819.85
502; 0.412990135321551; 38297.2518128434; 34104.08; 3913.98
503; 0.404989778504601; 38761.792838326; 34594.64; 3961.47
504; 0.398900975033676; 39151.1688845505; 34973.85; 4026.59
505; 0.397198521198338; 39554.321822862; 35353.22; 4062.03
506; 0.3975108497435; 39984.5956176212; 35768.07; 4068.88
507; 0.392446380091594; 40627.197479588; 36370.57; 4155.8
508; 0.390169779970199; 41048.8616087659; 36741.22; 4225.27
509; 0.390307005141596; 41491.6907569149; 37140.99; 4261.28
510; 0.394009795217335; 42193.5300484989; 37783.05; 4274.38
511; 0.394525038753676; 42685.9652862099; 38240.47; 4297.8
512; 0.395236936192177; 43159.1797544233; 38680.47; 4317.19
513; 0.395821664806362; 43868.9016259445; 39294.3; 4398.19
514; 0.391322651062491; 44308.7856513074; 39685.29; 4491.16
515; 0.395110238568615; 44787.9909348558; 40091.53; 4513.23
516; 0.392701091536221; 45165.1256096205; 40463.87; 4540.33
517; 0.389941332393337; 45872.1734299565; 41103.87; 4632.33
518; 0.383585459799562; 46299.4577647234; 41495.43; 4739
519; 0.380183217565748; 46755.0118002736; 41923.66; 4803.15
520; 0.375605835168165; 47433.9646187656; 42544.3; 4914.89
521; 0.374697126478231; 47866.3836803915; 42937.46; 4961.07
522; 0.373081812145927; 48299.7065055136; 43342.89; 5005.39
523; 0.368276965054745; 48989.632739797; 43960.31; 5139.48
524; 0.365547391840735; 49475.0415006198; 44373.07; 5247.14
525; 0.361633785132659; 49890.14856972; 44755.89; 5332.01
526; 0.365272128135384; 50518.6392089731; 45261.17; 5400.02
527; 0.364931471975298; 50914.5006703788; 45576.28; 5482.69
528; 0.365414718453443; 51276.3481918943; 45905.48; 5503.37
529; 0.366857118053501; 51605.3122166851; 46153; 5559.37
530; 0.367936005392714; 52008.472383475; 46536.92; 5557.27
531; 0.368270187845492; 52228.2648187223; 46723.03; 5581.29
532; 0.369780292404154; 52454.193685353; 46892.47; 5610.38
533; 0.37000723433668; 52712.8970354831; 47110.61; 5642.64
534; 0.37085696159841; 52887.0257273785; 47313.66; 5595.49
535; 0.372938315153611; 53117.0280892914; 47486.22; 5615.72
536; 0.372494556120421; 53371.0880204495; 47682.92; 5673.86
537; 0.371487162615073; 53550.3279953286; 47842.65; 5702.61
538; 0.373341992957202; 53782.1333123413; 48015.96; 5726.24
539; 0.37114961528345; 54096.1541157876; 48297.33; 5786.85
540; 0.372168903191759; 54274.6874385705; 48516.67; 5724.61
541; 0.374096990768594; 54557.9604987069; 48768.87; 5721.07
542; 0.376007328210983; 54973.7888196341; 49102.8; 5767.71
543; 0.372142182644123; 55168.3499827396; 49344.77; 5776.02
544; 0.374907320654566; 55486.6933105018; 49587.23; 5803.56
545; 0.374210230029287; 55931.5123580624; 49996.55; 5844.6
546; 0.371892535012582; 56241.989369153; 50263.6; 5919.23
547; 0.373103750429488; 56505.2354111662; 50515.8; 5905.79
548; 0.371986398084244; 57029.1345191379; 50973.44; 5984.01
549; 0.36873336703704; 57258.4844445093; 51230.63; 6003.82
550; 0.368407440663362; 57546.3506551356; 51502.98; 6019.5
551; 0.368144871266679; 57852.1663876031; 51737.46; 6089.73
552; 0.366466872311714; 58315.3817274006; 52212.42; 6100.68
553; 0.365082473143716; 58603.8974471597; 52434.14; 6185.73
554; 0.365914294004511; 58861.195126415; 52753.85; 6104.03
555; 0.365983276996497; 59325.3487585995; 53190.84; 6124.79
556; 0.367530498233266; 59666.2412962959; 53534; 6091.38
557; 0.370063902943862; 60035.6816390881; 53871.51; 6075.97
558; 0.37289811012165; 60643.6657404946; 54434.92; 6068.18
559; 0.370200818862307; 61026.7703907012; 54926.61; 6000.33
560; 0.369369798346889; 61448.1118597411; 55331.79; 6024.57
561; 0.371104139133365; 62219.0367407479; 56104.62; 5989.53
562; 0.368467616579311; 62792.2354870437; 56631.31; 6073.02
563; 0.367549135257236; 63365.0305588927; 57204.86; 6082.5
564; 0.363996876032122; 64265.9213327621; 57987.46; 6254.7
565; 0.362934941385556; 64880.6835945161; 58485.75; 6384.67
566; 0.364404608827042; 65421.7900760483; 58942.33; 6438.22
567; 0.369384867431117; 66212.7734993029; 59535.65; 6540.69
568; 0.371270343889909; 66576.1209849947; 59838.9; 6561.54
569; 0.369351208760636; 66751.4334182442; 60017.6; 6587.61
570; 0.374640714082222; 66971.0807653069; 60102.89; 6619.45
571; 0.373576332332768; 66970.2751019456; 60105.7; 6629.71
572; 0.374999843177924; 66906.7063552454; 60092.66; 6550.7
573; 0.369788599871139; 66575.1866420794; 59886.75; 6515.35
574; 0.368937542444875; 66344.0081958422; 59702.95; 6478.76
575; 0.364839847467667; 65961.3673533419; 59376.57; 6490.82
576; 0.361464137082438; 65774.7882974968; 59212.73; 6523.75
577; 0.361379007542121; 65614.024214807; 59049.47; 6522.7
578; 0.35941927684824; 65315.6778859079; 58832.77; 6471.66
579; 0.35977414624215; 65177.2472119758; 58681.73; 6472.98
580; 0.355063059868706; 64980.9106935414; 58531.76; 6507.14
581; 0.35773709852918; 64805.1483492964; 58358.47; 6451.5
582; 0.357380881977138; 64652.0987009574; 58223.81; 6434.99
583; 0.354445101403407; 64489.501483946; 58116.48; 6428.16
584; 0.355664022748586; 64323.1188232514; 58041.66; 6309.99
585; 0.355447153046255; 64265.381126013; 58001.66; 6291.92
586; 0.357450744460565; 64229.6074137025; 57916.29; 6302.09
587; 0.361645058141679; 64134.3521835872; 57822.8; 6223.37
588; 0.365928780518176; 64098.2783743355; 57756.09; 6176.51
589; 0.363979173488617; 64051.5517236104; 57699.13; 6215.89
590; 0.361261552570226; 64025.6145377127; 57738.52; 6194.36
591; 0.363786522152665; 64042.0899278867; 57724.43; 6177.39
592; 0.366530157407386; 64149.9028843171; 57741.06; 6215.73
593; 0.364380080843985; 64181.064462898; 57802.18; 6219.26
594; 0.36259206352623; 64224.2258450607; 57908.29; 6184.35
595; 0.359145057112611; 64446.8448450137; 58111.59; 6258.85
596; 0.359060354418151; 64691.0759532474; 58326.91; 6284.92
597; 0.360618707496601; 64998.4254909502; 58603.15; 6284.37
598; 0.364694852753622; 65598.2015522892; 59099.6; 6310.53
599; 0.364526642691935; 66058.755425171; 59527.8; 6340.85
600; 0.359756986568327; 66532.9211787068; 59960.28; 6461.82
601; 0.357774135124362; 67403.194073172; 60697.15; 6625.3
602; 0.352207734310462; 68050.6301713901; 61279.87; 6790.82
603; 0.348017936910477; 68695.3068432594; 61857.51; 6936.2
604; 0.34864544686069; 69628.1639438498; 62656.02; 7055.25
605; 0.348372236937341; 70227.6166052361; 63164.06; 7148.99
606; 0.348473576198746; 70844.214164712; 63665.24; 7259.25
607; 0.344815273174995; 71521.7068057552; 64229.46; 7447.46
608; 0.346449462121203; 71937.4624304391; 64605.07; 7448.57
609; 0.346180017859526; 72417.8668391103; 65012.16; 7524.28
610; 0.34946163490393; 72600.04543306; 65131.3; 7512.45
611; 0.351940155425666; 72716.4004170298; 65239.15; 7463.65
612; 0.351141392301421; 72742.3598609855; 65282.26; 7458.87
613; 0.349600350465789; 72671.2520880313; 65221.73; 7476.51
614; 0.348409324423333; 72480.3621583373; 65048.2; 7480.17
615; 0.350959158143026; 72141.4189639637; 64730.84; 7399.89
616; 0.347062676616763; 71764.0664363198; 64404.11; 7427.25
617; 0.352282214342827; 71152.0421799858; 63844.38; 7261.12
618; 0.351763450522797; 70726.8692799103; 63501.23; 7185.95
619; 0.34566829223746; 70179.2541687749; 63069.45; 7191.57
620; 0.340004191009722; 69423.1103289496; 62453.03; 7163.84
621; 0.339177721926882; 68902.4529041479; 62036.47; 7070.44
622; 0.336203362711178; 68399.4585369643; 61653.69; 7004.53
623; 0.332939941454298; 67707.4591677758; 61131.32; 6892
624; 0.334001158871692; 67298.5413134579; 60832.15; 6752.19
625; 0.330361258119382; 66696.6472891004; 60360.05; 6686.33
626; 0.330939462124704; 66329.0629851704; 60030.06; 6631.84
627; 0.33690516143497; 66070.8398789547; 59716.95; 6568.18
628; 0.342396440863178; 65632.3777841332; 59254.98; 6483.61
629; 0.343903172439438; 65342.8169433034; 58966.16; 6451.51
630; 0.345877411002287; 65087.9793055432; 58767.56; 6355.21
631; 0.346545298330886; 64675.689210814; 58338.17; 6357.4
632; 0.347396544820969; 64477.5489530104; 58079.03; 6400.12
633; 0.353588695276349; 64200.6384685121; 57719.35; 6366.65
634; 0.353970243827707; 63963.1497291463; 57485.65; 6353.16
635; 0.354141487295041; 63727.1223927324; 57286.55; 6310.45
636; 0.351575905015855; 63416.1584332269; 57071.09; 6258.83
637; 0.349757670543519; 63233.9288768131; 56913.78; 6262.88
638; 0.349796458226716; 63067.8339254026; 56743.68; 6262.37
639; 0.349391604741961; 62789.1942155361; 56591.41; 6140.81
640; 0.34873560314196; 62532.4583191379; 56432.61; 6051.48
641; 0.343324990088461; 62197.4889321053; 56168.28; 6072.51
642; 0.341504323632356; 61979.1528582319; 55997.94; 6053.14
643; 0.339315955039421; 61803.4015841769; 55836.36; 6074.76
644; 0.33638712832155; 61465.5986716664; 55534.33; 6087.92
645; 0.338959995823489; 61284.9679626706; 55329.21; 6064.02
646; 0.339497575026477; 61013.3303244888; 55001.21; 6108.88
647; 0.342398692071948; 60860.3199704897; 54781.74; 6121.59
648; 0.341907433858829; 60699.5419323355; 54626.46; 6122.35
649; 0.34238835360512; 60468.1000922529; 54474.03; 6031.58
650; 0.342268974829478; 60390.6170109454; 54352.64; 6075.23
651; 0.345058124322031; 60257.0275824867; 54273.44; 5969.06
652; 0.348938416031687; 60178.257042279; 54154.75; 5939.12
653; 0.347325761559642; 60063.541079227; 54101.11; 5903.27
654; 0.34276265966881; 59863.2758504152; 53983.43; 5896.25
655; 0.341469047191738; 59743.9404836689; 53908.28; 5871.71
656; 0.341772855298486; 59624.8801798981; 53764.47; 5888.96
657; 0.33959446979632; 59554.0222589905; 53686.17; 5932.18
658; 0.336403039300782; 59428.9901439344; 53624.63; 5921.58
659; 0.332866441764021; 59300.2970078302; 53514.8; 5962.6
660; 0.329561409230186; 59213.440539767; 53424.69; 6023.31
661; 0.330211409858489; 59093.5935085221; 53212.89; 6103.54
662; 0.332299676348731; 59011.1646501397; 53140.75; 6051.37
663; 0.329595366286453; 58913.8142353883; 53072.34; 6067.73
664; 0.324044413397434; 58733.8722220394; 52928.49; 6130.11
665; 0.323908961540879; 58577.7349123825; 52798.77; 6102.43
666; 0.326706857414737; 58358.8820865256; 52572.34; 6055.78
667; 0.327514231180515; 58198.9675814757; 52458.72; 5990.58
668; 0.328923865169516; 58050.5295194017; 52331.11; 5941.51
669; 0.328559016739356; 57846.0410841239; 52188.17; 5881.84
670; 0.330782870101029; 57746.1600141185; 52092.02; 5836.2
671; 0.333834853353619; 57511.1121602221; 51873.43; 5762.77
672; 0.338997577476111; 57409.5678204723; 51741.85; 5702.03
673; 0.339152643677893; 57294.8126014745; 51626.61; 5696.53
674; 0.342409764166296; 57152.6327964082; 51441.45; 5681.92
675; 0.339423306523138; 56943.2458563419; 51261.25; 5700.08
676; 0.340851077774759; 56650.6126269708; 50975.02; 5667.28
677; 0.341780010162285; 56426.0832662444; 50757.05; 5643.5
678; 0.340684675495301; 56079.7201244283; 50373.64; 5696.61
679; 0.339883954689358; 55826.5416518286; 50127.55; 5700.9
680; 0.337901840441172; 55533.8048828471; 49878.14; 5688.88
681; 0.336910531181544; 55034.3583533208; 49448.09; 5633.59
682; 0.338387654183212; 54716.7270090407; 49140.95; 5596.29
683; 0.345922165627379; 54388.0067587156; 48755.69; 5527.76
684; 0.344944122732356; 54069.5928928455; 48485.75; 5493.75
685; 0.34618493035657; 53630.9636389454; 48105.92; 5414.31
686; 0.348295198390498; 53348.6837027045; 47813.32; 5389.62
687; 0.351259459392714; 53158.6144424368; 47574.65; 5388.96
688; 0.350855029302837; 52786.6065684709; 47181.46; 5413.69
689; 0.35222944935949; 52579.5820052756; 46947.26; 5416.76
690; 0.348771346346132; 52158.2877802622; 46643.84; 5353.89
691; 0.342800820946666; 51818.8638290843; 46440.68; 5310.46
692; 0.342037888433539; 51593.2493237772; 46167.09; 5367.68
693; 0.337484207320737; 51151.471840903; 45807.26; 5355.85
694; 0.33224970122007; 50846.0474305298; 45568.08; 5370.69
695; 0.32229951423081; 50308.3668837713; 45234.58; 5320.07
696; 0.321785306653025; 50031.0161955662; 45027.38; 5252.68
697; 0.321047977906128; 49633.6885097517; 44738.64; 5148.16
698; 0.322649585477157; 49394.6415508593; 44490.56; 5129.89
699; 0.323106812214916; 49010.0453345902; 44132.32; 5093.1
700; 0.320558868150125; 48747.7530061233; 43955.2; 5041.96
701; 0.323578206845598; 48514.6447333128; 43766.09; 4947.56
702; 0.32762274809839; 48166.3606572988; 43453.72; 4847.91
703; 0.3359131218149; 47988.3149371885; 43223.74; 4778.92
704; 0.333739082002518; 47651.0099257848; 42889.4; 4805.6
705; 0.331028246769984; 47357.1932483208; 42611.68; 4826.67
706; 0.331389988229287; 47028.6812910481; 42298.65; 4803.92
707; 0.332818402135256; 46822.1810778279; 42080.75; 4792.79
708; 0.334461232341949; 46580.3929788889; 41840.5; 4765.67
709; 0.332965974907849; 46263.0689148684; 41507.26; 4801.39
710; 0.328928741515449; 46014.0213158881; 41300.17; 4815.68
711; 0.320980763517248; 45573.9822471059; 41009.04; 4778.01
712; 0.323647273598411; 45344.7478558478; 40798.52; 4718.21
713; 0.319586848252943; 44959.2731557045; 40548.3; 4635.01
714; 0.319292288328915; 44666.4397337803; 40308.07; 4583.12
715; 0.321179226201284; 44283.7105638858; 40002.06; 4474.49
716; 0.321617735356667; 43969.7908534406; 39761.92; 4390.05
717; 0.323360629864343; 43617.34631498; 39441.94; 4330.98
718; 0.329065687468254; 43104.4107233146; 39027.91; 4153.43
719; 0.330403581801639; 42736.9875364644; 38694.46; 4100.38
720; 0.332270732202867; 42132.8272392876; 38178.67; 3986.62
721; 0.335644847548602; 41766.7785890302; 37828.4; 3929.35
722; 0.332043566015329; 41141.3087905923; 37306.48; 3866.11
723; 0.327542187068954; 40726.7913790456; 36943.33; 3865.32
724; 0.32664610054866; 40247.3831394278; 36516.58; 3820.57
725; 0.326193985341428; 40015.1464394136; 36268.77; 3840.42
726; 0.330893320596576; 39744.348959134; 35977.9; 3804.76
727; 0.331484878471995; 39624.8585447975; 35837.05; 3818.1
728; 0.32956565215683; 39489.2083195585; 35741.01; 3798.89
729; 0.327133925357354; 39348.6577441995; 35655.66; 3769.72
730; 0.332195796460533; 39369.5386450695; 35621.76; 3766.3
731; 0.33429436283169; 39401.8591908523; 35669.57; 3726.84
732; 0.333912687442394; 39424.1407820786; 35675.81; 3746.67
733; 0.330645036519389; 39424.0410429061; 35710.78; 3747.83
734; 0.325205306327856; 39396.4405913021; 35712.43; 3780.15
735; 0.320670918926989; 39341.6192391615; 35676.29; 3813.22
736; 0.318993884027908; 39286.5817024512; 35605.72; 3848.44
737; 0.321905239958331; 39269.1321299737; 35524.42; 3878.47
738; 0.318746639770134; 39165.4102345072; 35471.76; 3862.18
739; 0.320029415915983; 39137.6960308205; 35385.77; 3905.94
740; 0.317630477759188; 39033.2707862969; 35330.87; 3882.05
741; 0.319639521069412; 39005.0007135895; 35331.81; 3825.91
742; 0.32564767505577; 39042.7375433193; 35297.16; 3828.14
743; 0.329973778921662; 39096.1521916687; 35341.68; 3785.63
744; 0.332292206608286; 39290.5449547741; 35487.6; 3806.45
745; 0.32976745643727; 39429.1724295553; 35624.93; 3835.47
746; 0.328727085190254; 39667.9912751881; 35849.29; 3860.79
747; 0.329140570824791; 39810.0149606558; 35981.99; 3863.91
748; 0.338496545527895; 40101.5488172717; 36142.13; 3884.74
749; 0.337520055323176; 40183.7541170062; 36208.89; 3910.08
750; 0.331034909785732; 40126.1962125552; 36238.82; 3897.96
751; 0.331791017135006; 40045.5774261676; 36152.15; 3895.01
752; 0.328560009066289; 39742.7708282403; 35949.73; 3831.66
753; 0.333978449181604; 39503.4523287531; 35751.94; 3728.11
754; 0.339592170169699; 38987.0223208284; 35256.44; 3645.8
755; 0.337916180447337; 38566.5835088147; 34856.42; 3642.92
756; 0.337925478383049; 37919.3831456463; 34228.38; 3622.99
757; 0.340607414084638; 37514.5945069919; 33843.34; 3573.78
758; 0.342739912488323; 36875.6165256956; 33266.37; 3490.14
759; 0.345123127445907; 36444.1099596422; 32888.78; 3412.66
760; 0.344938923862506; 36059.4878422398; 32507.23; 3409.93
761; 0.335860936167656; 35428.9119515487; 31922.24; 3455.53
762; 0.337533972793193; 35111.2863987617; 31584.61; 3456.39
763; 0.34006746388557; 34604.9905462037; 31156.01; 3353.69
764; 0.339090159574341; 34257.4039391115; 30882.61; 3289.77
765; 0.338187177408197; 33768.6507836428; 30420.83; 3271.88
766; 0.336933248652246; 33464.7162533226; 30148.7; 3252.55
767; 0.336839804132784; 33041.9307306322; 29734.52; 3245.11
768; 0.338080625026388; 32748.2762462456; 29444.62; 3229.63
769; 0.345476237049899; 32400.9563957416; 29082.91; 3174.06
770; 0.337243470031755; 32100.5058228748; 28833.71; 3201.12
771; 0.337038604060154; 31739.7100266845; 28482.36; 3192.5
772; 0.332626108329091; 31488.3407212167; 28273.48; 3191.35
773; 0.334980447275984; 31127.775350804; 27921.8; 3158.77
774; 0.335197299500316; 30884.5339800427; 27693.46; 3140.57
775; 0.330680799680409; 30520.4918984484; 27388.59; 3123.35
776; 0.328259043990887; 30246.9362795559; 27168.16; 3091.85
777; 0.327890896065963; 29877.6387459547; 26881.2; 3011.78
778; 0.332469931059843; 29694.5943816962; 26683.71; 2983.77
779; 0.336093585089347; 29375.0396389434; 26434.43; 2882.07
780; 0.338214271009828; 29152.1730123064; 26255.79; 2820.21
781; 0.339376450524086; 28865.5194511329; 25941.15; 2837.08
782; 0.340413491110965; 28619.945963655; 25751.65; 2773.5
783; 0.350501938787487; 28313.2476354266; 25422.12; 2714.51
784; 0.34494606982227; 28093.068005433; 25250.15; 2711.55
785; 0.350067549673991; 27792.6632251423; 24936.62; 2683.45
786; 0.344427783331454; 27545.1983185854; 24719.46; 2697.68
787; 0.338803504980119; 27179.4329359966; 24424.62; 2672.78
788; 0.339679162589153; 27002.6214349109; 24259.38; 2653.85
789; 0.337486525303043; 26685.0226874516; 23969.59; 2643.26
790; 0.337777946506114; 26533.5034177598; 23818.57; 2639.74
791; 0.336930833445512; 26268.8625521797; 23601.58; 2599.27
792; 0.337035764699779; 26084.4356300898; 23454.93; 2561.09
793; 0.330513663314664; 25765.0637906539; 23194.28; 2552.82
794; 0.340588996374093; 25632.6394600313; 23067.19; 2471.77
795; 0.347145961797853; 25387.9261285974; 22798.31; 2447.77
796; 0.34195441236091; 25144.8893445573; 22574.89; 2465.95
797; 0.349627809111242; 24961.9766879887; 22389.59; 2413.99
798; 0.34784564002223; 24684.8426946002; 22208.86; 2335.35
799; 0.346313188102908; 24524.4696803942; 22036.92; 2356.34
800; 0.349495725868665; 24331.6163314688; 21843.9; 2334.74
801; 0.350213262645103; 24167.0524527633; 21702.95; 2307.03
802; 0.344129982180994; 23951.7475788058; 21500.64; 2334.61
803; 0.343888226493339; 23791.2054578855; 21393.65; 2284.26
804; 0.344355041872101; 23571.2508405095; 21220.84; 2235.45
805; 0.340522470473572; 23431.2606506943; 21080.53; 2260.34
806; 0.339716987790707; 23194.7626436252; 20884.88; 2225.76
807; 0.345833998695918; 23078.6061144029; 20764.5; 2190.04
808; 0.346705343018205; 22864.1101677897; 20604.27; 2132.9
809; 0.348171013506485; 22739.535371588; 20492.96; 2111.05
810; 0.345422087144964; 22501.1350752706; 20296.51; 2087.65
811; 0.344214621134119; 22355.2614817208; 20143.72; 2100.94
812; 0.349896475484639; 22161.9933692761; 19971.4; 2046.59
813; 0.346198577410442; 22011.2726878203; 19891.31; 2001.18
814; 0.335818860455847; 21798.8643399642; 19687.25; 2054.25
815; 0.331947436462946; 21648.7349257245; 19544.76; 2070.29
816; 0.336373089929433; 21470.6690756428; 19357.6; 2051.42
817; 0.34260502022141; 21322.3479810266; 19185.46; 2036.48
818; 0.339174003960452; 21210.3393650878; 19062.77; 2067.03
819; 0.341699673806037; 21015.3717205902; 18892.41; 2027.85
820; 0.34948972437591; 20912.6639472118; 18771.83; 1998.89
821; 0.360332463422405; 20765.8037412444; 18597.61; 1962.95
822; 0.36798694055166; 20653.7996423636; 18527.12; 1884.77
823; 0.362216095752227; 20452.2803350783; 18367.8; 1876.32
824; 0.363775034865419; 20316.1726207382; 18277.58; 1826.68
825; 0.357725749586302; 20129.636097225; 18105.75; 1844.11
826; 0.358478086274232; 20012.3254614365; 18028.67; 1803.66
827; 0.359670291222218; 19853.9771752608; 17847.08; 1818.92
828; 0.355960464522577; 19732.9522472941; 17749.83; 1816.28
829; 0.349986659076258; 19568.1781877469; 17576.76; 1854.83
830; 0.354516425920203; 19410.4035471853; 17411.07; 1838.29
831; 0.352790037827172; 19286.9063577295; 17313; 1822.91
832; 0.354893711302892; 19119.8543094508; 17152.56; 1805.16
833; 0.359951394667892; 19001.6384284324; 17044.19; 1770.03
834; 0.371292442478083; 18863.7645273745; 16936.18; 1689.02
835; 0.373565520513329; 18765.9964672988; 16885.97; 1636.9
836; 0.382062813556927; 18628.3841780544; 16779.2; 1573.83
837; 0.387165408689257; 18548.1217065996; 16704.96; 1548.23
838; 0.390299890719708; 18370.9239400598; 16529.7; 1534.38
839; 0.384046929487066; 18202.7562907597; 16380.98; 1543.99
840; 0.377890798867291; 18103.0490368515; 16311.16; 1543.4
841; 0.368920678000999; 17966.5080130332; 16168.16; 1588.42
842; 0.360630237342713; 17839.3362245743; 16067.2; 1600.89
843; 0.356166496364865; 17669.6115819079; 15900.51; 1617.76
844; 0.353403621734898; 17544.2027668434; 15808.94; 1598.86
845; 0.347887283131452; 17375.7788394441; 15714.32; 1554.73
846; 0.355383225460908; 17301.7001299379; 15632; 1529.14
847; 0.35952513421184; 17181.2043247915; 15492.48; 1528.35
848; 0.365353560056326; 17020.8546988723; 15380.5; 1460.56
849; 0.37072548142188; 16932.5857719276; 15259.93; 1467.36
850; 0.385584826911624; 16800.3672366064; 15115.22; 1420.98
851; 0.378984001903634; 16677.581573567; 15008.7; 1431.45
852; 0.38169234831723; 16526.697096949; 14828.47; 1445.91
853; 0.374788273008531; 16399.0246986824; 14714.18; 1460.61
854; 0.380918245302433; 16232.4674309213; 14563.48; 1423.21
855; 0.377026047669422; 16053.6940896693; 14363.63; 1455.73
856; 0.375230223182983; 15924.0477311599; 14228.15; 1467.46
857; 0.37688041059727; 15739.1290297426; 14073.56; 1434.58
858; 0.37966956919063; 15632.5918629273; 13971.8; 1419.68
859; 0.376540562847439; 15452.8637513713; 13840.97; 1389.06
860; 0.380540440351442; 15347.6362197147; 13723.07; 1384.95
861; 0.376569035739287; 15171.2911384996; 13585.32; 1366.04
862; 0.373910824954896; 15007.9355611021; 13409.1; 1386.64
863; 0.3675361554119; 14872.3068930147; 13319.24; 1370.04
864; 0.357617514959485; 14658.8964165137; 13146.57; 1370.79
865; 0.360678267733224; 14542.7852615981; 13034.1; 1355.62
866; 0.354309049253172; 14342.114035476; 12836.96; 1376.49
867; 0.345434176530469; 14119.812320073; 12655.48; 1373.25
868; 0.346080212883561; 13968.3609493865; 12498.93; 1375.19
869; 0.333990202561654; 13706.5953092626; 12279.35; 1383.79
870; 0.337036248018716; 13547.5159153781; 12144.49; 1347.75
871; 0.338440705340577; 13284.5981447694; 11906.97; 1317.56
872; 0.33147728004408; 13075.9805393612; 11766.82; 1278.13
873; 0.336887588022805; 12797.2263332846; 11498.1; 1247.72
874; 0.34652128798962; 12537.7144439635; 11264.27; 1188.78
875; 0.350541170708673; 12362.6477445664; 11092.56; 1171.82
876; 0.351502731614094; 12115.7344989723; 10854.74; 1160.02
877; 0.355214354444989; 11958.7983810984; 10731.66; 1116.86
878; 0.345926068769231; 11723.8002516463; 10529.15; 1116.23
879; 0.349819747686819; 11591.5228746064; 10353.69; 1143.48
880; 0.353798793842072; 11496.1101300896; 10265.02; 1124.24
881; 0.341401229466502; 11343.0733208874; 10124.4; 1153.05
882; 0.33229599351718; 11249.8361396417; 10051.99; 1164.17
883; 0.325096254236836; 11123.4252354594; 9956.93; 1158.58
884; 0.326596066186927; 11015.0488476417; 9877.48; 1124.44
885; 0.326705763775635; 10946.692385162; 9840.71; 1092.6
886; 0.3307958800267; 10852.8399658515; 9764.99; 1061.19
887; 0.323571198277206; 10759.2064278996; 9705.08; 1051.08
888; 0.329696260210041; 10689.6679656817; 9640.69; 1026.38
889; 0.331372856461745; 10622.2584272075; 9599.18; 995.81
890; 0.338485032409288; 10622.3946127464; 9591.44; 982.23
891; 0.339205340171677; 10594.7546255886; 9539.87; 1002.73
892; 0.340773040184457; 10623.1686964481; 9523.5; 1040.32
893; 0.33776975160364; 10666.7035891824; 9542.15; 1073.18
894; 0.344805689320325; 10789.8754294141; 9647.56; 1067.71
895; 0.339253088428726; 10874.6260231264; 9721.4; 1095.37
896; 0.337838787614995; 11027.8092586464; 9855.43; 1118.04
897; 0.336032445409621; 11116.4596297304; 9950.07; 1118.16
898; 0.333233044176762; 11275.5780957288; 10151.45; 1086.52
899; 0.324568497509184; 11457.8354422915; 10340.25; 1108.85
900; 0.321086986646738; 11579.4399782348; 10437.71; 1144.9
