# 05/03/2019 16:44:43
# NanoCalc data
# Original file name: C:\SVA_DATA\StudentProjects\2018_Nathan\Ambient_investigation\ambientinvest_982.dat
# Fit Result : Fitness; Thickness 1; Thickness 2; Thickness 3 
# Fit Result : 0; 2; -1; -1
# comment:topsil blank wafer - Swelling starting 14:03
#
# WaveLength; Reflectance; Raw Intensity; Dark Intensity; Reference Intensity
450; 0.446340373599657; 11325.39682323; 9974.11; 1268.18
451; 0.451080690600888; 11533.4422674612; 10150.55; 1281.62
452; 0.446077936937055; 11748.1774419113; 10349.46; 1308.15
453; 0.446058187269588; 12110.6466646033; 10705.82; 1311.33
454; 0.449017566016639; 12360.3603400254; 10938.89; 1315.51
455; 0.459714338579865; 12615.9344990498; 11145.32; 1326.73
456; 0.458853366029299; 12873.4817682934; 11393.78; 1334.84
457; 0.446329522701818; 13203.0943090388; 11743.21; 1351.36
458; 0.444726060593305; 13492.729747422; 12004.4; 1380.01
459; 0.448307593724437; 13761.0960773694; 12218.31; 1416.43
460; 0.445839763188503; 14038.3620491538; 12467.56; 1447.42
461; 0.450170220444037; 14435.1471603031; 12788.29; 1500.11
462; 0.452541578277224; 14676.8027896298; 12988.62; 1526.84
463; 0.447024625017962; 14909.2883565967; 13191.99; 1569.49
464; 0.436819106468326; 15251.9183994924; 13534.43; 1603.41
465; 0.432647192904025; 15520.2272191755; 13775.24; 1641.95
466; 0.431339267316138; 15788.3706195442; 14013.09; 1672.58
467; 0.427581069234142; 16064.8953135929; 14271.38; 1701.75
468; 0.41691077573853; 16581.8845296738; 14763.44; 1766.58
469; 0.406112786371476; 16892.959422367; 15068.75; 1816.3
470; 0.399056617632174; 17256.2748334428; 15397.56; 1880.3
471; 0.392208531637285; 17705.185248071; 15786.55; 1971.57
472; 0.391007933107289; 18420.934042016; 16412.26; 2067.07
473; 0.395106956483483; 18933.4920940847; 16841; 2127.56
474; 0.396207494860053; 19472.9472367158; 17340.05; 2159.13
475; 0.393937488731384; 20392.4742332514; 18167.36; 2261.84
476; 0.402280990953813; 21021.2143484598; 18725.06; 2281.93
477; 0.398609138478417; 21670.4388493341; 19328.34; 2345.3
478; 0.400039304197543; 22470.853673472; 20020.15; 2441.33
479; 0.392336845426224; 23578.9538603345; 21051.57; 2563.15
480; 0.395418084381572; 24382.6786005453; 21763.4; 2631.53
481; 0.395671909425494; 25157.8717288119; 22481.95; 2682.68
482; 0.401315593611888; 26382.215400722; 23566.69; 2778.75
483; 0.398788285178655; 27150.021837169; 24283.29; 2843.04
484; 0.396891365326634; 27924.4539990533; 24967.5; 2942.13
485; 0.404027425119045; 28729.7347758946; 25677.83; 2978.5
486; 0.411991800664297; 29805.3775950996; 26580.03; 3082.21
487; 0.418893065632542; 30510.1161590178; 27178.25; 3126.82
488; 0.427675251073346; 31220.3812401325; 27754.35; 3181.11
489; 0.428412686232651; 31851.7809480052; 28305.67; 3244.36
490; 0.421183460800228; 32695.5522053607; 29080.08; 3359.77
491; 0.421106912591254; 33227.1155535822; 29541.63; 3420.99
492; 0.41573596249968; 33732.6619720422; 29981.87; 3521.98
493; 0.421503797341103; 34465.7866881476; 30574.72; 3599.14
494; 0.420796549352273; 34889.4145153709; 30974.31; 3622.94
495; 0.415517869342985; 35296.4446506285; 31348.54; 3695.08
496; 0.409202412337833; 35826.0685705652; 31888.68; 3737.51
497; 0.411147587132948; 36214.1054576704; 32203.41; 3784.41
498; 0.410432760766203; 36578.0231526563; 32522.6; 3828.54
499; 0.409081170994598; 36954.7647097038; 32888.61; 3846.49
500; 0.410257423683265; 37478.0149692943; 33404; 3838.1
501; 0.410082846872006; 37815.2818131374; 33757.12; 3819.85
502; 0.399153609298226; 38156.7667843971; 34104.08; 3913.98
503; 0.39637463592927; 38673.1471051721; 34594.64; 3961.47
504; 0.385860532403118; 39014.6084580964; 34973.85; 4026.59
505; 0.390373515960426; 39482.1348926098; 35353.22; 4062.03
506; 0.391034763154198; 39915.9016812838; 35768.07; 4068.88
507; 0.390306135683718; 40603.9835486621; 36370.57; 4155.8
508; 0.386889180850652; 41012.6423883277; 36741.22; 4225.27
509; 0.386931034288253; 41454.0592546526; 37140.99; 4261.28
510; 0.389448689655224; 42142.4737922206; 37783.05; 4274.38
511; 0.393861567538396; 42678.4893141668; 38240.47; 4297.8
512; 0.392224077915476; 43125.0389226413; 38680.47; 4317.19
513; 0.388037971533763; 43778.9437002759; 39294.3; 4398.19
514; 0.383756014916886; 44219.3854869693; 39685.29; 4491.16
515; 0.387123781928663; 44693.0602599299; 40091.53; 4513.23
516; 0.386842714051426; 45094.9915289998; 40463.87; 4540.33
517; 0.382558073818805; 45781.8890352012; 41103.87; 4632.33
518; 0.380093399002315; 46255.7231637434; 41495.43; 4739
519; 0.375411968120077; 46694.3789697492; 41923.66; 4803.15
520; 0.372135292772753; 47388.7848404718; 42544.3; 4914.89
521; 0.371597771088718; 47825.6134553383; 42937.46; 4961.07
522; 0.374027793245774; 48312.274941114; 43342.89; 5005.39
523; 0.366680163378722; 48967.8262415845; 43960.31; 5139.48
524; 0.364448726525398; 49459.7073490086; 44373.07; 5247.14
525; 0.361208099905989; 49884.1049473792; 44755.89; 5332.01
526; 0.364886792972311; 50513.0929665994; 45261.17; 5400.02
527; 0.364530741776937; 50908.6387856349; 45576.28; 5482.69
528; 0.366673414057776; 51294.8485090496; 45905.48; 5503.37
529; 0.368999187538748; 51637.1481305836; 46153; 5559.37
530; 0.369902388790788; 52037.7143429757; 46536.92; 5557.27
531; 0.373245855326823; 52302.6455825437; 46723.03; 5581.29
532; 0.377686860817549; 52573.1133512138; 46892.47; 5610.38
533; 0.377789827630752; 52830.733438309; 47110.61; 5642.64
534; 0.377414270853499; 52985.5712218695; 47313.66; 5595.49
535; 0.375002975542041; 53148.2013582864; 47486.22; 5615.72
536; 0.373953947576327; 53393.373618111; 47682.92; 5673.86
537; 0.373774311913441; 53585.4686759121; 47842.65; 5702.61
538; 0.372589149041093; 53770.5058271419; 48015.96; 5726.24
539; 0.373118773534602; 54126.9201515973; 48297.33; 5786.85
540; 0.373039220324101; 54288.1525647058; 48516.67; 5724.61
541; 0.373907484456321; 54555.0279191382; 48768.87; 5721.07
542; 0.372935910990859; 54925.8316262316; 49102.8; 5767.71
543; 0.37410625861887; 55199.0854222155; 49344.77; 5776.02
544; 0.376012218716041; 55504.0797556748; 49587.23; 5803.56
545; 0.374528527978793; 55936.560553428; 49996.55; 5844.6
546; 0.369964086866716; 56210.9884406352; 50263.6; 5919.23
547; 0.372080183955264; 56488.8040960713; 50515.8; 5905.79
548; 0.367339764641341; 56953.4903751113; 50973.44; 5984.01
549; 0.36787812519585; 57244.5034116156; 51230.63; 6003.82
550; 0.368759208848705; 57552.121074769; 51502.98; 6019.5
551; 0.369679941559941; 57877.6631549363; 51737.46; 6089.73
552; 0.367585818764079; 58334.0161194555; 52212.42; 6100.68
553; 0.364650802337635; 58596.6023717549; 52434.14; 6185.73
554; 0.370341699128739; 58935.0913681064; 52753.85; 6104.03
555; 0.371193989053861; 59412.6892486261; 53190.84; 6124.79
556; 0.372948136622582; 59756.6345181348; 53534; 6091.38
557; 0.375488138950123; 60126.0333904682; 53871.51; 6075.97
558; 0.378418959672913; 60735.5877701453; 54434.92; 6068.18
559; 0.377455961366286; 61146.3204583312; 54926.61; 6000.33
560; 0.375735781559198; 61553.5249239777; 55331.79; 6024.57
561; 0.379067131663694; 62350.237257529; 56104.62; 5989.53
562; 0.374449297474355; 62892.2515769887; 56631.31; 6073.02
563; 0.374260051410842; 63477.5063727283; 57204.86; 6082.5
564; 0.370409412348858; 64376.5290438733; 57987.46; 6254.7
565; 0.366825877942218; 64949.2421102802; 58485.75; 6384.67
566; 0.368192582762994; 65489.143850651; 58942.33; 6438.22
567; 0.366974188619937; 66169.1972687677; 59535.65; 6540.69
568; 0.370726727420346; 66566.2563018957; 59838.9; 6561.54
569; 0.368061106797331; 66727.9129003539; 60017.6; 6587.61
570; 0.370494728876993; 66895.0734969313; 60102.89; 6619.45
571; 0.370367274803503; 66911.3077249746; 60105.7; 6629.71
572; 0.370787077356985; 66830.1570389993; 60092.66; 6550.7
573; 0.367026398952299; 66525.2261894186; 59886.75; 6515.35
574; 0.367658201692937; 66320.9794297003; 59702.95; 6478.76
575; 0.366715841370413; 65995.2261540497; 59376.57; 6490.82
576; 0.362100191057712; 65786.335288852; 59212.73; 6523.75
577; 0.362768130784308; 65639.2580403588; 59049.47; 6522.7
578; 0.363616038278584; 65391.3756003172; 58832.77; 6471.66
579; 0.362526921342196; 65226.9469978826; 58681.73; 6472.98
580; 0.361925242946262; 65105.5512370274; 58531.76; 6507.14
581; 0.36322859921468; 64904.1091188669; 58358.47; 6451.5
582; 0.365287897869822; 64794.3239387486; 58223.81; 6434.99
583; 0.365056720256356; 64680.3013416998; 58116.48; 6428.16
584; 0.366390951548776; 64512.5694205809; 58041.66; 6309.99
585; 0.363681652321182; 64410.4901995516; 58001.66; 6291.92
586; 0.362692748859984; 64322.1920233876; 57916.29; 6302.09
587; 0.363785360021369; 64171.7054577387; 57822.8; 6223.37
588; 0.366674334349234; 64111.2001314957; 57756.09; 6176.51
589; 0.365454390773983; 64077.298258064; 57699.13; 6215.89
590; 0.3615738660734; 64031.0497812528; 57738.52; 6194.36
591; 0.363123064110055; 64030.5680543857; 57724.43; 6177.39
592; 0.362777682792528; 64084.2902198528; 57741.06; 6215.73
593; 0.363582924924733; 64167.1093490618; 57802.18; 6219.26
594; 0.362639690191235; 64225.0554466735; 57908.29; 6184.35
595; 0.364920547126353; 64548.723460262; 58111.59; 6258.85
596; 0.361671483435208; 64737.3569146106; 58326.91; 6284.92
597; 0.359928064904192; 64986.1775139251; 58603.15; 6284.37
598; 0.358747909427578; 65492.2312737448; 59099.6; 6310.53
599; 0.358137278561575; 65944.281893079; 59527.8; 6340.85
600; 0.352976988933411; 66409.0528639539; 59960.28; 6461.82
601; 0.353045078378117; 67314.5536158236; 60697.15; 6625.3
602; 0.348988550190731; 67988.7453190744; 61279.87; 6790.82
603; 0.346124410744029; 68658.1031653154; 61857.51; 6936.2
604; 0.34637403318378; 69582.7406542183; 62656.02; 7055.25
605; 0.345800803880574; 70175.4785154941; 63164.06; 7148.99
606; 0.347277041267092; 70819.5641081562; 63665.24; 7259.25
607; 0.343641238718172; 71496.8780070225; 64229.46; 7447.46
608; 0.343781221342436; 71880.990735061; 64605.07; 7448.57
609; 0.339572715922043; 72276.5191626931; 65012.16; 7524.28
610; 0.343209697487396; 72466.4281075406; 65131.3; 7512.45
611; 0.34442533088322; 72556.7419521526; 65239.15; 7463.65
612; 0.344415141240108; 72599.4587228469; 65282.26; 7458.87
613; 0.345306562347346; 72579.7571298968; 65221.73; 7476.51
614; 0.345519915394591; 72418.7261602798; 65048.2; 7480.17
615; 0.348236189681954; 72083.9228926147; 64730.84; 7399.89
616; 0.348833898322043; 71801.6277054168; 64404.11; 7427.25
617; 0.354160439790112; 71191.0036617405; 63844.38; 7261.12
618; 0.351000572368988; 70711.1988560907; 63501.23; 7185.95
619; 0.345101045309539; 70167.5868719373; 63069.45; 7191.57
620; 0.341474547479402; 69453.252612418; 62453.03; 7163.84
621; 0.33990352222007; 68917.1452971994; 62036.47; 7070.44
622; 0.336777045843801; 68410.9692297635; 61653.69; 7004.53
623; 0.333254780152727; 67713.6777761147; 61131.32; 6892
624; 0.330615451924285; 67232.992720547; 60832.15; 6752.19
625; 0.327635005968685; 66644.3555582666; 60360.05; 6686.33
626; 0.329465866656212; 66301.0150086753; 60030.06; 6631.84
627; 0.3347347837836; 66029.9074677865; 59716.95; 6568.18
628; 0.336565458532621; 65523.7712410849; 59254.98; 6483.61
629; 0.339197120032826; 65255.557260465; 58966.16; 6451.51
630; 0.341944583201399; 65016.1124533944; 58767.56; 6355.21
631; 0.3457119866648; 64660.4498504249; 58338.17; 6357.4
632; 0.347614610314171; 64481.5653895929; 58079.03; 6400.12
633; 0.350940356772326; 64152.0943661803; 57719.35; 6366.65
634; 0.353292186714783; 63950.741582298; 57485.65; 6353.16
635; 0.353126711541448; 63708.667235859; 57286.55; 6310.45
636; 0.352720752119168; 63436.8200687727; 57071.09; 6258.83
637; 0.348512075481661; 63211.4208751475; 56913.78; 6262.88
638; 0.347967358392357; 63034.7646686238; 56743.68; 6262.37
639; 0.347632728546151; 62757.9938805093; 56591.41; 6140.81
640; 0.349021795431664; 62537.4642019373; 56432.61; 6051.48
641; 0.344086673392351; 62210.8650273848; 56168.28; 6072.51
642; 0.339300032989528; 61940.5462268548; 55997.94; 6053.14
643; 0.339616016496758; 61808.6783156926; 55836.36; 6074.76
644; 0.337691114200609; 61488.5909027644; 55534.33; 6087.92
645; 0.341648405005664; 61332.2051428422; 55329.21; 6064.02
646; 0.339536752030407; 61014.0241051779; 55001.21; 6108.88
647; 0.339487796486797; 60808.6430452859; 54781.74; 6121.59
648; 0.339270036772046; 60652.6955434888; 54626.46; 6122.35
649; 0.346533237284929; 60540.6630840703; 54474.03; 6031.58
650; 0.346859684636033; 60471.601857117; 54352.64; 6075.23
651; 0.348239064999035; 60312.1876723207; 54273.44; 5969.06
652; 0.349946695982394; 60195.6623525132; 54154.75; 5939.12
653; 0.347448253759984; 60065.6438639413; 54101.11; 5903.27
654; 0.34564327432393; 59912.6907141665; 53983.43; 5896.25
655; 0.347074100390454; 59839.7300954349; 53908.28; 5871.71
656; 0.343714070051864; 59658.1663655203; 53764.47; 5888.96
657; 0.339041147536995; 59544.4614046242; 53686.17; 5932.18
658; 0.337538987482094; 59448.5900035638; 53624.63; 5921.58
659; 0.334412927833305; 59327.1762284542; 53514.8; 5962.6
660; 0.331376743463989; 59245.3269097468; 53424.69; 6023.31
661; 0.332400013316957; 59132.5701388041; 53212.89; 6103.54
662; 0.333148574161209; 59026.1613007823; 53140.75; 6051.37
663; 0.331260757923993; 58943.3302521094; 53072.34; 6067.73
664; 0.326551438638767; 58778.7865583603; 52928.49; 6130.11
665; 0.326786212400336; 58629.0688788212; 52798.77; 6102.43
666; 0.329599114578282; 58410.1089506763; 52572.34; 6055.78
667; 0.33017008368874; 58245.5159433046; 52458.72; 5990.58
668; 0.331488008716029; 58095.1155595266; 52331.11; 5941.51
669; 0.328052212580482; 57837.3137856792; 52188.17; 5881.84
670; 0.332097240503217; 57768.626819253; 52092.02; 5836.2
671; 0.335075673714425; 57532.066685317; 51873.43; 5762.77
672; 0.338046380189548; 57393.6647044324; 51741.85; 5702.03
673; 0.336551553187294; 57251.3410020036; 51626.61; 5696.53
674; 0.332705685475425; 56990.7747740202; 51441.45; 5681.92
675; 0.333978468137181; 56852.0984644189; 51261.25; 5700.08
676; 0.337511543340121; 56595.0052422487; 50975.02; 5667.28
677; 0.341137312481081; 56415.4229747511; 50757.05; 5643.5
678; 0.337220214197549; 56021.6943452405; 50373.64; 5696.61
679; 0.338494307929433; 55803.2408011278; 50127.55; 5700.9
680; 0.338801166847153; 55548.8574459402; 49878.14; 5688.88
681; 0.342582181774588; 55128.3992314966; 49448.09; 5633.59
682; 0.347861406694956; 54872.8306103137; 49140.95; 5596.29
683; 0.348493866179268; 54429.8792767444; 48755.69; 5527.76
684; 0.347071530875033; 54104.03068162; 48485.75; 5493.75
685; 0.348949635821986; 53675.0877963128; 48105.92; 5414.31
686; 0.351926717262539; 53406.3984740906; 47813.32; 5389.62
687; 0.352426598102636; 53177.1684226396; 47574.65; 5388.96
688; 0.351342965987041; 52794.4016872597; 47181.46; 5413.69
689; 0.349294085566614; 52532.6440955858; 46947.26; 5416.76
690; 0.348995313410222; 52161.8289389392; 46643.84; 5353.89
691; 0.345258766970774; 51857.4264133953; 46440.68; 5310.46
692; 0.342658634869505; 51603.0969727515; 46167.09; 5367.68
693; 0.340353815888585; 51196.9133630672; 45807.26; 5355.85
694; 0.334894886093026; 50888.0676326728; 45568.08; 5370.69
695; 0.325267837705477; 50355.0955943264; 45234.58; 5320.07
696; 0.32255366979313; 50042.9639431473; 45027.38; 5252.68
697; 0.320096311164834; 49619.1783580475; 44738.64; 5148.16
698; 0.318217330282655; 49327.273911456; 44490.56; 5129.89
699; 0.319034096698067; 48948.562298931; 44132.32; 5093.1
700; 0.31797461289028; 48709.1167943547; 43955.2; 5041.96
701; 0.314846836150934; 48386.5106662981; 43766.09; 4947.56
702; 0.318877385982772; 48040.5642975892; 43453.72; 4847.91
703; 0.322354512017365; 47796.0002932251; 43223.74; 4778.92
704; 0.322084066745381; 47484.722429575; 42889.4; 4805.6
705; 0.321041603116966; 47214.0279739852; 42611.68; 4826.67
706; 0.318517035922291; 46844.9416809723; 42298.65; 4803.92
707; 0.318032205022162; 46611.5324656564; 42080.75; 4792.79
708; 0.323265552259093; 46421.7308671487; 41840.5; 4765.67
709; 0.324159997582094; 46137.2916624583; 41507.26; 4801.39
710; 0.32158035625806; 45908.7121983096; 41300.17; 4815.68
711; 0.319188183435072; 45548.4884310318; 41009.04; 4778.01
712; 0.318265216209477; 45269.1468506198; 40798.52; 4718.21
713; 0.317648204297699; 44932.5157766327; 40548.3; 4635.01
714; 0.318255610663108; 44652.2889862443; 40308.07; 4583.12
715; 0.316785878671616; 44225.1427070844; 40002.06; 4474.49
716; 0.314721277119402; 43879.5613591735; 39761.92; 4390.05
717; 0.314358381660348; 43501.1044459073; 39441.94; 4330.98
718; 0.315675824225324; 42938.5356738226; 39027.91; 4153.43
719; 0.314631491460178; 42544.0141153977; 38694.46; 4100.38
720; 0.321970123892985; 42010.2457990038; 38178.67; 3986.62
721; 0.324641334413422; 41637.6659247; 37828.4; 3929.35
722; 0.325243591997246; 41062.7747101017; 37306.48; 3866.11
723; 0.323577462129435; 40680.9945801006; 36943.33; 3865.32
724; 0.322158741548981; 40196.1305666414; 36516.58; 3820.57
725; 0.324507373357519; 39995.7755016192; 36268.77; 3840.42
726; 0.333287360309021; 39771.5995194257; 35977.9; 3804.76
727; 0.333524867395307; 39648.1690725978; 35837.05; 3818.1
728; 0.331941678325497; 39516.2312123701; 35741.01; 3798.89
729; 0.332832098395355; 39412.9841210875; 35655.66; 3769.72
730; 0.336630025778351; 39419.5648950153; 35621.76; 3766.3
731; 0.339207135309194; 39456.7087176573; 35669.57; 3726.84
732; 0.341996902760311; 39514.889993668; 35675.81; 3746.67
733; 0.335709764674645; 39480.9197365946; 35710.78; 3747.83
734; 0.329882464535337; 39449.4246602526; 35712.43; 3780.15
735; 0.327667406608595; 39421.5904163317; 35676.29; 3813.22
736; 0.329989149579521; 39413.455770901; 35605.72; 3848.44
737; 0.327906910140677; 39338.9493443031; 35524.42; 3878.47
738; 0.325992533946529; 39249.375978407; 35471.76; 3862.18
739; 0.319739104600386; 39134.2925106193; 35385.77; 3905.94
740; 0.31847899069926; 39043.1613200979; 35330.87; 3882.05
741; 0.317525342402345; 38980.7052778412; 35331.81; 3825.91
742; 0.31782381903559; 38952.7480803013; 35297.16; 3828.14
743; 0.32076062842618; 38991.324112765; 35341.68; 3785.63
744; 0.322977968516322; 39183.9474058248; 35487.6; 3806.45
745; 0.320877119193116; 39326.6122845287; 35624.93; 3835.47
746; 0.321011016724702; 39578.3565544233; 35849.29; 3860.79
747; 0.325366341123468; 39766.1192918001; 35981.99; 3863.91
748; 0.335298768782032; 40064.1441891055; 36142.13; 3884.74
749; 0.336184764881855; 40168.0288349754; 36208.89; 3910.08
750; 0.330031008975262; 40114.407304452; 36238.82; 3897.96
751; 0.32535892718113; 39970.0995676944; 36152.15; 3895.01
752; 0.324885717696767; 39700.3531973818; 35949.73; 3831.66
753; 0.32621116570742; 39416.2040054385; 35751.94; 3728.11
754; 0.331867772097558; 38902.1661155968; 35256.44; 3645.8
755; 0.326852002260469; 38445.1039451264; 34856.42; 3642.92
756; 0.321849505314291; 37743.7927537941; 34228.38; 3622.99
757; 0.323443618257566; 37329.5936521028; 33843.34; 3573.78
758; 0.335723457848525; 36801.7292613046; 33266.37; 3490.14
759; 0.342901404296064; 36421.2225949642; 32888.78; 3412.66
760; 0.344706108641448; 36057.0902592546; 32507.23; 3409.93
761; 0.340242553547145; 35474.6597391372; 31922.24; 3455.53
762; 0.337199582040275; 35107.7925638551; 31584.61; 3456.39
763; 0.340339490414968; 34607.7494523255; 31156.01; 3353.69
764; 0.342025062510916; 34286.6135530227; 30882.61; 3289.77
765; 0.341917821136026; 33805.5815942788; 30420.83; 3271.88
766; 0.336612598561999; 33461.5604920105; 30148.7; 3252.55
767; 0.334633365691164; 33020.2658380371; 29734.52; 3245.11
768; 0.339462699861723; 32761.7816050995; 29444.62; 3229.63
769; 0.345732982351091; 32403.4222464424; 29082.91; 3174.06
770; 0.346004912362925; 32185.3757929506; 28833.71; 3201.12
771; 0.344388009460446; 31810.7392369541; 28482.36; 3192.5
772; 0.338494037472769; 31545.0547747636; 28273.48; 3191.35
773; 0.34562768359605; 31229.6761556835; 27921.8; 3158.77
774; 0.343112677909654; 30959.8882806945; 27693.46; 3140.57
775; 0.333633161296697; 30548.4539299903; 27388.59; 3123.35
776; 0.330787209760687; 30270.6482136071; 27168.16; 3091.85
777; 0.327864994582396; 29877.4020446316; 26881.2; 3011.78
778; 0.328926366499568; 29662.5034700277; 26683.71; 2983.77
779; 0.328400817898869; 29307.7327150565; 26434.43; 2882.07
780; 0.330293933752568; 29084.3452112642; 26255.79; 2820.21
781; 0.32698355705381; 28758.7312546636; 25941.15; 2837.08
782; 0.331942407050036; 28548.5693089271; 25751.65; 2773.5
783; 0.334069293513189; 28177.7023798424; 25422.12; 2714.51
784; 0.333601696648767; 27999.5718749454; 25250.15; 2711.55
785; 0.334834978251832; 27668.387546199; 24936.62; 2683.45
786; 0.336186395484568; 27477.5847096831; 24719.46; 2697.68
787; 0.339058117181147; 27181.5031890334; 24424.62; 2672.78
788; 0.338410258386067; 26992.3737925171; 24259.38; 2653.85
789; 0.340983337474686; 26713.1582050526; 23969.59; 2643.26
790; 0.33983163612494; 26550.0102105612; 23818.57; 2639.74
791; 0.340999024480425; 26301.0680195612; 23601.58; 2599.27
792; 0.339032519945114; 26100.0140336583; 23454.93; 2561.09
793; 0.336672899057598; 25812.9712304007; 23194.28; 2552.82
794; 0.34538896544428; 25668.7947034196; 23067.19; 2471.77
795; 0.347865284444066; 25393.2920833579; 22798.31; 2447.77
796; 0.343343170524267; 25155.326722876; 22574.89; 2465.95
797; 0.344450418813817; 24923.8840376545; 22389.59; 2413.99
798; 0.35113964975253; 24708.2896209079; 22208.86; 2335.35
799; 0.350371524174159; 24553.6204980465; 22036.92; 2356.34
800; 0.354450363300832; 24366.8835222932; 21843.9; 2334.74
801; 0.354190355115485; 24195.0352973795; 21702.95; 2307.03
802; 0.343266044836119; 23945.5940801766; 21500.64; 2334.61
803; 0.345564467163243; 23802.8920457279; 21393.65; 2284.26
804; 0.348051097265952; 23596.4784329896; 21220.84; 2235.45
805; 0.340690600464431; 23432.4213033885; 21080.53; 2260.34
806; 0.3342821010898; 23157.8084997005; 20884.88; 2225.76
807; 0.335741124930456; 23011.0708779004; 20764.5; 2190.04
808; 0.339050740394278; 22814.2171424114; 20604.27; 2132.9
809; 0.339859188693927; 22685.903276461; 20492.96; 2111.05
810; 0.336443658528591; 22443.8310706894; 20296.51; 2087.65
811; 0.337993385179048; 22315.2907177339; 20143.72; 2100.94
812; 0.335637123021412; 22072.719983733; 19971.4; 2046.59
813; 0.335693197567857; 21946.9425179674; 19891.31; 2001.18
814; 0.334332483796121; 21789.5180683908; 19687.25; 2054.25
815; 0.332650038332189; 21653.1882112549; 19544.76; 2070.29
816; 0.333681870609416; 21453.7630492954; 19357.6; 2051.42
817; 0.336934860803884; 21286.9821959544; 19185.46; 2036.48
818; 0.33288135264534; 21170.4957891305; 19062.77; 2067.03
819; 0.335496718685015; 20976.8330935854; 18892.41; 2027.85
820; 0.340497344155333; 20857.5802308685; 18771.83; 1998.89
821; 0.348168498309213; 20692.6106884269; 18597.61; 1962.95
822; 0.35475763811765; 20577.3445156493; 18527.12; 1884.77
823; 0.35545984272559; 20413.3994660666; 18367.8; 1876.32
824; 0.352966022713761; 20255.5989961133; 18277.58; 1826.68
825; 0.349353343137804; 20082.2679750503; 18105.75; 1844.11
826; 0.351212818158895; 19972.1227563686; 18028.67; 1803.66
827; 0.35129796103053; 19807.2610404504; 17847.08; 1818.92
828; 0.351440001580194; 19707.7679037431; 17749.83; 1816.28
829; 0.342546136306142; 19525.8417386666; 17576.76; 1854.83
830; 0.341718800173801; 19338.2299591416; 17411.07; 1838.29
831; 0.343788121229175; 19236.5394581595; 17313; 1822.91
832; 0.347095161617543; 19076.6243452972; 17152.56; 1805.16
833; 0.347621647036277; 18934.5881391934; 17044.19; 1770.03
834; 0.364881307772059; 18830.4807794486; 16936.18; 1689.02
835; 0.365741667963256; 18726.6217149122; 16885.97; 1636.9
836; 0.37379704796144; 18588.3778691013; 16779.2; 1573.83
837; 0.375200772252551; 18491.1621765936; 16704.96; 1548.23
838; 0.378845942896117; 18316.8904047132; 16529.7; 1534.38
839; 0.378867751308156; 18178.1881890838; 16380.98; 1543.99
840; 0.374225503266485; 18085.668875642; 16311.16; 1543.4
841; 0.366108180863802; 17952.7981590186; 16168.16; 1588.42
842; 0.360507870114685; 17838.7349122742; 16067.2; 1600.89
843; 0.360284039722407; 17690.0636809732; 15900.51; 1617.76
844; 0.359464027237958; 17573.9602321738; 15808.94; 1598.86
845; 0.351799959641451; 17394.4652108311; 15714.32; 1554.73
846; 0.351663300975507; 17284.2227760516; 15632; 1529.14
847; 0.351700417721244; 17144.4508747129; 15492.48; 1528.35
848; 0.361100188754638; 17001.7580255028; 15380.5; 1460.56
849; 0.362576391121625; 16895.8183426308; 15259.93; 1467.36
850; 0.368939766535399; 16727.6222125846; 15115.22; 1420.98
851; 0.364713703382173; 16614.7413530507; 15008.7; 1431.45
852; 0.361224299111021; 16435.6305719403; 14828.47; 1445.91
853; 0.36133046632404; 16338.5257026326; 14714.18; 1460.61
854; 0.364539513162538; 16160.7042680563; 14563.48; 1423.21
855; 0.364177184834991; 15996.0975341957; 14363.63; 1455.73
856; 0.370377269424464; 15902.1142280463; 14228.15; 1467.46
857; 0.381491878194668; 15759.5087507255; 14073.56; 1434.58
858; 0.388204725838829; 15669.9272720842; 13971.8; 1419.68
859; 0.38500250175231; 15489.0875949384; 13840.97; 1389.06
860; 0.390431726398219; 15389.8631356406; 13723.07; 1384.95
861; 0.393868007733879; 15244.1480855804; 13585.32; 1366.04
862; 0.385178370891626; 15056.1153727783; 13409.1; 1386.64
863; 0.371613926179413; 14889.5379890118; 13319.24; 1370.04
864; 0.3550305568325; 14647.9564458741; 13146.57; 1370.79
865; 0.352638472926085; 14509.155511716; 13034.1; 1355.62
866; 0.343143909303877; 14294.682970741; 12836.96; 1376.49
867; 0.334839992945102; 14074.9024458253; 12655.48; 1373.25
868; 0.336756960708289; 13928.7751112332; 12498.93; 1375.19
869; 0.326255720869059; 13673.5434333971; 12279.35; 1383.79
870; 0.333240902458112; 13531.7165222545; 12144.49; 1347.75
871; 0.330700685520367; 13253.0922739414; 11906.97; 1317.56
872; 0.333936957406576; 13085.6949684832; 11766.82; 1278.13
873; 0.344477275425469; 12826.4941458035; 11498.1; 1247.72
874; 0.35690744570673; 12575.8829354744; 11264.27; 1188.78
875; 0.357701529606653; 12388.591299398; 11092.56; 1171.82
876; 0.354859312836964; 12127.7760283168; 10854.74; 1160.02
877; 0.353092636982079; 11951.4686071182; 10731.66; 1116.86
878; 0.358293473679647; 11766.510890486; 10529.15; 1116.23
879; 0.356302028525947; 11614.4603456273; 10353.69; 1143.48
880; 0.354739990838789; 11499.3851506755; 10265.02; 1124.24
881; 0.338477652969393; 11332.6372580643; 10124.4; 1153.05
882; 0.333519473409971; 11254.2464867272; 10051.99; 1164.17
883; 0.337344690436399; 11167.3745036605; 9956.93; 1158.58
884; 0.34562466358011; 11081.3274769636; 9877.48; 1124.44
885; 0.349761583080922; 11024.7422173181; 9840.71; 1092.6
886; 0.345487768434405; 10901.1554717801; 9764.99; 1061.19
887; 0.349993461170019; 10845.2845638664; 9705.08; 1051.08
888; 0.357143858930436; 10776.9966064441; 9640.69; 1026.38
889; 0.361590658275013; 10715.5526743069; 9599.18; 995.81
890; 0.361902033821504; 10693.7179012558; 9591.44; 982.23
891; 0.356219180763692; 10647.665463766; 9539.87; 1002.73
892; 0.351648829937321; 10658.2646815469; 9523.5; 1040.32
893; 0.35612146616885; 10727.8028628265; 9542.15; 1073.18
894; 0.354348473277042; 10821.489958092; 9647.56; 1067.71
895; 0.349925546647815; 10910.905004715; 9721.4; 1095.37
896; 0.343710583734394; 11048.185758426; 9855.43; 1118.04
897; 0.342774865102986; 11139.8629900817; 9950.07; 1118.16
898; 0.346376311809343; 11319.9155846833; 10151.45; 1086.52
899; 0.336544357977689; 11499.0718759603; 10340.25; 1108.85
900; 0.327940653315125; 11603.81043553; 10437.71; 1144.9
