# 05/03/2019 15:09:43
# NanoCalc data
# Original file name: C:\SVA_DATA\StudentProjects\2018_Nathan\Ambient_investigation\ambientinvest_412.dat
# Fit Result : Fitness; Thickness 1; Thickness 2; Thickness 3 
# Fit Result : 0; 2; -1; -1
# comment:topsil blank wafer - Swelling starting 14:03
#
# WaveLength; Reflectance; Raw Intensity; Dark Intensity; Reference Intensity
450; 0.404881487424956; 11199.8808495307; 9974.11; 1268.18
451; 0.399905359611324; 11376.5524448977; 10150.55; 1281.62
452; 0.38757036980619; 11564.721709508; 10349.46; 1308.15
453; 0.379465672495774; 11900.9185549369; 10705.82; 1311.33
454; 0.380992471919794; 12145.0109618398; 10938.89; 1315.51
455; 0.38433949631487; 12374.8122920703; 11145.32; 1326.73
456; 0.383611712158992; 12630.8438876025; 11393.78; 1334.84
457; 0.384866610730927; 13002.0573258006; 11743.21; 1351.36
458; 0.379766727346368; 13275.3354532465; 12004.4; 1380.01
459; 0.37493836667619; 13508.6064394916; 12218.31; 1416.43
460; 0.371499527167347; 13776.4432955606; 12467.56; 1447.42
461; 0.379462453008882; 14176.4770222056; 12788.29; 1500.11
462; 0.382268174159371; 14414.651515371; 12988.62; 1526.84
463; 0.370818932661506; 14616.5351100797; 13191.99; 1569.49
464; 0.364358248854893; 14967.0162957943; 13534.43; 1603.41
465; 0.358984591822373; 15223.1253321717; 13775.24; 1641.95
466; 0.356738441917356; 15481.3329590119; 14013.09; 1672.58
467; 0.357094263954884; 15769.2340372389; 14271.38; 1701.75
468; 0.351353501605412; 16295.9426124457; 14763.44; 1766.58
469; 0.349418490381524; 16638.2955151717; 15068.75; 1816.3
470; 0.338229107615937; 16972.9541462195; 15397.56; 1880.3
471; 0.33384784684417; 17419.6920527083; 15786.55; 1971.57
472; 0.337129190839171; 18144.1498086364; 16412.26; 2067.07
473; 0.340092734796771; 18642.1359889778; 16841; 2127.56
474; 0.338828871600272; 19164.0618456392; 17340.05; 2159.13
475; 0.331473896134915; 20039.6552380499; 18167.36; 2261.84
476; 0.33988826034062; 20665.0868084284; 18725.06; 2281.93
477; 0.341220629847675; 21333.242465573; 19328.34; 2345.3
478; 0.339596042123393; 22100.5687468474; 20020.15; 2441.33
479; 0.341614173919974; 23252.2048873221; 21051.57; 2563.15
480; 0.346848369411524; 24060.9492207305; 21763.4; 2631.53
481; 0.343937167969157; 24807.9906392028; 22481.95; 2682.68
482; 0.347227869569599; 26002.7500539167; 23566.69; 2778.75
483; 0.348876855227179; 26791.2282351543; 24283.29; 2843.04
484; 0.349735992040738; 27573.1330034458; 24967.5; 2942.13
485; 0.350823021648596; 28327.8443027361; 25677.83; 2978.5
486; 0.352901792532791; 29342.7814577152; 26580.03; 3082.21
487; 0.353989957354996; 29993.8782743957; 27178.25; 3126.82
488; 0.351721302598739; 30604.8236235445; 27754.35; 3181.11
489; 0.34946003608618; 31198.2642197298; 28305.67; 3244.36
490; 0.350285140220714; 32086.9554029721; 29080.08; 3359.77
491; 0.34961035509659; 32601.3848379404; 29541.63; 3420.99
492; 0.347426368450964; 33116.3691802644; 29981.87; 3521.98
493; 0.348031631339566; 33787.5363391875; 30574.72; 3599.14
494; 0.350254662561223; 34233.0905509193; 30974.31; 3622.94
495; 0.349116344169727; 34665.5526736966; 31348.54; 3695.08
496; 0.355164918781813; 35306.1141345835; 31888.68; 3737.51
497; 0.355707919023255; 35673.2981368423; 32203.41; 3784.41
498; 0.357063439410985; 36050.6890746907; 32522.6; 3828.54
499; 0.354341478796444; 36410.6671735153; 32888.61; 3846.49
500; 0.355218661745841; 36931.458765603; 33404; 3838.1
501; 0.35432432433413; 37263.497926915; 33757.12; 3819.85
502; 0.348077052605816; 37638.1762431171; 34104.08; 3913.98
503; 0.345080326101306; 38145.3529727403; 34594.64; 3961.47
504; 0.336155300590947; 38494.0917973076; 34973.85; 4026.59
505; 0.33499432127267; 38896.3984828934; 35353.22; 4062.03
506; 0.336590310422884; 39338.3918351322; 35768.07; 4068.88
507; 0.331582150903265; 39967.0401596848; 36370.57; 4155.8
508; 0.331622557477569; 40402.475177438; 36741.22; 4225.27
509; 0.331242825657854; 40833.3101308914; 37140.99; 4261.28
510; 0.333463722587665; 41515.7873918707; 37783.05; 4274.38
511; 0.336392547694134; 42030.9302704421; 38240.47; 4297.8
512; 0.336147868482047; 42489.5996628388; 38680.47; 4317.19
513; 0.334149693064433; 43156.1445252339; 39294.3; 4398.19
514; 0.333984299152672; 43631.33030854; 39685.29; 4491.16
515; 0.336084950367134; 44086.3893737038; 40091.53; 4513.23
516; 0.338566423673175; 44517.047678463; 40463.87; 4540.33
517; 0.334426497153943; 45193.3236715563; 41103.87; 4632.33
518; 0.331572015145429; 45648.0409138659; 41495.43; 4739
519; 0.326603841982162; 46074.1274247329; 41923.66; 4803.15
520; 0.327883010296115; 46812.705345251; 42544.3; 4914.89
521; 0.327648192713745; 47247.4822066904; 42937.46; 4961.07
522; 0.325091177593889; 47662.0963039084; 43342.89; 5005.39
523; 0.319175852261883; 48319.0902770563; 43960.31; 5139.48
524; 0.316028241615237; 48783.8991239414; 44373.07; 5247.14
525; 0.313272464685998; 49203.5436833564; 44755.89; 5332.01
526; 0.315958370414007; 49808.8517852176; 45261.17; 5400.02
527; 0.318069230920313; 50228.9994103588; 45576.28; 5482.69
528; 0.316517683064392; 50557.6592097962; 45905.48; 5503.37
529; 0.316410767284365; 50855.5673131512; 46153; 5559.37
530; 0.317353148681525; 51256.2580142787; 46536.92; 5557.27
531; 0.3159602382062; 51446.2885262491; 46723.03; 5581.29
532; 0.316651149433577; 51655.0986039985; 46892.47; 5610.38
533; 0.318130654536685; 51927.4326891448; 47110.61; 5642.64
534; 0.320375574460991; 52128.3741121316; 47313.66; 5595.49
535; 0.316784595780016; 52269.191317244; 47486.22; 5615.72
536; 0.317677889535928; 52534.0115995185; 47682.92; 5673.86
537; 0.317263432944493; 52717.2128306302; 47842.65; 5702.61
538; 0.318629501139623; 52937.1126178533; 48015.96; 5726.24
539; 0.320868468287927; 53310.5638423222; 48297.33; 5786.85
540; 0.32280009832782; 53510.8771446689; 48516.67; 5724.61
541; 0.326516004778959; 53821.6524269799; 48768.87; 5721.07
542; 0.324598359992101; 54171.0877683593; 49102.8; 5767.71
543; 0.326777955727046; 54458.4540985114; 49344.77; 5776.02
544; 0.325671909800753; 54711.9351665359; 49587.23; 5803.56
545; 0.324175623970919; 55137.9650957825; 49996.55; 5844.6
546; 0.322372487981068; 55445.9257355467; 50263.6; 5919.23
547; 0.323763947218338; 55713.1834304701; 50515.8; 5905.79
548; 0.320657704815351; 56193.5370669091; 50973.44; 5984.01
549; 0.315225053749914; 56383.7593642764; 51230.63; 6003.82
550; 0.315526844769613; 56678.8952072355; 51502.98; 6019.5
551; 0.316021456312344; 56986.4219395863; 51737.46; 6089.73
552; 0.314240920056586; 57445.636023568; 52212.42; 6100.68
553; 0.310772371911305; 57686.0770197661; 52434.14; 6185.73
554; 0.313447131313697; 57985.4844050606; 52753.85; 6104.03
555; 0.311664903942175; 58414.879466152; 53190.84; 6124.79
556; 0.310821258794334; 58720.0484180433; 53534; 6091.38
557; 0.310627447133082; 59045.645830888; 53871.51; 6075.97
558; 0.311668038930572; 59624.186334783; 54434.92; 6068.18
559; 0.309550918111189; 60027.3827518544; 54926.61; 6000.33
560; 0.309610396617723; 60458.5676773067; 55331.79; 6024.57
561; 0.312945405564076; 61260.796999776; 56104.62; 5989.53
562; 0.310323786515451; 61820.0474617287; 56631.31; 6073.02
563; 0.310717773054825; 62412.5296530858; 57204.86; 6082.5
564; 0.308956921403857; 63316.5554188083; 57987.46; 6254.7
565; 0.307057610859947; 63896.1219626547; 58485.75; 6384.67
566; 0.307177457330843; 64404.2369650184; 58942.33; 6438.22
567; 0.306838247460082; 65082.1600312554; 59535.65; 6540.69
568; 0.309325325689308; 65452.0417704676; 59838.9; 6561.54
569; 0.309900401721758; 65667.5549262167; 60017.6; 6587.61
570; 0.313765672439327; 65855.0744607768; 60102.89; 6619.45
571; 0.312092789453911; 65840.4968984119; 60105.7; 6629.71
572; 0.31044116103052; 65733.6235905754; 60092.66; 6550.7
573; 0.310534331493137; 65503.4434354009; 59886.75; 6515.35
574; 0.311032341724426; 65301.6859499735; 59702.95; 6478.76
575; 0.311011519918581; 64989.8489426194; 59376.57; 6490.82
576; 0.306098418417001; 64769.6731663032; 59212.73; 6523.75
577; 0.304320387472716; 64577.5378748416; 59049.47; 6522.7
578; 0.304299421739623; 64321.4714913949; 58832.77; 6471.66
579; 0.304171501178375; 64173.3731376001; 58681.73; 6472.98
580; 0.305399292339662; 64078.848054521; 58531.76; 6507.14
581; 0.30675486189502; 63886.411985471; 58358.47; 6451.5
582; 0.308712333006411; 63776.6867826989; 58223.81; 6434.99
583; 0.309717914141823; 63685.2942196732; 58116.48; 6428.16
584; 0.311504934099535; 63543.2156582428; 58041.66; 6309.99
585; 0.311495245995506; 63490.8567378924; 58001.66; 6291.92
586; 0.313826258463186; 63459.1090125124; 57916.29; 6302.09
587; 0.318187436469577; 63375.9150342799; 57822.8; 6223.37
588; 0.321585596313604; 63329.7331209531; 57756.09; 6176.51
589; 0.316874178350171; 63229.4420640384; 57699.13; 6215.89
590; 0.314941744844055; 63219.503264395; 57738.52; 6194.36
591; 0.313440222291918; 63167.7562685047; 57724.43; 6177.39
592; 0.315951220903547; 63265.5214746077; 57741.06; 6215.73
593; 0.315209919990744; 63320.2853160839; 57802.18; 6219.26
594; 0.312297657450212; 63348.1552574909; 57908.29; 6184.35
595; 0.308648161451403; 63556.0885988669; 58111.59; 6258.85
596; 0.306414886310015; 63757.9612509308; 58326.91; 6284.92
597; 0.306062652346124; 64030.9188277246; 58603.15; 6284.37
598; 0.305756772071222; 64547.967089917; 59099.6; 6310.53
599; 0.305443047913635; 65000.1981657993; 59527.8; 6340.85
600; 0.300750474563404; 65454.8917168891; 59960.28; 6461.82
601; 0.299757895406476; 66315.7497268315; 60697.15; 6625.3
602; 0.296891896510122; 66987.2512760946; 61279.87; 6790.82
603; 0.29350451564212; 67624.2364749527; 61857.51; 6936.2
604; 0.296227037115375; 68579.9107647452; 62656.02; 7055.25
605; 0.296964458083202; 69185.2782172004; 63164.06; 7148.99
606; 0.29694229637143; 69782.6079144182; 63665.24; 7259.25
607; 0.297729553034668; 70525.9252409528; 64229.46; 7447.46
608; 0.298911375330955; 70931.3476984254; 64605.07; 7448.57
609; 0.298390769805284; 71395.5283363292; 65012.16; 7524.28
610; 0.300491885761599; 71553.4567556922; 65131.3; 7512.45
611; 0.301610127185561; 71647.0986654514; 65239.15; 7463.65
612; 0.301343818450527; 71684.3960836944; 65282.26; 7458.87
613; 0.299705324551032; 71608.054934082; 65221.73; 7476.51
614; 0.298949831112792; 71425.3072307415; 65048.2; 7480.17
615; 0.297498310055337; 71012.5815279198; 64730.84; 7399.89
616; 0.297544359965723; 70713.9602799785; 64404.11; 7427.25
617; 0.30156168414773; 70099.9070304808; 63844.38; 7261.12
618; 0.299158636930193; 69646.3038975712; 63501.23; 7185.95
619; 0.296915497282637; 69176.4927567703; 63069.45; 7191.57
620; 0.290426917837177; 68406.7770435371; 62453.03; 7163.84
621; 0.290569157254994; 67918.4685429808; 62036.47; 7070.44
622; 0.290142496762718; 67475.2680773722; 61653.69; 7004.53
623; 0.287009650449474; 66800.2565523587; 61131.32; 6892
624; 0.283742217370267; 66325.5088130729; 60832.15; 6752.19
625; 0.277922981507028; 65690.8385471236; 60360.05; 6686.33
626; 0.281919018165174; 65396.0224802604; 60030.06; 6631.84
627; 0.285412621815465; 65099.7122033308; 59716.95; 6568.18
628; 0.290692921248093; 64669.3598549927; 59254.98; 6483.61
629; 0.292160049373655; 64383.3953054477; 58966.16; 6451.51
630; 0.290329470040492; 64072.9194396192; 58767.56; 6355.21
631; 0.29382722464004; 63711.5964749378; 58338.17; 6357.4
632; 0.294371464981822; 63500.9071775128; 58079.03; 6400.12
633; 0.298766506295802; 63195.7465531172; 57719.35; 6366.65
634; 0.299179891134986; 62960.5103804566; 57485.65; 6353.16
635; 0.297700267286158; 62700.6576139856; 57286.55; 6310.45
636; 0.29628589657716; 62418.311646197; 57071.09; 6258.83
637; 0.294961942707507; 62243.7657241401; 56913.78; 6262.88
638; 0.29742507327911; 62120.9841448925; 56743.68; 6262.37
639; 0.296755107627317; 61855.4864602533; 56591.41; 6140.81
640; 0.300624497190049; 61690.9312535656; 56432.61; 6051.48
641; 0.295556991013929; 61358.6241392606; 56168.28; 6072.51
642; 0.293719895906968; 61142.2415404062; 55997.94; 6053.14
643; 0.293343624377267; 60994.9550472295; 55836.36; 6074.76
644; 0.292333235605969; 60688.8285406788; 55534.33; 6087.92
645; 0.295672296861715; 60524.3736124408; 55329.21; 6064.02
646; 0.293593392565096; 60200.4188675112; 55001.21; 6108.88
647; 0.297309860226853; 60059.8611004868; 54781.74; 6121.59
648; 0.296669503722403; 59896.0096631857; 54626.46; 6122.35
649; 0.301760446440661; 59756.8418947087; 54474.03; 6031.58
650; 0.299181184051853; 59630.50403168; 54352.64; 6075.23
651; 0.301113883872638; 59494.9988315584; 54273.44; 5969.06
652; 0.303551529443807; 59394.7714229588; 54154.75; 5939.12
653; 0.301413697950618; 59275.3832594769; 54101.11; 5903.27
654; 0.301291072544763; 59151.8607280764; 53983.43; 5896.25
655; 0.298383512340495; 59007.6144382573; 53908.28; 5871.71
656; 0.294279954303453; 58810.5150945811; 53764.47; 5888.96
657; 0.29058287042451; 58707.1509178197; 53686.17; 5932.18
658; 0.291096884223764; 58647.2693802025; 53624.63; 5921.58
659; 0.288125713350651; 58522.6657483018; 53514.8; 5962.6
660; 0.285826005078546; 58445.2275837018; 53424.69; 6023.31
661; 0.285322862878422; 58294.1776560194; 53212.89; 6103.54
662; 0.288559503679006; 58238.4496319929; 53140.75; 6051.37
663; 0.288122490475174; 58178.7834664529; 53072.34; 6067.73
664; 0.286379157388687; 58059.0844504213; 52928.49; 6130.11
665; 0.287962481210377; 57936.4020898345; 52798.77; 6102.43
666; 0.291387854673652; 57733.3216148763; 52572.34; 6055.78
667; 0.294050204209724; 57612.453220884; 52458.72; 5990.58
668; 0.294513061765529; 57452.1849129208; 52331.11; 5941.51
669; 0.294623536428388; 57261.663352894; 52188.17; 5881.84
670; 0.294106884288135; 57119.2498029622; 52092.02; 5836.2
671; 0.293586754609871; 56831.4168378462; 51873.43; 5762.77
672; 0.295820818033692; 56687.6933730383; 51741.85; 5702.03
673; 0.293872165210266; 56538.0473789986; 51626.61; 5696.53
674; 0.288798795401768; 56258.4350411186; 51441.45; 5681.92
675; 0.28757768625376; 56075.3425807605; 51261.25; 5700.08
676; 0.287699617648431; 55765.5749818645; 50975.02; 5667.28
677; 0.290938536690865; 55582.7864207749; 50757.05; 5643.5
678; 0.294752731578567; 55310.4124005672; 50373.64; 5696.61
679; 0.296971507500365; 55107.0087791658; 50127.55; 5700.9
680; 0.297600827213284; 54859.2627585469; 49878.14; 5688.88
681; 0.299933124047702; 54421.2409226034; 49448.09; 5633.59
682; 0.304036399890561; 54150.7047811347; 49140.95; 5596.29
683; 0.304658555350876; 53716.1512178487; 48755.69; 5527.76
684; 0.305054534949664; 53423.8732630267; 48485.75; 5493.75
685; 0.304879352862458; 52971.7347177103; 48105.92; 5414.31
686; 0.305409036151851; 52667.1052402362; 47813.32; 5389.62
687; 0.306924424552247; 52453.8213002639; 47574.65; 5388.96
688; 0.303131383977468; 52024.1890327669; 47181.46; 5413.69
689; 0.304701258134249; 51819.5828689295; 46947.26; 5416.76
690; 0.30331995645431; 51439.6527240152; 46643.84; 5353.89
691; 0.30106953808095; 51164.1439539815; 46440.68; 5310.46
692; 0.29758024068971; 50887.9640674473; 46167.09; 5367.68
693; 0.294028720208088; 50463.3349629634; 45807.26; 5355.85
694; 0.28747116715532; 50134.7160327506; 45568.08; 5370.69
695; 0.27886176426877; 49624.5498865787; 45234.58; 5320.07
696; 0.279005567650949; 49365.807915132; 45027.38; 5252.68
697; 0.274099115505415; 48917.8548190117; 44738.64; 5148.16
698; 0.275583550923814; 48679.2658550133; 44490.56; 5129.89
699; 0.276110404501735; 48300.5723062566; 44132.32; 5093.1
700; 0.274052609561697; 48052.4557251972; 43955.2; 5041.96
701; 0.273021783762159; 47772.722264329; 43766.09; 4947.56
702; 0.276458387103341; 47430.394521768; 43453.72; 4847.91
703; 0.278825498050898; 47178.586933888; 43223.74; 4778.92
704; 0.279774679238029; 46881.0748186927; 42889.4; 4805.6
705; 0.279700026525599; 46621.3685821203; 42611.68; 4826.67
706; 0.277990239837345; 46266.4902478678; 42298.65; 4803.92
707; 0.280389308027024; 46075.2604310359; 42080.75; 4792.79
708; 0.282556845358824; 45844.8182226992; 41840.5; 4765.67
709; 0.281355474449896; 45525.9074729322; 41507.26; 4801.39
710; 0.278439368053651; 45290.4621692026; 41300.17; 4815.68
711; 0.276222576888073; 44937.4377551292; 41009.04; 4778.01
712; 0.278836199592994; 44715.2929847196; 40798.52; 4718.21
713; 0.278923399057249; 44398.0317160111; 40548.3; 4635.01
714; 0.277845179952898; 44100.6828104165; 40308.07; 4583.12
715; 0.276950611011248; 43694.0974764889; 40002.06; 4474.49
716; 0.275845035400482; 43370.9258380666; 39761.92; 4390.05
717; 0.277544133778212; 43025.7390832384; 39441.94; 4330.98
718; 0.280974002247817; 42508.6458135944; 39027.91; 4153.43
719; 0.280362204976456; 42124.7252762452; 38694.46; 4100.38
720; 0.278975669746731; 41498.5942581517; 38178.67; 3986.62
721; 0.282726652589486; 41145.8487951745; 37828.4; 3929.35
722; 0.279497595409313; 40534.4462534629; 37306.48; 3866.11
723; 0.279061253230428; 40166.7849186885; 36943.33; 3865.32
724; 0.280804806771082; 39723.8047392768; 36516.58; 3820.57
725; 0.278445127929841; 39466.745173742; 36268.77; 3840.42
726; 0.282533373300677; 39193.8837130298; 35977.9; 3804.76
727; 0.279042860076817; 39025.6145421771; 35837.05; 3818.1
728; 0.277917079463923; 38901.8015552061; 35741.01; 3798.89
729; 0.27699118380837; 38782.5989619253; 35655.66; 3769.72
730; 0.276652483592517; 38742.9080733973; 35621.76; 3766.3
731; 0.28023065466154; 38798.255253557; 35669.57; 3726.84
732; 0.279509481310796; 38813.4385840017; 35675.81; 3746.67
733; 0.281233900569986; 38869.1364596162; 35710.78; 3747.83
734; 0.277482950982073; 38855.8292940236; 35712.43; 3780.15
735; 0.279161537127089; 38867.1591561587; 35676.29; 3813.22
736; 0.278657349612613; 38821.1395351466; 35605.72; 3848.44
737; 0.280388388215884; 38786.1680802478; 35524.42; 3878.47
738; 0.281944473178719; 38738.9450916628; 35471.76; 3862.18
739; 0.275843065757524; 38619.6689085575; 35385.77; 3905.94
740; 0.273582402475434; 38519.8325617413; 35330.87; 3882.05
741; 0.273465314878291; 38474.382144205; 35331.81; 3825.91
742; 0.279429365071572; 38511.137666436; 35297.16; 3828.14
743; 0.283131301058953; 38563.1741438398; 35341.68; 3785.63
744; 0.286908663617742; 38771.1493372623; 35487.6; 3806.45
745; 0.282792474191589; 38887.2626167517; 35624.93; 3835.47
746; 0.279723593635935; 39098.7357920908; 35849.29; 3860.79
747; 0.281917245023166; 39260.7904471271; 35981.99; 3863.91
748; 0.290222835084384; 39536.8877002388; 36142.13; 3884.74
749; 0.289729444752931; 39620.9396113508; 36208.89; 3910.08
750; 0.280988848380173; 39538.500284153; 36238.82; 3897.96
751; 0.279945327904701; 39437.1901644483; 36152.15; 3895.01
752; 0.277228532806721; 39150.1777558829; 35949.73; 3831.66
753; 0.280093601386016; 38898.1747387365; 35751.94; 3728.11
754; 0.286594431730079; 38404.8168301425; 35256.44; 3645.8
755; 0.289795925667453; 38038.2453479049; 34856.42; 3642.92
756; 0.286626728184922; 37359.0707085521; 34228.38; 3622.99
757; 0.290246843009369; 36971.780505037; 33843.34; 3573.78
758; 0.294411226148148; 36366.6879273356; 33266.37; 3490.14
759; 0.300886760840418; 35988.403381349; 32888.78; 3412.66
760; 0.298990849688435; 35586.30434357; 32507.23; 3409.93
761; 0.295268723188361; 35005.09495059; 31922.24; 3455.53
762; 0.293124675696381; 34647.2820834008; 31584.61; 3456.39
763; 0.293024175018361; 34127.8752518483; 31156.01; 3353.69
764; 0.290585724891859; 33774.6636779611; 30882.61; 3289.77
765; 0.28980770700572; 33289.7272545004; 30420.83; 3271.88
766; 0.293777626318743; 33039.9889648981; 30148.7; 3252.55
767; 0.291012231131572; 32591.9524179644; 29734.52; 3245.11
768; 0.296242435514944; 32339.4418266443; 29444.62; 3229.63
769; 0.297981052067172; 31944.7999066796; 29082.91; 3174.06
770; 0.29361746527038; 31677.9112797996; 28833.71; 3201.12
771; 0.292513437081167; 31309.3912083059; 28482.36; 3192.5
772; 0.288713853716183; 31063.9249011709; 28273.48; 3191.35
773; 0.285897643981225; 30658.0217911829; 27921.8; 3158.77
774; 0.284166881344754; 30398.7250555387; 27693.46; 3140.57
775; 0.279527871648888; 30036.0187975972; 27388.59; 3123.35
776; 0.276937759448399; 29765.5885257674; 27168.16; 3091.85
777; 0.277787202676564; 29419.7649532123; 26881.2; 3011.78
778; 0.278372651064569; 29204.6834447559; 26683.71; 2983.77
779; 0.277935062338542; 28866.1887706882; 26434.43; 2882.07
780; 0.282012856736673; 28670.8780596057; 26255.79; 2820.21
781; 0.286405913323283; 28409.0781731334; 25941.15; 2837.08
782; 0.289207511117668; 28188.4886049868; 25751.65; 2773.5
783; 0.29307852570864; 27839.5885822211; 25422.12; 2714.51
784; 0.290041876844709; 27640.5679410893; 25250.15; 2711.55
785; 0.293879712947406; 27334.25201117; 24936.62; 2683.45
786; 0.294535934439492; 27135.8779442664; 24719.46; 2697.68
787; 0.298667508808954; 26853.086957203; 24424.62; 2672.78
788; 0.297219727645521; 26659.7199735659; 24259.38; 2653.85
789; 0.294046013260336; 26335.498254574; 23969.59; 2643.26
790; 0.296242667271928; 26199.658302129; 23818.57; 2639.74
791; 0.298001943515851; 25960.6855063947; 23601.58; 2599.27
792; 0.296880244250834; 25771.1479076614; 23454.93; 2561.09
793; 0.293248265408915; 25475.2080554096; 23194.28; 2552.82
794; 0.295916101524458; 25296.1457529823; 23067.19; 2471.77
795; 0.298790464372427; 25027.2070368623; 22798.31; 2447.77
796; 0.295860740811412; 24798.4668350404; 22574.89; 2465.95
797; 0.299253905571006; 24591.3506808118; 22389.59; 2413.99
798; 0.298067749681148; 24330.5211770146; 22208.86; 2335.35
799; 0.298303190223394; 24179.6163540305; 22036.92; 2356.34
800; 0.301303013097377; 23988.57980843; 21843.9; 2334.74
801; 0.306268480391468; 23857.8567217979; 21702.95; 2307.03
802; 0.298245495207407; 23624.9297495142; 21500.64; 2334.61
803; 0.299557856987234; 23482.1384088527; 21393.65; 2284.26
804; 0.300116250947503; 23269.2969815071; 21220.84; 2235.45
805; 0.292354870396294; 23098.7449911122; 21080.53; 2260.34
806; 0.289526366544014; 22853.4949147299; 20884.88; 2225.76
807; 0.288563490196558; 22695.3874765793; 20764.5; 2190.04
808; 0.287672794791394; 22479.3335083688; 20604.27; 2132.9
809; 0.282261733160935; 22314.2553791723; 20492.96; 2111.05
810; 0.283450650440128; 22105.6080131789; 20296.51; 2087.65
811; 0.289465835603743; 22003.5064927104; 20143.72; 2100.94
812; 0.292085762036261; 21800.0584130073; 19971.4; 2046.59
813; 0.29220423059027; 21680.6358565884; 19891.31; 2001.18
814; 0.284263999308755; 21474.6896228405; 19687.25; 2054.25
815; 0.279743515482665; 21317.8519945672; 19544.76; 2070.29
816; 0.285128860557692; 21148.7568905352; 19357.6; 2051.42
817; 0.286958742787686; 20975.2723270851; 19185.46; 2036.48
818; 0.27711994275721; 20817.4277643659; 19062.77; 2067.03
819; 0.278110819999591; 20620.2975872625; 18892.41; 2027.85
820; 0.282418528033363; 20501.8126860864; 18771.83; 1998.89
821; 0.29254029179828; 20357.8844524167; 18597.61; 1962.95
822; 0.302623780345352; 20276.0511767172; 18527.12; 1884.77
823; 0.301781968481474; 20104.4941617391; 18367.8; 1876.32
824; 0.306508093503886; 19995.249102402; 18277.58; 1826.68
825; 0.306041160476608; 19837.2229246735; 18105.75; 1844.11
826; 0.310351090095328; 19746.0124496565; 18028.67; 1803.66
827; 0.309930186757586; 19576.4361117272; 17847.08; 1818.92
828; 0.304086472984917; 19443.9525494983; 17749.83; 1816.28
829; 0.299580953514109; 19281.3705731721; 17576.76; 1854.83
830; 0.298689705464801; 19095.562747507; 17411.07; 1838.29
831; 0.301326503476532; 18998.9611587334; 17313; 1822.91
832; 0.304199448331174; 18838.8390874568; 17152.56; 1805.16
833; 0.3124210814785; 18743.1642615485; 17044.19; 1770.03
834; 0.322065429015482; 18608.1998602187; 16936.18; 1689.02
835; 0.321019232315049; 18501.5491156392; 16885.97; 1636.9
836; 0.326722164454847; 18360.5354131613; 16779.2; 1573.83
837; 0.326801021208728; 18260.747563793; 16704.96; 1548.23
838; 0.334431629400119; 18107.3676781263; 16529.7; 1534.38
839; 0.32568947638312; 17925.9301627761; 16380.98; 1543.99
840; 0.320140912041415; 17829.2096382927; 16311.16; 1543.4
841; 0.310710295236316; 17682.7545331524; 16168.16; 1588.42
842; 0.306682695206363; 17574.2381164649; 16067.2; 1600.89
843; 0.304743462319121; 17414.1901096321; 15900.51; 1617.76
844; 0.304543433143457; 17304.2921919957; 15808.94; 1598.86
845; 0.304639605266028; 17169.2342482531; 15714.32; 1554.73
846; 0.308856557885008; 17083.1034789668; 15632; 1529.14
847; 0.309393829395492; 16945.7327379093; 15492.48; 1528.35
848; 0.322772712357334; 16829.6763411351; 15380.5; 1460.56
849; 0.326976260752954; 16735.1960856601; 15259.93; 1467.36
850; 0.336491837848383; 16585.8128530242; 15115.22; 1420.98
851; 0.339989048213453; 16505.8646690308; 15008.7; 1431.45
852; 0.336348970426704; 16324.9551617481; 14828.47; 1445.91
853; 0.333269349155922; 16212.3781470533; 14714.18; 1460.61
854; 0.335972230756656; 16035.5371597358; 14563.48; 1423.21
855; 0.332030644560943; 15851.9968449725; 14363.63; 1455.73
856; 0.332223148348005; 15729.672128849; 14228.15; 1467.46
857; 0.331598856131909; 15539.013681172; 14073.56; 1434.58
858; 0.330481391680991; 15417.4275948655; 13971.8; 1419.68
859; 0.325791130743917; 15235.6157293396; 13840.97; 1389.06
860; 0.331389866641505; 15137.807372996; 13723.07; 1384.95
861; 0.327275586656829; 14963.6851482503; 13585.32; 1366.04
862; 0.32680837795879; 14806.5263954772; 13409.1; 1386.64
863; 0.32047605945996; 14673.4489686204; 13319.24; 1370.04
864; 0.321836431675816; 14507.5820227891; 13146.57; 1370.79
865; 0.323907986196935; 14388.978429356; 13034.1; 1355.62
866; 0.314791882700833; 14174.2396251774; 12836.96; 1376.49
867; 0.302014277713807; 13935.7507376027; 12655.48; 1373.25
868; 0.298399312818938; 13765.9113794854; 12498.93; 1375.19
869; 0.284149366511846; 13493.6097219123; 12279.35; 1383.79
870; 0.280838477328003; 13313.5739310098; 12144.49; 1347.75
871; 0.27888408017554; 13042.1719775261; 11906.97; 1317.56
872; 0.273409913384022; 12846.6450475114; 11766.82; 1278.13
873; 0.281825891739318; 12584.89408318; 11498.1; 1247.72
874; 0.287798521999747; 12321.9118867301; 11264.27; 1188.78
875; 0.293732068876982; 12156.8158764569; 11092.56; 1171.82
876; 0.299276275219069; 11928.3752886683; 10854.74; 1160.02
877; 0.303129640753108; 11778.8643484783; 10731.66; 1116.86
878; 0.301508670557432; 11570.4054637369; 10529.15; 1116.23
879; 0.299550112988734; 11413.644390515; 10353.69; 1143.48
880; 0.300312271606616; 11309.9966363102; 10265.02; 1124.24
881; 0.298183940169055; 11188.8039365909; 10124.4; 1153.05
882; 0.291433222629664; 11102.5358010352; 10051.99; 1164.17
883; 0.291977864149784; 11004.5913709066; 9956.93; 1158.58
884; 0.290294686087382; 10888.6072783669; 9877.48; 1124.44
885; 0.287631132188509; 10814.4147854569; 9840.71; 1092.6
886; 0.300153886880915; 10752.0712041771; 9764.99; 1061.19
887; 0.306119576834936; 10702.3527416941; 9705.08; 1051.08
888; 0.317337648941037; 10650.3471954086; 9640.69; 1026.38
889; 0.322595960587551; 10595.1606952972; 9599.18; 995.81
890; 0.322246541286481; 10572.9355651545; 9591.44; 982.23
891; 0.332473745639755; 10573.8202394324; 9539.87; 1002.73
892; 0.330530638749883; 10590.1166444784; 9523.5; 1040.32
893; 0.323637843412392; 10619.6535262238; 9542.15; 1073.18
894; 0.317084051293111; 10698.0357184466; 9647.56; 1067.71
895; 0.304595169489642; 10756.813052836; 9721.4; 1095.37
896; 0.300666346118119; 10898.8122310645; 9855.43; 1118.04
897; 0.301507624781956; 10996.6218185354; 9950.07; 1118.16
898; 0.303006676080327; 11173.6124887675; 10151.45; 1086.52
899; 0.294243017184424; 11353.4158340993; 10340.25; 1108.85
900; 0.286499863647168; 11456.4541306864; 10437.71; 1144.9
