# 05/03/2019 16:31:33
# NanoCalc data
# Original file name: C:\SVA_DATA\StudentProjects\2018_Nathan\Ambient_investigation\ambientinvest_903.dat
# Fit Result : Fitness; Thickness 1; Thickness 2; Thickness 3 
# Fit Result : 0; 2; -1; -1
# comment:topsil blank wafer - Swelling starting 14:03
#
# WaveLength; Reflectance; Raw Intensity; Dark Intensity; Reference Intensity
450; 0.43511236893931; 11291.4042569149; 9974.11; 1268.18
451; 0.435328783621207; 11485.1511505638; 10150.55; 1281.62
452; 0.423609319783851; 11677.7250744986; 10349.46; 1308.15
453; 0.425217577707656; 12045.0107344606; 10705.82; 1311.33
454; 0.423478833632004; 12279.5114972314; 10938.89; 1315.51
455; 0.429490048882748; 12519.2477635667; 11145.32; 1326.73
456; 0.429519282644278; 12778.8857638406; 11393.78; 1334.84
457; 0.437047563552863; 13172.7342592786; 11743.21; 1351.36
458; 0.436602608291619; 13465.5436281821; 12004.4; 1380.01
459; 0.44545341476164; 13751.2738311533; 12218.31; 1416.43
460; 0.439641965747612; 14016.5256995856; 12467.56; 1447.42
461; 0.435492583896282; 14381.451980686; 12788.29; 1500.11
462; 0.435618430321849; 14613.6718675311; 12988.62; 1526.84
463; 0.432799450507184; 14854.640653892; 13191.99; 1569.49
464; 0.430524825573562; 15227.1705021138; 13534.43; 1603.41
465; 0.424848618822211; 15488.7733872225; 13775.24; 1641.95
466; 0.420958043922737; 15745.6441949084; 14013.09; 1672.58
467; 0.419621381650437; 16031.5079103611; 14271.38; 1701.75
468; 0.408305022346683; 16544.3487160422; 14763.44; 1766.58
469; 0.410571458069207; 16912.9872353175; 15068.75; 1816.3
470; 0.406008148897218; 17288.6534827536; 15397.56; 1880.3
471; 0.395866456261716; 17723.0793593743; 15786.55; 1971.57
472; 0.398320353326313; 18458.4991843944; 16412.26; 2067.07
473; 0.400863799375431; 18963.9804164; 16841; 2127.56
474; 0.407342743587404; 19532.8914365324; 17340.05; 2159.13
475; 0.404263676864001; 20450.8006145844; 18167.36; 2261.84
476; 0.408900146987721; 21058.9954125721; 18725.06; 2281.93
477; 0.404650335123401; 21705.9349740964; 19328.34; 2345.3
478; 0.401613199782401; 22480.4956052797; 20020.15; 2441.33
479; 0.399567781352865; 23625.5346262482; 21051.57; 2563.15
480; 0.396002452857096; 24386.5495004945; 21763.4; 2631.53
481; 0.396450575198972; 25163.1378308856; 22481.95; 2682.68
482; 0.390919074262281; 26309.2761360289; 23566.69; 2778.75
483; 0.390062373040989; 27087.2946933107; 24283.29; 2843.04
484; 0.389553324611675; 27869.783500441; 24967.5; 2942.13
485; 0.397031240908585; 28676.8876504831; 25677.83; 2978.5
486; 0.403967766207834; 29742.5600822379; 26580.03; 3082.21
487; 0.407208206137726; 30417.1750455982; 27178.25; 3126.82
488; 0.413638363053799; 31106.6213434167; 27754.35; 3181.11
489; 0.411099751264062; 31708.476162206; 28305.67; 3244.36
490; 0.415363717498728; 32645.595067659; 29080.08; 3359.77
491; 0.418219246676633; 33201.8429905022; 29541.63; 3420.99
492; 0.41325354333965; 33710.2654543085; 29981.87; 3521.98
493; 0.41618917900479; 34416.7253641475; 30574.72; 3599.14
494; 0.417771125365868; 34861.2658741134; 30974.31; 3622.94
495; 0.417440781046987; 35314.7145557736; 31348.54; 3695.08
496; 0.413341043559878; 35865.8909146672; 31888.68; 3737.51
497; 0.417815077621343; 36279.1460286302; 32203.41; 3784.41
498; 0.415666609807481; 36629.7380122106; 32522.6; 3828.54
499; 0.415369445760675; 37017.2684372497; 32888.61; 3846.49
500; 0.414725497502681; 37522.3846712751; 33404; 3838.1
501; 0.414408886231492; 37858.0921083368; 33757.12; 3819.85
502; 0.403392642151682; 38199.8065365718; 34104.08; 3913.98
503; 0.402583755248613; 38737.0359995798; 34594.64; 3961.47
504; 0.395855623964975; 39119.2777553591; 34973.85; 4026.59
505; 0.394285256084654; 39523.5087086977; 35353.22; 4062.03
506; 0.39335794314312; 39940.5443997; 35768.07; 4068.88
507; 0.38600285972722; 40557.3085285373; 36370.57; 4155.8
508; 0.386166755631012; 41004.6665042509; 36741.22; 4225.27
509; 0.387777415077557; 41463.4937497863; 37140.99; 4261.28
510; 0.390207527085193; 42150.9680920719; 37783.05; 4274.38
511; 0.389134838928028; 42625.2286901441; 38240.47; 4297.8
512; 0.393427714987145; 43138.6781870927; 38680.47; 4317.19
513; 0.393319249835683; 43839.9806430588; 39294.3; 4398.19
514; 0.391492960738492; 44310.7978681935; 39685.29; 4491.16
515; 0.394135819161896; 44776.4085402957; 40091.53; 4513.23
516; 0.395232905126503; 45195.4354383945; 40463.87; 4540.33
517; 0.393735524232859; 45918.5697887401; 41103.87; 4632.33
518; 0.38986123043668; 46378.0555728925; 41495.43; 4739
519; 0.389345345008382; 46871.443717489; 41923.66; 4803.15
520; 0.380665881232355; 47499.836673704; 42544.3; 4914.89
521; 0.381675099346157; 47958.1748719416; 42937.46; 4961.07
522; 0.381202172142907; 48407.5947304373; 43342.89; 5005.39
523; 0.377114679856153; 49110.3237529098; 43960.31; 5139.48
524; 0.373307816733429; 49583.3543145503; 44373.07; 5247.14
525; 0.368893661791924; 49993.2199239058; 44755.89; 5332.01
526; 0.370417083756208; 50592.6920689493; 45261.17; 5400.02
527; 0.366427231364931; 50936.3806514295; 45576.28; 5482.69
528; 0.367004825753936; 51299.7196005723; 45905.48; 5503.37
529; 0.3676459705335; 51617.0363179829; 46153; 5559.37
530; 0.3698381674355; 52036.759311382; 46536.92; 5557.27
531; 0.370687651369256; 52264.4032431815; 46723.03; 5581.29
532; 0.371218929906256; 52475.8316807638; 46892.47; 5610.38
533; 0.371286260683918; 52732.2627993337; 47110.61; 5642.64
534; 0.368931120759832; 52858.0835301501; 47313.66; 5595.49
535; 0.367614263209487; 53036.6429061749; 47486.22; 5615.72
536; 0.368290009561266; 53306.8826062084; 47682.92; 5673.86
537; 0.366517543548667; 53473.9727716627; 47842.65; 5702.61
538; 0.366383972553879; 53674.6684347941; 48015.96; 5726.24
539; 0.362475141346033; 53960.624543376; 48297.33; 5786.85
540; 0.364709877905379; 54159.2850035326; 48516.67; 5724.61
541; 0.366205968247416; 54435.8481999456; 48768.87; 5721.07
542; 0.372233901478712; 54914.8704302977; 49102.8; 5767.71
543; 0.372596545131452; 55175.4602121345; 49344.77; 5776.02
544; 0.375424958056083; 55494.8387445601; 49587.23; 5803.56
545; 0.375904249317156; 55958.3794501421; 49996.55; 5844.6
546; 0.374158288317048; 56278.4126747944; 50263.6; 5919.23
547; 0.377804337890553; 56580.693953087; 50515.8; 5905.79
548; 0.376646796669642; 57105.0027506537; 50973.44; 5984.01
549; 0.376894804014502; 57391.903219581; 51230.63; 6003.82
550; 0.377650576365064; 57697.9754294901; 51502.98; 6019.5
551; 0.375561664102763; 57975.3556917873; 51737.46; 6089.73
552; 0.372965323694499; 58423.6037880369; 52212.42; 6100.68
553; 0.369599262105578; 58680.22949371; 52434.14; 6185.73
554; 0.372910093957138; 58977.9595312117; 52753.85; 6104.03
555; 0.372226958022154; 59430.0035839568; 53190.84; 6124.79
556; 0.371961233935165; 59740.1680604005; 53534; 6091.38
557; 0.372447356831412; 60075.3829413222; 53871.51; 6075.97
558; 0.37227971907103; 60633.3695424252; 54434.92; 6068.18
559; 0.373383029900628; 61079.2067893847; 54926.61; 6000.33
560; 0.374792626909623; 61537.9074115927; 55331.79; 6024.57
561; 0.375340851195099; 62288.8420067751; 56104.62; 5989.53
562; 0.36903837884511; 62801.7788597369; 56631.31; 6073.02
563; 0.369123202229426; 63391.4121228515; 57204.86; 6082.5
564; 0.368395213808501; 64341.7868016047; 57987.46; 6254.7
565; 0.364912308238012; 64915.5249070257; 58485.75; 6384.67
566; 0.365821632071878; 65446.9860953064; 58942.33; 6438.22
567; 0.36683358042908; 66166.6555884279; 59535.65; 6540.69
568; 0.367077029436427; 66500.0274143726; 59838.9; 6561.54
569; 0.367948834671616; 66725.86600901; 60017.6; 6587.61
570; 0.372189500676324; 66926.1433075097; 60102.89; 6619.45
571; 0.371893604846781; 66939.3544889305; 60105.7; 6629.71
572; 0.373424284484888; 66878.0771966869; 60092.66; 6550.7
573; 0.373238127414239; 66637.5789019413; 59886.75; 6515.35
574; 0.370443079342833; 66371.1086044617; 59702.95; 6478.76
575; 0.366903761131392; 65998.6178163183; 59376.57; 6490.82
576; 0.364611264795868; 65831.9215879302; 59212.73; 6523.75
577; 0.362557439403237; 65635.430770471; 59049.47; 6522.7
578; 0.364605053850373; 65409.2146458627; 58832.77; 6471.66
579; 0.361090335025996; 65201.010250507; 58681.73; 6472.98
580; 0.357462366866832; 65024.4902548641; 58531.76; 6507.14
581; 0.360815581689318; 64860.6248174031; 58358.47; 6451.5
582; 0.364450010963359; 64779.2526822681; 58223.81; 6434.99
583; 0.3638545543156; 64658.6860637982; 58116.48; 6428.16
584; 0.365761456714738; 64501.4517768876; 58041.66; 6309.99
585; 0.365434124584272; 64441.3724205597; 58001.66; 6291.92
586; 0.36609464288419; 64382.2764884935; 57916.29; 6302.09
587; 0.371492266195593; 64306.2089975979; 57822.8; 6223.37
588; 0.373187285267086; 64224.0810083027; 57756.09; 6176.51
589; 0.370425897210801; 64164.0645012685; 57699.13; 6215.89
590; 0.366920464218856; 64124.0975128934; 57738.52; 6194.36
591; 0.368446853928416; 64123.0230837829; 57724.43; 6177.39
592; 0.36903166968542; 64193.6422570238; 57741.06; 6215.73
593; 0.369961012969649; 64278.7649769942; 57802.18; 6219.26
594; 0.367432675268607; 64308.5437226181; 57908.29; 6184.35
595; 0.363931676319246; 64531.279955339; 58111.59; 6258.85
596; 0.363468404035093; 64769.2064372933; 58326.91; 6284.92
597; 0.364108289875002; 65060.3103576926; 58603.15; 6284.37
598; 0.363684567616165; 65580.1989934021; 59099.6; 6310.53
599; 0.36124820810606; 66000.0181268858; 59527.8; 6340.85
600; 0.355891856257382; 66462.3065260627; 59960.28; 6461.82
601; 0.355644676417614; 67363.2799414965; 60697.15; 6625.3
602; 0.352782625369904; 68061.6817443937; 61279.87; 6790.82
603; 0.349406417569882; 68722.5874735456; 61857.51; 6936.2
604; 0.353923767248148; 69733.7187699761; 62656.02; 7055.25
605; 0.354391020524475; 70349.652789681; 63164.06; 7148.99
606; 0.355204291365893; 70982.8749803242; 63665.24; 7259.25
607; 0.355047903852258; 71738.109251284; 64229.46; 7447.46
608; 0.356079125337527; 72141.2684033009; 64605.07; 7448.57
609; 0.355103299738695; 72608.7594563343; 65012.16; 7524.28
610; 0.357720595816835; 72776.5571597823; 65131.3; 7512.45
611; 0.36074756395144; 72903.5208636656; 65239.15; 7463.65
612; 0.358538808334845; 72899.5200919708; 65282.26; 7458.87
613; 0.356358290129195; 72815.2548635578; 65221.73; 7476.51
614; 0.354288522592915; 72605.7754325935; 65048.2; 7480.17
615; 0.356885028298567; 72266.5450012786; 64730.84; 7399.89
616; 0.356091370034977; 71955.5326892823; 64404.11; 7427.25
617; 0.359799393848201; 71307.9768429777; 63844.38; 7261.12
618; 0.358296961558558; 70861.0753604612; 63501.23; 7185.95
619; 0.351464616166865; 70298.4746149723; 63069.45; 7191.57
620; 0.346262539172412; 69551.4063634512; 62453.03; 7163.84
621; 0.344661547708238; 69013.4621232977; 62036.47; 7070.44
622; 0.343595025945257; 68547.7689193418; 61653.69; 7004.53
623; 0.336123673143924; 67770.343370171; 61131.32; 6892
624; 0.335157754178206; 67320.9334448759; 60832.15; 6752.19
625; 0.331389019558603; 66716.3605883737; 60360.05; 6686.33
626; 0.331256574073777; 66335.0987993976; 60030.06; 6631.84
627; 0.336857541517238; 66069.9417873018; 59716.95; 6568.18
628; 0.339203413679288; 65572.9051902129; 59254.98; 6483.61
629; 0.341304401057072; 65294.6304916872; 58966.16; 6451.51
630; 0.342905438404404; 65033.6707199412; 58767.56; 6355.21
631; 0.346041747763545; 64666.4804250953; 58338.17; 6357.4
632; 0.344890135276172; 64431.3846798894; 58079.03; 6400.12
633; 0.34667863217736; 64073.9768617399; 57719.35; 6366.65
634; 0.347850627975484; 63851.1634514394; 57485.65; 6353.16
635; 0.346304930973387; 63584.6033428328; 57286.55; 6310.45
636; 0.345271722399512; 63302.3836564417; 57071.09; 6258.83
637; 0.342469845087978; 63102.237292192; 56913.78; 6262.88
638; 0.34039305445991; 62897.8248488514; 56743.68; 6262.37
639; 0.344436304103909; 62701.2931793894; 56591.41; 6140.81
640; 0.348236552114476; 62523.7292546439; 56432.61; 6051.48
641; 0.344316534704035; 62214.9016746245; 56168.28; 6072.51
642; 0.342770483650786; 62001.3287782972; 55997.94; 6053.14
643; 0.340914364771154; 61831.5104225505; 55836.36; 6074.76
644; 0.340082518550791; 61530.7567899501; 55534.33; 6087.92
645; 0.345198268878573; 61394.5786685914; 55329.21; 6064.02
646; 0.344996350132201; 61110.7074488182; 55001.21; 6108.88
647; 0.346514515855395; 60933.3879015052; 54781.74; 6121.59
648; 0.345287052340469; 60759.5719226384; 54626.46; 6122.35
649; 0.350244365332981; 60605.6324716302; 54474.03; 6031.58
650; 0.349992623787232; 60526.8701284556; 54352.64; 6075.23
651; 0.354161747946935; 60414.8917956092; 54273.44; 5969.06
652; 0.356715811511207; 60312.5133874939; 54154.75; 5939.12
653; 0.353430815377609; 60168.344599879; 54101.11; 5903.27
654; 0.349981814999067; 59987.1152457365; 53983.43; 5896.25
655; 0.346638916905061; 59832.2928676986; 53908.28; 5871.71
656; 0.345206218754098; 59683.752374792; 53764.47; 5888.96
657; 0.33946615928712; 59551.8051819229; 53686.17; 5932.18
658; 0.336641815066233; 59433.1100250723; 53624.63; 5921.58
659; 0.331139348445633; 59270.2786822434; 53514.8; 5962.6
660; 0.327646027542121; 59179.7968349214; 53424.69; 6023.31
661; 0.325980178565506; 59018.2399139244; 53212.89; 6103.54
662; 0.3289384787469; 58951.7856466432; 53140.75; 6051.37
663; 0.328996679264465; 58903.2036043791; 53072.34; 6067.73
664; 0.32662732259986; 58780.1460491598; 52928.49; 6130.11
665; 0.32736770664656; 58639.4435064008; 52798.77; 6102.43
666; 0.33250139464835; 58461.5133377933; 52572.34; 6055.78
667; 0.333821477831082; 58309.5128765647; 52458.72; 5990.58
668; 0.335088976819491; 58157.7301930044; 52331.11; 5941.51
669; 0.337431059707029; 57998.8199543009; 52188.17; 5881.84
670; 0.337303788453913; 57857.6234202392; 52092.02; 5836.2
671; 0.336955923202444; 57563.8196580485; 51873.43; 5762.77
672; 0.341170996223867; 57445.9053195769; 51741.85; 5702.03
673; 0.339237831515659; 57296.2363318586; 51626.61; 5696.53
674; 0.334980873586054; 57028.7235025784; 51441.45; 5681.92
675; 0.335129112700112; 56871.3604229027; 51261.25; 5700.08
676; 0.333541661664774; 56528.9017952136; 50975.02; 5667.28
677; 0.334429976278638; 56304.1697974764; 50757.05; 5643.5
678; 0.335683705314112; 55995.9595722043; 50373.64; 5696.61
679; 0.33695933470605; 55777.5031943207; 50127.55; 5700.9
680; 0.336124677388171; 55504.0594435892; 49878.14; 5688.88
681; 0.339216837059039; 55072.598901906; 49448.09; 5633.59
682; 0.344219684720106; 54812.8241963394; 49140.95; 5596.29
683; 0.348065443667709; 54422.9036864775; 48755.69; 5527.76
684; 0.351694686373399; 54178.8688141488; 48485.75; 5493.75
685; 0.35401815157994; 53755.9803144202; 48105.92; 5414.31
686; 0.356782833921202; 53483.5754550329; 47813.32; 5389.62
687; 0.357814905547874; 53262.8262359014; 47574.65; 5388.96
688; 0.355896127509061; 52867.1415243701; 47181.46; 5413.69
689; 0.355711041269472; 52635.2543710123; 46947.26; 5416.76
690; 0.356271523158709; 52276.873592454; 46643.84; 5353.89
691; 0.353864692492425; 51992.4443207242; 46440.68; 5310.46
692; 0.348082720163579; 51689.1457760762; 46167.09; 5367.68
693; 0.345085899662168; 51271.8480047078; 45807.26; 5355.85
694; 0.335259436739482; 50893.8587182078; 45568.08; 5370.69
695; 0.3260591873874; 50367.5533842372; 45234.58; 5320.07
696; 0.327021851039625; 50112.4424213471; 45027.38; 5252.68
697; 0.32197764119316; 49647.8631727333; 44738.64; 5148.16
698; 0.320744353028823; 49365.683152273; 44490.56; 5129.89
699; 0.319627163969448; 48957.5154350005; 44132.32; 5093.1
700; 0.318049001108117; 48710.2289441419; 43955.2; 5041.96
701; 0.319884840477109; 48460.4440733799; 43766.09; 4947.56
702; 0.325922760805715; 48141.9074431101; 43453.72; 4847.91
703; 0.331273753855932; 47922.510373847; 43223.74; 4778.92
704; 0.330155333220055; 47599.8789234709; 42889.4; 4805.6
705; 0.329995603085077; 47342.3896044163; 42611.68; 4826.67
706; 0.327559869222482; 46974.0128237011; 42298.65; 4803.92
707; 0.328992048686878; 46767.669695529; 42080.75; 4792.79
708; 0.334600223110175; 46582.3627179879; 41840.5; 4765.67
709; 0.329780037476436; 46217.5636357097; 41507.26; 4801.39
710; 0.327704086875061; 45996.4708888214; 41300.17; 4815.68
711; 0.323768924440171; 45613.6350706873; 41009.04; 4778.01
712; 0.320362045384713; 45298.6007159326; 40798.52; 4718.21
713; 0.320812575540001; 44976.1907797837; 40548.3; 4635.01
714; 0.318189274242974; 44651.383487877; 40308.07; 4583.12
715; 0.317542403816274; 44235.2279680477; 40002.06; 4474.49
716; 0.317405062630194; 43914.6745435109; 39761.92; 4390.05
717; 0.320159370561576; 43576.0099336331; 39441.94; 4330.98
718; 0.323816220087753; 43039.3797632705; 39027.91; 4153.43
719; 0.323288342285006; 42649.9317257566; 38694.46; 4100.38
720; 0.331986868091004; 42129.4491405744; 38178.67; 3986.62
721; 0.338435437237326; 41799.5227195036; 37828.4; 3929.35
722; 0.338651091887055; 41217.6202540293; 37306.48; 3866.11
723; 0.335959932254516; 40824.0253081868; 36943.33; 3865.32
724; 0.331938437681631; 40307.8298061948; 36516.58; 3820.57
725; 0.330488586461045; 40064.4704403891; 36268.77; 3840.42
726; 0.330490940118726; 39739.7687955657; 35977.9; 3804.76
727; 0.327863519732186; 39583.4780340434; 35837.05; 3818.1
728; 0.324974160153996; 39436.9886100813; 35741.01; 3798.89
729; 0.323802847501478; 39311.0533808059; 35655.66; 3769.72
730; 0.325420927995623; 39293.1056870777; 35621.76; 3766.3
731; 0.327520964975892; 39326.2363793026; 35669.57; 3726.84
732; 0.326440412307157; 39340.2608938476; 35675.81; 3746.67
733; 0.32606120596982; 39372.5629999082; 35710.78; 3747.83
734; 0.321370213427833; 39352.9956579403; 35712.43; 3780.15
735; 0.323389723660836; 39372.6956913696; 35676.29; 3813.22
736; 0.321738350848983; 39318.250030031; 35605.72; 3848.44
737; 0.318599735776235; 39230.6793181836; 35524.42; 3878.47
738; 0.321468882120575; 39196.9556999068; 35471.76; 3862.18
739; 0.319525296150383; 39131.7858863864; 35385.77; 3905.94
740; 0.320732995700864; 39069.4347115846; 35330.87; 3882.05
741; 0.324138623072136; 39056.7028924709; 35331.81; 3825.91
742; 0.327732426265538; 39066.716210796; 35297.16; 3828.14
743; 0.331606844176657; 39114.7333592606; 35341.68; 3785.63
744; 0.335065809830005; 39322.2876805101; 35487.6; 3806.45
745; 0.331992786318562; 39454.8441390855; 35624.93; 3835.47
746; 0.329154846112152; 39672.9604160089; 35849.29; 3860.79
747; 0.333878424178951; 39865.1179242747; 35981.99; 3863.91
748; 0.337998741741391; 40095.7259700207; 36142.13; 3884.74
749; 0.335562139087028; 40160.6963731227; 36208.89; 3910.08
750; 0.330498061721081; 40119.8919517821; 36238.82; 3897.96
751; 0.325636621946844; 39973.3581984623; 36152.15; 3895.01
752; 0.324355501088277; 39694.2321443373; 35949.73; 3831.66
753; 0.331374174637795; 39474.1990398583; 35751.94; 3728.11
754; 0.335412571386581; 38941.1074302682; 35256.44; 3645.8
755; 0.332678368581077; 38509.0747549382; 34856.42; 3642.92
756; 0.329473989308416; 37827.0714534083; 34228.38; 3622.99
757; 0.333326379509284; 37436.1155018529; 33843.34; 3573.78
758; 0.338623855853813; 36832.2721045577; 33266.37; 3490.14
759; 0.346117653468607; 36454.3551964373; 32888.78; 3412.66
760; 0.345151283992239; 36061.67477414; 32507.23; 3409.93
761; 0.33405479356007; 35410.054296667; 31922.24; 3455.53
762; 0.334893180130426; 35083.6944468146; 31584.61; 3456.39
763; 0.338010375923228; 34584.1274613238; 31156.01; 3353.69
764; 0.339550298206159; 34261.9834676586; 30882.61; 3289.77
765; 0.33741700745945; 33761.026630116; 30420.83; 3271.88
766; 0.335759324801195; 33453.1627762294; 30148.7; 3252.55
767; 0.33717948036114; 33045.2659920497; 29734.52; 3245.11
768; 0.341054492801229; 32777.3362873204; 29444.62; 3229.63
769; 0.342744674609427; 32374.7217377873; 29082.91; 3174.06
770; 0.336046776402512; 32088.9137414955; 28833.71; 3201.12
771; 0.337210610307774; 31741.3724017018; 28482.36; 3192.5
772; 0.329295452641582; 31456.1496397665; 28273.48; 3191.35
773; 0.332110698954349; 31100.3100391508; 27921.8; 3158.77
774; 0.331292963119638; 30847.364747915; 27693.46; 3140.57
775; 0.327212675103622; 30487.6450384051; 27388.59; 3123.35
776; 0.324034240255008; 30207.3113986397; 27168.16; 3091.85
777; 0.326336858725993; 29863.4371387921; 26881.2; 3011.78
778; 0.326279192549379; 29638.5303706354; 26683.71; 2983.77
779; 0.327301073591149; 29298.1106369952; 26434.43; 2882.07
780; 0.330719172500275; 29087.9868502801; 26255.79; 2820.21
781; 0.329482154922078; 28780.2613969741; 25941.15; 2837.08
782; 0.334236205884161; 28567.8966684741; 25751.65; 2773.5
783; 0.34357741895133; 28256.1304887151; 25422.12; 2714.51
784; 0.341851405047852; 28067.5629222399; 25250.15; 2711.55
785; 0.347411238049402; 27770.991576838; 24936.62; 2683.45
786; 0.347161111533725; 27567.6229620439; 24719.46; 2697.68
787; 0.348594799736882; 27259.0460009726; 24424.62; 2672.78
788; 0.349658678199371; 27083.2157831589; 24259.38; 2653.85
789; 0.351985763624883; 26801.6842508931; 23969.59; 2643.26
790; 0.347813882791284; 26614.168538384; 23818.57; 2639.74
791; 0.348064808176755; 26357.0036588672; 23601.58; 2599.27
792; 0.344794026573186; 26144.9644979801; 23454.93; 2561.09
793; 0.336889232764072; 25814.6539057261; 23194.28; 2552.82
794; 0.344849077089085; 25664.728053281; 23067.19; 2471.77
795; 0.352292580626739; 25426.3185300472; 22798.31; 2447.77
796; 0.343472603465621; 25156.2994916499; 22574.89; 2465.95
797; 0.348072827710236; 24950.5359119641; 22389.59; 2413.99
798; 0.351622270232646; 24711.7249376673; 22208.86; 2335.35
799; 0.353318152663197; 24574.7859777566; 22036.92; 2356.34
800; 0.360744230263467; 24411.6833709669; 21843.9; 2334.74
801; 0.3628173116361; 24255.7346111684; 21702.95; 2307.03
802; 0.354093206062284; 24022.7118505325; 21500.64; 2334.61
803; 0.353918714289083; 23861.1370487549; 21393.65; 2284.26
804; 0.356474466569553; 23653.9725193755; 21220.84; 2235.45
805; 0.346963920588849; 23475.727948843; 21080.53; 2260.34
806; 0.334823368373085; 23161.4888099239; 20884.88; 2225.76
807; 0.332349557228674; 22988.3766153764; 20764.5; 2190.04
808; 0.33156106334024; 22765.3991089102; 20604.27; 2132.9
809; 0.32730210402061; 22604.8786188311; 20492.96; 2111.05
810; 0.322580894442182; 22355.3532389154; 20296.51; 2087.65
811; 0.323427538023644; 22221.7067348849; 20143.72; 2100.94
812; 0.330363123378588; 22039.7011068463; 19971.4; 2046.59
813; 0.330418918922369; 21914.6452335093; 19891.31; 2001.18
814; 0.332679749722419; 21779.125748658; 19687.25; 2054.25
815; 0.330416957135698; 21639.034323234; 19544.76; 2070.29
816; 0.330555997292591; 21434.1265610093; 19357.6; 2051.42
817; 0.334384609271903; 21271.0758270291; 19185.46; 2036.48
818; 0.333204788330068; 21172.5437071903; 19062.77; 2067.03
819; 0.331712298173556; 20953.3206922098; 18892.41; 2027.85
820; 0.338898134593467; 20847.7841141876; 18771.83; 1998.89
821; 0.346303820590581; 20681.3905432294; 18597.61; 1962.95
822; 0.355376135634759; 20580.9189524935; 18527.12; 1884.77
823; 0.357892981348317; 20427.4016864844; 18367.8; 1876.32
824; 0.35873446494452; 20287.9253039622; 18277.58; 1826.68
825; 0.354811199574832; 20113.146601418; 18105.75; 1844.11
826; 0.356158429409385; 19999.4895303578; 18028.67; 1803.66
827; 0.349770978503417; 19798.7407456272; 17847.08; 1818.92
828; 0.34674299007661; 19681.5999751754; 17749.83; 1816.28
829; 0.337794172296806; 19498.8031435937; 17576.76; 1854.83
830; 0.332140789974762; 19284.2137395644; 17411.07; 1838.29
831; 0.3324724247706; 19173.2266579475; 17313; 1822.91
832; 0.334242862080347; 19005.3797587137; 17152.56; 1805.16
833; 0.339935911381684; 18892.7924095441; 17044.19; 1770.03
834; 0.351490268122521; 18760.9604825591; 16936.18; 1689.02
835; 0.353739249483921; 18666.2176808843; 16885.97; 1636.9
836; 0.357352900970496; 18508.7881907597; 16779.2; 1573.83
837; 0.360915262371043; 18423.1537642151; 16704.96; 1548.23
838; 0.372137514494414; 18285.2436652006; 16529.7; 1534.38
839; 0.372948826218991; 18150.1110022446; 16380.98; 1543.99
840; 0.36448408162303; 18039.4768363053; 16311.16; 1543.4
841; 0.355296490032954; 17900.0952776607; 16168.16; 1588.42
842; 0.358326591998708; 17828.0161162196; 16067.2; 1600.89
843; 0.354179887801581; 17659.7439711477; 15900.51; 1617.76
844; 0.357418731952454; 17563.9175372554; 15808.94; 1598.86
845; 0.351218449605577; 17391.6880038558; 15714.32; 1554.73
846; 0.352763399045365; 17289.3913764767; 15632; 1529.14
847; 0.350163866854586; 17137.2335466936; 15492.48; 1528.35
848; 0.363913534752253; 17014.3893115536; 15380.5; 1460.56
849; 0.363962734874904; 16902.073310247; 15259.93; 1467.36
850; 0.369366931211243; 16729.4890790244; 15115.22; 1420.98
851; 0.366980973016776; 16624.725427567; 15008.7; 1431.45
852; 0.367235645787449; 16462.3762792097; 14828.47; 1445.91
853; 0.361339482293922; 16338.5662335407; 14714.18; 1460.61
854; 0.370849823052211; 16188.3527937464; 14563.48; 1423.21
855; 0.370269358814415; 16023.4064284599; 14363.63; 1455.73
856; 0.376662188741217; 15930.519670229; 14228.15; 1467.46
857; 0.376854643636144; 15739.015156346; 14073.56; 1434.58
858; 0.381011357401604; 15638.4612586424; 13971.8; 1419.68
859; 0.385603746538819; 15491.6614018799; 13840.97; 1389.06
860; 0.390202350626322; 15388.8839069144; 13723.07; 1384.95
861; 0.389378906828828; 15225.241633383; 13585.32; 1366.04
862; 0.379772327079322; 15032.9992324712; 13409.1; 1386.64
863; 0.374091626167048; 14900.0077993011; 13319.24; 1370.04
864; 0.368827226352265; 14706.301093163; 13146.57; 1370.79
865; 0.365577572093885; 14563.2786179832; 13034.1; 1355.62
866; 0.350927483936497; 14327.7486764954; 12836.96; 1376.49
867; 0.340658844237314; 14099.5691771212; 12655.48; 1373.25
868; 0.332518636483132; 13910.7795005102; 12498.93; 1375.19
869; 0.325316530818943; 13669.5299785615; 12279.35; 1383.79
870; 0.326167050743316; 13502.269252604; 12144.49; 1347.75
871; 0.322946918366792; 13221.5304443796; 11906.97; 1317.56
872; 0.321926528353919; 13038.2601042462; 11766.82; 1278.13
873; 0.33253512199849; 12780.4420900298; 11498.1; 1247.72
874; 0.342446436598229; 12522.7396154488; 11264.27; 1188.78
875; 0.349335474338816; 12358.2792414889; 11092.56; 1171.82
876; 0.347884221176749; 12102.7533146299; 10854.74; 1160.02
877; 0.350926266316438; 11943.9845723144; 10731.66; 1116.86
878; 0.346448386100314; 11725.6040663552; 10529.15; 1116.23
879; 0.346083076358536; 11578.3007090702; 10353.69; 1143.48
880; 0.346584752817393; 11471.0079113762; 10265.02; 1124.24
881; 0.344386879212909; 11353.7309617435; 10124.4; 1153.05
882; 0.33975181995645; 11276.7125783962; 10051.99; 1164.17
883; 0.341010708954969; 11180.5287405343; 9956.93; 1158.58
884; 0.347902360890914; 11089.2609390392; 9877.48; 1124.44
885; 0.349044811016381; 11022.3157609606; 9840.71; 1092.6
886; 0.350360383303681; 10917.1794740099; 9764.99; 1061.19
887; 0.357116690109746; 10868.4905349705; 9705.08; 1051.08
888; 0.356800712494194; 10775.9048347315; 9640.69; 1026.38
889; 0.359767538363066; 10709.9239856085; 9599.18; 995.81
890; 0.356078295015824; 10675.9800109201; 9591.44; 982.23
891; 0.353835445730632; 10640.2523568952; 9539.87; 1002.73
892; 0.352484180908968; 10660.9603446591; 9523.5; 1040.32
893; 0.348059223360105; 10700.9608379135; 9542.15; 1073.18
894; 0.347539342125573; 10798.9318164599; 9647.56; 1067.71
895; 0.343904958421167; 10890.4391659229; 9721.4; 1095.37
896; 0.341757884167991; 11041.4094362453; 9855.43; 1118.04
897; 0.341955754076113; 11137.0198044893; 9950.07; 1118.16
898; 0.348195255770943; 11326.0516088488; 10151.45; 1086.52
899; 0.341877618127559; 11517.4358698451; 10340.25; 1108.85
900; 0.338051123873248; 11639.7615260766; 10437.71; 1144.9
