# 05/03/2019 14:21:43
# NanoCalc data
# Original file name: C:\SVA_DATA\StudentProjects\2018_Nathan\Ambient_investigation\ambientinvest_124.dat
# Fit Result : Fitness; Thickness 1; Thickness 2; Thickness 3 
# Fit Result : 0; 2; -1; -1
# comment:topsil blank wafer - Swelling starting 14:03
#
# WaveLength; Reflectance; Raw Intensity; Dark Intensity; Reference Intensity
450; 0.436861963788206; 11296.7011213824; 9974.11; 1268.18
451; 0.438645795650855; 11495.3202187205; 10150.55; 1281.62
452; 0.425530388397241; 11683.7487577031; 10349.46; 1308.15
453; 0.416334237133529; 12017.0333223977; 10705.82; 1311.33
454; 0.42017686520127; 12269.0583422923; 10938.89; 1315.51
455; 0.428707599398468; 12516.7447275293; 11145.32; 1326.73
456; 0.432962825931599; 12789.9904379449; 11393.78; 1334.84
457; 0.429416363926561; 13147.773623634; 11743.21; 1351.36
458; 0.430998960051372; 13446.7903391149; 12004.4; 1380.01
459; 0.428144517159983; 13691.7077506134; 12218.31; 1416.43
460; 0.4202362559503; 13948.1546586158; 12467.56; 1447.42
461; 0.420471568191425; 14326.5006175235; 12788.29; 1500.11
462; 0.429863587352348; 14592.2037255427; 12988.62; 1526.84
463; 0.422291572548031; 14814.273388778; 13191.99; 1569.49
464; 0.421411334802195; 15191.3380157437; 13534.43; 1603.41
465; 0.416154298942156; 15453.7067617619; 13775.24; 1641.95
466; 0.417004747460181; 15729.3734513775; 14013.09; 1672.58
467; 0.410547434057468; 15993.4466744138; 14271.38; 1701.75
468; 0.410764213119541; 16555.0749967443; 14763.44; 1766.58
469; 0.409065757337412; 16906.2238100958; 15068.75; 1816.3
470; 0.40859677739398; 17300.7107246903; 15397.56; 1880.3
471; 0.3985218831725; 17736.0693768235; 15786.55; 1971.57
472; 0.399812092905128; 18466.1625035133; 16412.26; 2067.07
473; 0.400488130488227; 18961.9908685989; 16841; 2127.56
474; 0.398589509916748; 19485.7702988692; 17340.05; 2159.13
475; 0.395485560499467; 20401.2183528739; 18167.36; 2261.84
476; 0.404142963196871; 21031.8421826323; 18725.06; 2281.93
477; 0.400270685002074; 21680.2015612881; 19328.34; 2345.3
478; 0.39692201452287; 22451.7566668109; 20020.15; 2441.33
479; 0.392706801767988; 23581.3370718481; 21051.57; 2563.15
480; 0.390731120556906; 24351.6318059438; 21763.4; 2631.53
481; 0.389995112135584; 25119.4796548327; 22481.95; 2682.68
482; 0.395593547445396; 26342.0710191372; 23566.69; 2778.75
483; 0.395012984373475; 27122.8826873611; 24283.29; 2843.04
484; 0.394379384640417; 27905.7390256763; 24967.5; 2942.13
485; 0.400584414553875; 28703.7272830018; 25677.83; 2978.5
486; 0.40637072181699; 29761.3720272393; 26580.03; 3082.21
487; 0.408389486743484; 30426.5709253525; 27178.25; 3126.82
488; 0.412909840715477; 31100.7171411571; 27754.35; 3181.11
489; 0.409880061545405; 31698.3803942619; 28305.67; 3244.36
490; 0.40752349930282; 32578.2940133455; 29080.08; 3359.77
491; 0.410008180857947; 33129.9805642407; 29541.63; 3420.99
492; 0.405948157984204; 33644.3558789638; 29981.87; 3521.98
493; 0.409304764959499; 34353.1726409501; 30574.72; 3599.14
494; 0.407167165015898; 34762.6062888319; 30974.31; 3622.94
495; 0.405440819966571; 35200.70092206; 31348.54; 3695.08
496; 0.409491486647853; 35828.8500739239; 31888.68; 3737.51
497; 0.410409586088611; 36206.9063458942; 32203.41; 3784.41
498; 0.408497396410857; 36558.9001143276; 32522.6; 3828.54
499; 0.407534025050412; 36939.3865030945; 32888.61; 3846.49
500; 0.404985982205109; 37425.6675155933; 33404; 3838.1
501; 0.407339708755435; 37788.1358390062; 33757.12; 3819.85
502; 0.397234002762805; 38137.2766335977; 34104.08; 3913.98
503; 0.396158970420568; 38670.9280093222; 34594.64; 3961.47
504; 0.387700227816168; 39033.8738770143; 34973.85; 4026.59
505; 0.388335381123803; 39460.5778839091; 35353.22; 4062.03
506; 0.390822658859384; 39913.651822712; 35768.07; 4068.88
507; 0.385563238911912; 40552.5402286166; 36370.57; 4155.8
508; 0.386274194354003; 41005.852673804; 36741.22; 4225.27
509; 0.386358541731546; 41447.6777555584; 37140.99; 4261.28
510; 0.392312364512862; 42174.5292918003; 37783.05; 4274.38
511; 0.390457322103832; 42640.1303874931; 38240.47; 4297.8
512; 0.392355293286469; 43126.5258169778; 38680.47; 4317.19
513; 0.387240776890189; 43769.7303392173; 39294.3; 4398.19
514; 0.381494096001447; 44192.6608078822; 39685.29; 4491.16
515; 0.382557999583412; 44638.7892835583; 40091.53; 4513.23
516; 0.37993899120006; 45012.3430045068; 40463.87; 4540.33
517; 0.374951970339756; 45688.879635338; 41103.87; 4632.33
518; 0.370305909214581; 46133.1445531991; 41495.43; 4739
519; 0.369691659814317; 46621.6855404913; 41923.66; 4803.15
520; 0.368761496129352; 47344.8645055527; 42544.3; 4914.89
521; 0.369040058566417; 47791.9682284925; 42937.46; 4961.07
522; 0.369225914549451; 48248.476517271; 43342.89; 5005.39
523; 0.366470662581664; 48964.9652233221; 43960.31; 5139.48
524; 0.364129265093845; 49455.2486026033; 44373.07; 5247.14
525; 0.362905322490888; 49908.2010909351; 44755.89; 5332.01
526; 0.363542920424955; 50493.7502136372; 45261.17; 5400.02
527; 0.362285119506637; 50875.7898039992; 45576.28; 5482.69
528; 0.362729488038249; 51236.8806557044; 45905.48; 5503.37
529; 0.362841730298358; 51545.6346293229; 46153; 5559.37
530; 0.362290152391406; 51924.5132710389; 46536.92; 5557.27
531; 0.364466136293488; 52171.3984261999; 46723.03; 5581.29
532; 0.36771716545747; 52423.1629834985; 46892.47; 5610.38
533; 0.369634409700254; 52707.2520901055; 47110.61; 5642.64
534; 0.372251351441807; 52907.9810966139; 47313.66; 5595.49
535; 0.368506725046797; 53050.117738684; 47486.22; 5615.72
536; 0.365418607270268; 53263.0349353709; 47682.92; 5673.86
537; 0.365978868429401; 53465.6963507409; 47842.65; 5702.61
538; 0.364907262662664; 53651.8610214159; 48015.96; 5726.24
539; 0.364864685536196; 53997.9586693055; 48297.33; 5786.85
540; 0.365864540756726; 54177.1493892368; 48516.67; 5724.61
541; 0.365304900226878; 54421.9043178907; 48768.87; 5721.07
542; 0.364793047393138; 54798.6887288591; 49102.8; 5767.71
543; 0.36806414571798; 55104.5335832032; 49344.77; 5776.02
544; 0.371156100270129; 55427.6648898538; 49587.23; 5803.56
545; 0.367537152608673; 55825.6775622027; 49996.55; 5844.6
546; 0.367793570420729; 56176.0961230311; 50263.6; 5919.23
547; 0.370840465514404; 56468.9028929314; 50515.8; 5905.79
548; 0.366940592082082; 56946.9921077237; 50973.44; 5984.01
549; 0.366875823418139; 57228.1183221021; 51230.63; 6003.82
550; 0.368332665102833; 57545.1240337964; 51502.98; 6019.5
551; 0.369608647610644; 57876.4789972821; 51737.46; 6089.73
552; 0.362806372438821; 58254.4215361383; 52212.42; 6100.68
553; 0.361683780613324; 58546.4608127208; 52434.14; 6185.73
554; 0.365905291835661; 58861.0448744217; 52753.85; 6104.03
555; 0.362791748037244; 59271.8532477812; 53190.84; 6124.79
556; 0.367502933315494; 59665.7813760229; 53534; 6091.38
557; 0.368280753785938; 60005.9796406492; 53871.51; 6075.97
558; 0.369582025886395; 60588.4530072789; 54434.92; 6068.18
559; 0.368034108969008; 60991.0673960134; 54926.61; 6000.33
560; 0.372037966422641; 61492.2935302519; 55331.79; 6024.57
561; 0.374638755917331; 62277.2740864333; 56104.62; 5989.53
562; 0.369672431827548; 62812.3804784515; 56631.31; 6073.02
563; 0.366512101850137; 63347.6497462334; 57204.86; 6082.5
564; 0.3616375995248; 64225.2269551455; 57987.46; 6254.7
565; 0.356951932907651; 64775.2626566324; 58485.75; 6384.67
566; 0.357167695141315; 65293.1108767061; 58942.33; 6438.22
567; 0.359785919187835; 66039.2597240106; 59535.65; 6540.69
568; 0.359475450147628; 66362.0860992462; 59838.9; 6561.54
569; 0.359781377622975; 66576.9608642272; 60017.6; 6587.61
570; 0.361480568175474; 66729.8192334196; 60102.89; 6619.45
571; 0.362798237430423; 66772.2244346267; 60105.7; 6629.71
572; 0.362441390380686; 66678.509247787; 60092.66; 6550.7
573; 0.366251564709686; 66511.2116153035; 59886.75; 6515.35
574; 0.364350514273831; 66261.4394205747; 59702.95; 6478.76
575; 0.360530234132738; 65883.5854699245; 59376.57; 6490.82
576; 0.357192714945089; 65697.244446799; 59212.73; 6523.75
577; 0.353981417173641; 65479.6448457255; 59049.47; 6522.7
578; 0.356839012245053; 65269.1372053678; 58832.77; 6471.66
579; 0.35503279494269; 65091.6448158744; 58681.73; 6472.98
580; 0.355379978535963; 64986.6670125555; 58531.76; 6507.14
581; 0.356225035939623; 64777.899900089; 58358.47; 6451.5
582; 0.35737248726147; 64651.9477033562; 58223.81; 6434.99
583; 0.357010724319753; 64535.6320974059; 58116.48; 6428.16
584; 0.356534014065352; 64338.4839270666; 58041.66; 6309.99
585; 0.358505864657162; 64319.2820121824; 58001.66; 6291.92
586; 0.356293851384269; 64209.1742958042; 57916.29; 6302.09
587; 0.362438682163493; 64148.202779123; 57822.8; 6223.37
588; 0.365403492639328; 64089.1742129364; 57756.09; 6176.51
589; 0.363331899771869; 64040.2550453417; 57699.13; 6215.89
590; 0.366216023060332; 64111.838006925; 57738.52; 6194.36
591; 0.366977382671482; 64097.50366756; 57724.43; 6177.39
592; 0.366636072064182; 64151.7548203197; 57741.06; 6215.73
593; 0.372848163906439; 64329.3078118552; 57802.18; 6219.26
594; 0.375168946829908; 64443.3006568598; 57908.29; 6184.35
595; 0.374490527504469; 64717.5362097526; 58111.59; 6258.85
596; 0.371260760100124; 64907.3220675889; 58326.91; 6284.92
597; 0.370711071469878; 65177.405246083; 58603.15; 6284.37
598; 0.36595143151926; 65620.5928875529; 59099.6; 6310.53
599; 0.364770358082491; 66063.1218943552; 59527.8; 6340.85
600; 0.359870451782066; 66534.9941506406; 59960.28; 6461.82
601; 0.353785685900367; 67328.4354093842; 60697.15; 6625.3
602; 0.348414410385705; 67977.7081880123; 61279.87; 6790.82
603; 0.343357572072039; 68603.7407927748; 61857.51; 6936.2
604; 0.343759398282169; 69530.4536931844; 62656.02; 7055.25
605; 0.342385441834605; 70106.2290157316; 63164.06; 7148.99
606; 0.343473388006635; 70741.2042830406; 63665.24; 7259.25
607; 0.342086102754265; 71463.9895703797; 64229.46; 7447.46
608; 0.343876675789013; 71883.0109704432; 64605.07; 7448.57
609; 0.340419266660641; 72294.6291236125; 65012.16; 7524.28
610; 0.34114970794247; 72422.4017081619; 65131.3; 7512.45
611; 0.344325456052545; 72554.6200314005; 65239.15; 7463.65
612; 0.345148453281537; 72615.0381480535; 65282.26; 7458.87
613; 0.344250010672178; 72557.2434080689; 65221.73; 7476.51
614; 0.343252453352112; 72370.357346915; 65048.2; 7480.17
615; 0.341951531918316; 71951.2209769122; 64730.84; 7399.89
616; 0.340431256832634; 71623.437771786; 64404.11; 7427.25
617; 0.346998714402584; 71042.4424581738; 63844.38; 7261.12
618; 0.344614833362323; 70580.0281886173; 63501.23; 7185.95
619; 0.338817358937738; 70038.3422158182; 63069.45; 7191.57
620; 0.330830386641082; 69235.047490131; 62453.03; 7163.84
621; 0.328293701924723; 68682.12742157; 62036.47; 7070.44
622; 0.326346952720975; 68201.6941247848; 61653.69; 7004.53
623; 0.327329081858038; 67596.6349951197; 61131.32; 6892
624; 0.325378018116134; 67131.5939811048; 60832.15; 6752.19
625; 0.323078822120442; 66556.9642509875; 60360.05; 6686.33
626; 0.327286534042646; 66259.53424192; 60030.06; 6631.84
627; 0.333181067675014; 66000.6050343804; 59716.95; 6568.18
628; 0.338641545700861; 65562.4399657743; 59254.98; 6483.61
629; 0.342841888104479; 65323.1385958333; 58966.16; 6451.51
630; 0.344417470609935; 65061.3009647576; 58767.56; 6355.21
631; 0.344304448218204; 64634.709198371; 58338.17; 6357.4
632; 0.346926436533886; 64468.8902693542; 58079.03; 6400.12
633; 0.348777944482855; 64112.4573019214; 57719.35; 6366.65
634; 0.349539644799166; 63882.0717162122; 57485.65; 6353.16
635; 0.345670168804578; 63573.0592796629; 57286.55; 6310.45
636; 0.343082538782287; 63262.8743508664; 57071.09; 6258.83
637; 0.340031366199493; 63058.1737850665; 56913.78; 6262.88
638; 0.338552861637189; 62864.5550361086; 56743.68; 6262.37
639; 0.339813678345507; 62619.2933929867; 56591.41; 6140.81
640; 0.340995519646362; 62397.0739910818; 56432.61; 6051.48
641; 0.33727876599823; 62091.3098034583; 56168.28; 6072.51
642; 0.334300654484143; 61852.9855579838; 55997.94; 6053.14
643; 0.334622513546146; 61720.8650569451; 55836.36; 6074.76
644; 0.337315741910886; 61481.9722372008; 55534.33; 6087.92
645; 0.342093254702878; 61340.0214549705; 55329.21; 6064.02
646; 0.342834134007013; 61072.4170324252; 55001.21; 6108.88
647; 0.346548096005191; 60933.9840475498; 54781.74; 6121.59
648; 0.346319775265555; 60777.91551601; 54626.46; 6122.35
649; 0.350178284660696; 60604.4756210035; 54474.03; 6031.58
650; 0.349216329631031; 60513.1755005063; 54352.64; 6075.23
651; 0.351247600227779; 60364.3581119287; 54273.44; 5969.06
652; 0.351728350461252; 60226.4179466446; 54154.75; 5939.12
653; 0.348347071887423; 60081.073589377; 54101.11; 5903.27
654; 0.346006807069371; 59918.9268558362; 53983.43; 5896.25
655; 0.343111753558867; 59772.0141164381; 53908.28; 5871.71
656; 0.34219439808108; 59632.1084122638; 53764.47; 5888.96
657; 0.338190204607081; 59529.7579632031; 53686.17; 5932.18
658; 0.337493078569784; 59447.7978827155; 53624.63; 5921.58
659; 0.334111061290218; 59321.9295355988; 53514.8; 5962.6
660; 0.329101492643695; 59205.3620988036; 53424.69; 6023.31
661; 0.3274311365767; 59044.0798867793; 53212.89; 6103.54
662; 0.328965433342412; 58952.2618272225; 53140.75; 6051.37
663; 0.32629808080187; 58855.3758889336; 53072.34; 6067.73
664; 0.323180457873433; 58718.3941214078; 52928.49; 6130.11
665; 0.322046215831613; 58544.5010616013; 52798.77; 6102.43
666; 0.328663617804347; 58393.5396888708; 52572.34; 6055.78
667; 0.328561321747938; 58217.3196362111; 52458.72; 5990.58
668; 0.33027969763135; 58074.1051108027; 52331.11; 5941.51
669; 0.332198884663333; 57908.7205493886; 52188.17; 5881.84
670; 0.333516617398524; 57792.8885220927; 52092.02; 5836.2
671; 0.337939081099853; 57580.4228727315; 51873.43; 5762.77
672; 0.339223680838477; 57413.3480541415; 51741.85; 5702.03
673; 0.340903877134439; 57324.0806794896; 51626.61; 5696.53
674; 0.337227270771229; 57066.1920163315; 51441.45; 5681.92
675; 0.337815179659139; 56916.3255771445; 51261.25; 5700.08
676; 0.33800510730531; 56603.223693603; 50975.02; 5667.28
677; 0.33821992158385; 56367.0328244928; 50757.05; 5643.5
678; 0.339081088854604; 56052.8618753891; 50373.64; 5696.61
679; 0.339536164428682; 55820.7100914832; 50127.55; 5700.9
680; 0.337961306633182; 55534.8002040132; 49878.14; 5688.88
681; 0.335654808155288; 55013.5373781571; 49448.09; 5633.59
682; 0.33986286527268; 54741.0347755163; 49140.95; 5596.29
683; 0.342227208945908; 54327.8453452311; 48755.69; 5527.76
684; 0.345142436280938; 54072.8031278541; 48485.75; 5493.75
685; 0.348167207015525; 53662.6003859116; 48105.92; 5414.31
686; 0.349532081949205; 53368.3411667953; 47813.32; 5389.62
687; 0.345367293309029; 53064.9467987039; 47574.65; 5388.96
688; 0.342727729003147; 52656.7674452402; 47181.46; 5413.69
689; 0.343047653757288; 52432.7605810242; 46947.26; 5416.76
690; 0.341859677752526; 52049.0069120566; 46643.84; 5353.89
691; 0.337208102459985; 51731.1199665037; 46440.68; 5310.46
692; 0.333449719695804; 51457.004850734; 46167.09; 5367.68
693; 0.330806858777385; 51045.7330703854; 45807.26; 5355.85
694; 0.323326170559554; 50704.2922866769; 45568.08; 5370.69
695; 0.314032265376156; 50178.2200577554; 45234.58; 5320.07
696; 0.316277490868618; 49945.3718051992; 45027.38; 5252.68
697; 0.315138432030375; 49543.5851117453; 44738.64; 5148.16
698; 0.311788209884352; 49229.5551101535; 44490.56; 5129.89
699; 0.309112314792002; 48798.779858147; 44132.32; 5093.1
700; 0.308058372915187; 48560.8628840002; 43955.2; 5041.96
701; 0.307434220871566; 48277.7295165593; 43766.09; 4947.56
702; 0.314980783006203; 47984.5141920354; 43453.72; 4847.91
703; 0.319530933061313; 47755.950790382; 43223.74; 4778.92
704; 0.315860107397709; 47395.9223213296; 42889.4; 4805.6
705; 0.317410280492054; 47161.970514256; 42611.68; 4826.67
706; 0.318646151061252; 46846.7845810874; 42298.65; 4803.92
707; 0.321961821542396; 46667.5149647414; 42080.75; 4792.79
708; 0.325142233814519; 46448.3266841463; 41840.5; 4765.67
709; 0.320450179528697; 46084.3037084315; 41507.26; 4801.39
710; 0.31756402190302; 45851.1544339825; 41300.17; 4815.68
711; 0.316599727542715; 45511.6757836684; 41009.04; 4778.01
712; 0.315243864829501; 45226.7063515752; 40798.52; 4718.21
713; 0.309815764474741; 44824.411572747; 40548.3; 4635.01
714; 0.31448656371481; 44600.8411412912; 40308.07; 4583.12
715; 0.313444130106428; 44180.5937498006; 40002.06; 4474.49
716; 0.313732714751251; 43866.6275488812; 39761.92; 4390.05
717; 0.316683176630394; 43531.1234485392; 39441.94; 4330.98
718; 0.316690367889015; 42951.1039485969; 39027.91; 4153.43
719; 0.318830790779032; 42595.393047302; 38694.46; 4100.38
720; 0.325739478415013; 42055.1026552544; 38178.67; 3986.62
721; 0.329888802067164; 41699.2384898833; 37828.4; 3929.35
722; 0.330383981803287; 41122.141964404; 37306.48; 3866.11
723; 0.326741032263017; 40717.5371871077; 36943.33; 3865.32
724; 0.325912012361299; 40238.9987181553; 36516.58; 3820.57
725; 0.325458770593913; 40006.7024112224; 36268.77; 3840.42
726; 0.327464940090844; 39705.3248405327; 35977.9; 3804.76
727; 0.323558462355651; 39534.2850416154; 35837.05; 3818.1
728; 0.320256239157022; 39383.3310051794; 35741.01; 3798.89
729; 0.321361451653467; 39283.492590987; 35655.66; 3769.72
730; 0.322263594215692; 39257.4851637542; 35621.76; 3766.3
731; 0.324784405133778; 39295.683567606; 35669.57; 3726.84
732; 0.325734309710629; 39332.3345520301; 35675.81; 3746.67
733; 0.32522985601224; 39363.2266449972; 35710.78; 3747.83
734; 0.32274219079819; 39368.5377756889; 35712.43; 3780.15
735; 0.3232634950635; 39371.2528746334; 35676.29; 3813.22
736; 0.323768418295022; 39341.674922763; 35605.72; 3848.44
737; 0.319598230379957; 39242.2947701556; 35524.42; 3878.47
738; 0.319642706111301; 39175.7938911116; 35471.76; 3862.18
739; 0.317486707017856; 39107.8860970168; 35385.77; 3905.94
740; 0.317487708589668; 39031.6066239369; 35330.87; 3882.05
741; 0.31550507855007; 38957.4890798056; 35331.81; 3825.91
742; 0.321063616498647; 38990.0120116972; 35297.16; 3828.14
743; 0.32586984742487; 39049.4572793288; 35341.68; 3785.63
744; 0.325360001521804; 39211.2087746446; 35487.6; 3806.45
745; 0.322494469995851; 39345.2702643479; 35624.93; 3835.47
746; 0.318329594507229; 39547.2074617489; 35849.29; 3860.79
747; 0.32208401953153; 39727.9446937815; 35981.99; 3863.91
748; 0.330970769712923; 40013.5192678714; 36142.13; 3884.74
749; 0.331938140817064; 40118.0177220139; 36208.89; 3910.08
750; 0.323763387364949; 40040.8059940253; 36238.82; 3897.96
751; 0.323826133954951; 39952.1128866897; 36152.15; 3895.01
752; 0.323655448798766; 39686.1504337129; 35949.73; 3831.66
753; 0.325963198456205; 39413.4186394895; 35751.94; 3728.11
754; 0.328939132328283; 38869.9936077858; 35256.44; 3645.8
755; 0.32597773449521; 38435.5048890667; 34856.42; 3642.92
756; 0.322223282485426; 37747.8753483384; 34228.38; 3622.99
757; 0.323909197378536; 37334.6119205712; 33843.34; 3573.78
758; 0.331435275256582; 36756.5722557806; 33266.37; 3490.14
759; 0.33905697462577; 36381.618711893; 32888.78; 3412.66
760; 0.336275767506855; 35970.2727291458; 32507.23; 3409.93
761; 0.336218560856251; 35432.6458554644; 31922.24; 3455.53
762; 0.336203222713713; 35097.3822431025; 31584.61; 3456.39
763; 0.340381480089531; 34608.175313621; 31156.01; 3353.69
764; 0.340739675594857; 34273.8207430539; 30882.61; 3289.77
765; 0.337636525330005; 33763.1997062659; 30420.83; 3271.88
766; 0.333839493813215; 33434.2682599261; 30148.7; 3252.55
767; 0.328188978298235; 32956.9887675893; 29734.52; 3245.11
768; 0.329086243522729; 32660.3849492114; 29444.62; 3229.63
769; 0.32992728636969; 32251.6201050532; 29082.91; 3174.06
770; 0.322862201998705; 31961.1979621961; 28833.71; 3201.12
771; 0.319728491227141; 31572.41436435; 28482.36; 3192.5
772; 0.3172118174485; 31339.3602381561; 28273.48; 3191.35
773; 0.319685138833278; 30981.3895475459; 27921.8; 3158.77
774; 0.323391517045992; 30772.1430829197; 27693.46; 3140.57
775; 0.322850483274977; 30446.3304024095; 27388.59; 3123.35
776; 0.322033829652534; 30188.5493361009; 27168.16; 3091.85
777; 0.323616010786583; 29838.5726052374; 26881.2; 3011.78
778; 0.328144791289159; 29655.4254386802; 26683.71; 2983.77
779; 0.327457719569684; 29299.4811917895; 26434.43; 2882.07
780; 0.335121340432325; 29125.6859230532; 26255.79; 2820.21
781; 0.333387528833263; 28813.9135733213; 25941.15; 2837.08
782; 0.335512573583996; 28578.6512373064; 25751.65; 2773.5
783; 0.340880346689747; 28233.8835928001; 25422.12; 2714.51
784; 0.33842862087563; 28039.3536002524; 25250.15; 2711.55
785; 0.342917789457597; 27734.3315567359; 24936.62; 2683.45
786; 0.339160150832695; 27501.9818542921; 24719.46; 2697.68
787; 0.342278998865712; 27207.692193573; 24424.62; 2672.78
788; 0.340068853049976; 27005.7685664888; 24259.38; 2653.85
789; 0.344196907355671; 26739.0147416666; 23969.59; 2643.26
790; 0.343616357708153; 26580.4303940263; 23818.57; 2639.74
791; 0.346805033295022; 26347.0307646463; 23601.58; 2599.27
792; 0.342843099189826; 26129.7436369448; 23454.93; 2561.09
793; 0.340249859984474; 25840.793357566; 23194.28; 2552.82
794; 0.346704916137958; 25678.7069584615; 23067.19; 2471.77
795; 0.352317984379822; 25426.5080352581; 22798.31; 2447.77
796; 0.337997253218188; 25115.1488410413; 22574.89; 2465.95
797; 0.339461269193627; 24887.1763681473; 22389.59; 2413.99
798; 0.336034193054038; 24600.7682232641; 22208.86; 2335.35
799; 0.337763090108549; 24463.0547696606; 22036.92; 2356.34
800; 0.341356584846044; 24273.6817916521; 21843.9; 2334.74
801; 0.341109223479826; 24102.9963828481; 21702.95; 2307.03
802; 0.325997984840856; 23822.6002263501; 21500.64; 2334.61
803; 0.330069453782304; 23694.8623109495; 21393.65; 2284.26
804; 0.335455014305136; 23510.5033016888; 21220.84; 2235.45
805; 0.331575217411168; 23369.4950292242; 21080.53; 2260.34
806; 0.325463087042565; 23097.8442111494; 20884.88; 2225.76
807; 0.327770617919051; 22957.7372002413; 20764.5; 2190.04
808; 0.327806228230434; 22740.924934008; 20604.27; 2132.9
809; 0.326906195193996; 22602.324014959; 20492.96; 2111.05
810; 0.331558423435793; 22412.651501736; 20296.51; 2087.65
811; 0.333155850934853; 22284.2100866583; 20143.72; 2100.94
812; 0.33669027429536; 22079.3134373949; 19971.4; 2046.59
813; 0.336595698397143; 21952.4690227212; 19891.31; 2001.18
814; 0.335904235403917; 21799.401173912; 19687.25; 2054.25
815; 0.336159037515361; 21675.4292213812; 19544.76; 2070.29
816; 0.340307702627108; 21495.3860005842; 19357.6; 2051.42
817; 0.34179883128099; 21317.3196383126; 19185.46; 2036.48
818; 0.332143706351713; 21165.8251877166; 19062.77; 2067.03
819; 0.333229141169939; 20962.7447562764; 18892.41; 2027.85
820; 0.336828264667519; 20835.1049207959; 18771.83; 1998.89
821; 0.342535757286312; 20658.7173397236; 18597.61; 1962.95
822; 0.346558747201086; 20529.9612732547; 18527.12; 1884.77
823; 0.346021371728265; 20359.082975392; 18367.8; 1876.32
824; 0.345463597089981; 20213.5554580791; 18277.58; 1826.68
825; 0.346477953515124; 20066.0000349086; 18105.75; 1844.11
826; 0.354342627632136; 19989.4417052599; 18028.67; 1803.66
827; 0.350354554442623; 19801.9969970678; 17847.08; 1818.92
828; 0.346636362023168; 19681.0059303697; 17749.83; 1816.28
829; 0.338517788950021; 19502.9205101469; 17576.76; 1854.83
830; 0.339764690813224; 19327.2095490454; 17411.07; 1838.29
831; 0.341430870742753; 19223.350333686; 17313; 1822.91
832; 0.341049262088201; 19043.1099060136; 17152.56; 1805.16
833; 0.348617871739841; 18940.0056997564; 17044.19; 1770.03
834; 0.354034479169529; 18774.1688899693; 16936.18; 1689.02
835; 0.357627258453908; 18685.7846895275; 16885.97; 1636.9
836; 0.365882872879943; 18550.0732583834; 16779.2; 1573.83
837; 0.368273411703367; 18458.1833892188; 16704.96; 1548.23
838; 0.375295276674928; 18300.1402805009; 16529.7; 1534.38
839; 0.371787329236476; 18144.6012910555; 16380.98; 1543.99
840; 0.362857057810176; 18031.7617870326; 16311.16; 1543.4
841; 0.357906552783884; 17912.8183410234; 16168.16; 1588.42
842; 0.354518714506283; 17809.3042142649; 16067.2; 1600.89
843; 0.354258555679571; 17660.1347194882; 15900.51; 1617.76
844; 0.359673798780214; 17574.9902407092; 15808.94; 1598.86
845; 0.355682325136848; 17413.0068212407; 15714.32; 1554.73
846; 0.359321405440167; 17320.2029155282; 15632; 1529.14
847; 0.358652469567963; 17177.1053345645; 15492.48; 1528.35
848; 0.369543311607247; 17039.6657339765; 15380.5; 1460.56
849; 0.367226141918691; 16916.7972957875; 15259.93; 1467.36
850; 0.371684487844732; 16739.6176522566; 15115.22; 1420.98
851; 0.369599663523401; 16636.2570075583; 15008.7; 1431.45
852; 0.369058418618174; 16470.4861672553; 14828.47; 1445.91
853; 0.367083968326862; 16364.3903255316; 14714.18; 1460.61
854; 0.368671556933071; 16178.8087542606; 14563.48; 1423.21
855; 0.365508849285088; 16002.0668784373; 14363.63; 1455.73
856; 0.367066254750383; 15887.1497024653; 14228.15; 1467.46
857; 0.368788978976814; 15703.3701058655; 14073.56; 1434.58
858; 0.370233643038635; 15591.3162099804; 13971.8; 1419.68
859; 0.367259022971951; 15413.1313623419; 13840.97; 1389.06
860; 0.37131257774279; 15308.2415265768; 13723.07; 1384.95
861; 0.371996340663745; 15152.0326182107; 13585.32; 1366.04
862; 0.361675529435129; 14955.6176706534; 13409.1; 1386.64
863; 0.355171795918677; 14820.059849834; 13319.24; 1370.04
864; 0.362031112440625; 14677.5610506084; 13146.57; 1370.79
865; 0.360385662787251; 14541.5613210146; 13034.1; 1355.62
866; 0.350712915767402; 14326.8371611212; 12836.96; 1376.49
867; 0.338533224066986; 14090.5584464897; 12655.48; 1373.25
868; 0.342585556515198; 13953.5228972992; 12498.93; 1375.19
869; 0.335929098991439; 13714.8808242667; 12279.35; 1383.79
870; 0.335258037361951; 13540.1135197928; 12144.49; 1347.75
871; 0.33263364626671; 13260.9604206651; 11906.97; 1317.56
872; 0.332543471528291; 13080.19143375; 11766.82; 1278.13
873; 0.342340965617824; 12818.2559784568; 11498.1; 1247.72
874; 0.352208215426317; 12558.6135529028; 11264.27; 1188.78
875; 0.351605221090728; 12366.5030330825; 11092.56; 1171.82
876; 0.351249996106249; 12114.8278258332; 10854.74; 1160.02
877; 0.35603147737529; 11961.621248185; 10731.66; 1116.86
878; 0.346925663484047; 11727.2523363124; 10529.15; 1116.23
879; 0.341604245640622; 11562.4524216619; 10353.69; 1143.48
880; 0.345786712225356; 11468.2310226096; 10265.02; 1124.24
881; 0.331975188956303; 11309.4259198241; 10124.4; 1153.05
882; 0.329762447746643; 11240.7033240795; 10051.99; 1164.17
883; 0.330681239837038; 11143.4650206241; 9956.93; 1158.58
884; 0.329892349234466; 11026.5301522136; 9877.48; 1124.44
885; 0.333938235646482; 10971.1761481599; 9840.71; 1092.6
886; 0.342006798474825; 10889.7080104292; 9764.99; 1061.19
887; 0.343645824967367; 10824.6053096202; 9705.08; 1051.08
888; 0.346966335699766; 10744.6152939979; 9640.69; 1026.38
889; 0.349707739345976; 10678.8654267805; 9599.18; 995.81
890; 0.350190033712137; 10658.0455985507; 9591.44; 982.23
891; 0.356879261847082; 10649.7182303474; 9539.87; 1002.73
892; 0.356976556912211; 10675.4571641867; 9523.5; 1040.32
893; 0.351582834825979; 10712.6921723566; 9542.15; 1073.18
894; 0.345716071610685; 10792.891457772; 9647.56; 1067.71
895; 0.341504632221493; 10882.279715849; 9721.4; 1095.37
896; 0.339049194618853; 11032.0096527925; 9855.43; 1118.04
897; 0.340302039912214; 11131.2796592216; 9950.07; 1118.16
898; 0.338933854251313; 11294.8092040634; 10151.45; 1086.52
899; 0.324734609648321; 11458.4074155727; 10340.25; 1108.85
900; 0.32514187458741; 11593.8584608043; 10437.71; 1144.9
