# 05/03/2019 16:02:33
# NanoCalc data
# Original file name: C:\SVA_DATA\StudentProjects\2018_Nathan\Ambient_investigation\ambientinvest_729.dat
# Fit Result : Fitness; Thickness 1; Thickness 2; Thickness 3 
# Fit Result : 0; 2; -1; -1
# comment:topsil blank wafer - Swelling starting 14:03
#
# WaveLength; Reflectance; Raw Intensity; Dark Intensity; Reference Intensity
450; 0.413172464105863; 11224.9816206088; 9974.11; 1268.18
451; 0.415786937097864; 11425.2410967483; 10150.55; 1281.62
452; 0.402641037536596; 11611.9771419567; 10349.46; 1308.15
453; 0.400222705465632; 11966.2912668977; 10705.82; 1311.33
454; 0.406455521252671; 12225.6202121958; 10938.89; 1315.51
455; 0.406309722181432; 12445.0944868928; 11145.32; 1326.73
456; 0.402531866428785; 12691.8572478654; 11393.78; 1334.84
457; 0.411704282333919; 13089.8397683044; 11743.21; 1351.36
458; 0.409499629901384; 13374.8402209473; 12004.4; 1380.01
459; 0.408879701809683; 13625.4106605761; 12218.31; 1416.43
460; 0.403920900232238; 13890.6716875786; 12467.56; 1447.42
461; 0.405032374072164; 14270.0194327852; 12788.29; 1500.11
462; 0.408371804115268; 14512.0297474578; 12988.62; 1526.84
463; 0.399457954360914; 14726.5553240599; 13191.99; 1569.49
464; 0.404069824557677; 15123.1545452095; 13534.43; 1603.41
465; 0.403917757638389; 15404.3533658953; 13775.24; 1641.95
466; 0.403359045550774; 15673.2112793347; 14013.09; 1672.58
467; 0.403831115350286; 15965.2746590487; 14271.38; 1701.75
468; 0.402472788240833; 16518.9101934068; 14763.44; 1766.58
469; 0.402875726285699; 16878.4189407387; 15068.75; 1816.3
470; 0.396171416878162; 17242.836225481; 15397.56; 1880.3
471; 0.401712951100092; 17751.6796833595; 15786.55; 1971.57
472; 0.400612361637851; 18470.2736196671; 16412.26; 2067.07
473; 0.393837224816768; 18926.7675770125; 16841; 2127.56
474; 0.394817932150567; 19465.4668268251; 17340.05; 2159.13
475; 0.393633280743128; 20390.7559466097; 18167.36; 2261.84
476; 0.397072016409043; 20991.4823705117; 18725.06; 2281.93
477; 0.395516984914479; 21652.2703514123; 19328.34; 2345.3
478; 0.389895946591149; 22408.7138699915; 20020.15; 2441.33
479; 0.378211469197689; 23487.9599903543; 21051.57; 2563.15
480; 0.377595313502353; 24264.6192496702; 21763.4; 2631.53
481; 0.381935997685536; 25064.9760144222; 22481.95; 2682.68
482; 0.38385018136303; 26259.6826294978; 23566.69; 2778.75
483; 0.382684846787294; 27034.2605642326; 24283.29; 2843.04
484; 0.381188086531144; 27807.4600881519; 24967.5; 2942.13
485; 0.389610460545965; 28620.833250159; 25677.83; 2978.5
486; 0.3994015540883; 29706.8127172304; 26580.03; 3082.21
487; 0.404957198466999; 30399.2705804802; 27178.25; 3126.82
488; 0.408148319243809; 31062.1280899321; 27754.35; 3181.11
489; 0.404509668480697; 31653.9279066166; 28305.67; 3244.36
490; 0.404884653212077; 32555.6419493798; 29080.08; 3359.77
491; 0.404106540301347; 33078.3299967401; 29541.63; 3420.99
492; 0.399228374454032; 33583.7296344424; 29981.87; 3521.98
493; 0.396783015155474; 34237.5794627935; 30574.72; 3599.14
494; 0.397432209189019; 34672.0319493479; 30974.31; 3622.94
495; 0.392058961482446; 35073.557650395; 31348.54; 3695.08
496; 0.390285786129371; 35644.0508072746; 31888.68; 3737.51
497; 0.392555187991454; 36032.7388313842; 32203.41; 3784.41
498; 0.390013003476803; 36376.2586630759; 32522.6; 3828.54
499; 0.38720437622748; 36737.3153661927; 32888.61; 3846.49
500; 0.388077765604707; 37257.7623819929; 33404; 3838.1
501; 0.388260998447647; 37599.3337610711; 33757.12; 3819.85
502; 0.377915144014915; 37941.1283796089; 34104.08; 3913.98
503; 0.373071231778906; 38433.3661232756; 34594.64; 3961.47
504; 0.366201967983333; 38808.7425978112; 34973.85; 4026.59
505; 0.367927340624504; 39244.7254787088; 35353.22; 4062.03
506; 0.367578085782712; 39667.089149236; 35768.07; 4068.88
507; 0.369570203377007; 40379.0734876978; 36370.57; 4155.8
508; 0.365326767319055; 40774.5841006735; 36741.22; 4225.27
509; 0.367706547271468; 41239.7664310204; 37140.99; 4261.28
510; 0.371971577884766; 41946.8379128474; 37783.05; 4274.38
511; 0.375748140892415; 42474.3878127102; 38240.47; 4297.8
512; 0.374817885244288; 42927.7970209737; 38680.47; 4317.19
513; 0.37067112279537; 43578.2310522831; 39294.3; 4398.19
514; 0.366472668464332; 44015.1819302714; 39685.29; 4491.16
515; 0.364691511243157; 44426.4200348214; 40091.53; 4513.23
516; 0.364465608160157; 44827.1020403638; 40463.87; 4540.33
517; 0.356371064187886; 45461.6675109093; 41103.87; 4632.33
518; 0.352244034039712; 45906.9374652965; 41495.43; 4739
519; 0.35042500102955; 46376.8456782768; 41923.66; 4803.15
520; 0.346486093340522; 47054.8816600079; 42544.3; 4914.89
521; 0.349838059515054; 47539.3770524547; 42937.46; 4961.07
522; 0.348224801397216; 47969.4528261712; 43342.89; 5005.39
523; 0.348314158791416; 48717.0134749038; 43960.31; 5139.48
524; 0.345541422062186; 49195.8167272233; 44373.07; 5247.14
525; 0.344198497469294; 49642.6128615496; 44755.89; 5332.01
526; 0.350256244253873; 50302.5111743608; 45261.17; 5400.02
527; 0.349682435931213; 50691.4376416592; 45576.28; 5482.69
528; 0.35181968412027; 51076.5282782992; 45905.48; 5503.37
529; 0.35366270139828; 51409.2138569122; 46153; 5559.37
530; 0.356159403154545; 51833.3432982507; 46536.92; 5557.27
531; 0.356953209309016; 52059.0884196056; 46723.03; 5581.29
532; 0.354929531607306; 52230.8290827336; 46892.47; 5610.38
533; 0.358170406915426; 52533.6753915544; 47110.61; 5642.64
534; 0.354830791756127; 52646.1789454949; 47313.66; 5595.49
535; 0.354271665285331; 52835.1897294141; 47486.22; 5615.72
536; 0.352209844283454; 53061.3308782867; 47682.92; 5673.86
537; 0.352035654603781; 53251.4672124405; 47842.65; 5702.61
538; 0.353261614922307; 53471.9969169966; 48015.96; 5726.24
539; 0.351627713563714; 53791.1448423926; 48297.33; 5786.85
540; 0.354583859677315; 54002.6201423891; 48516.67; 5724.61
541; 0.354894541751493; 54260.8057022237; 48768.87; 5721.07
542; 0.359470441513599; 54715.5814134811; 49102.8; 5767.71
543; 0.360452208773141; 54985.4158758074; 49344.77; 5776.02
544; 0.360193959163577; 55255.1669264912; 49587.23; 5803.56
545; 0.361275069350398; 55726.3611206987; 49996.55; 5844.6
546; 0.360905700932684; 56065.3696043553; 50263.6; 5919.23
547; 0.362055590628713; 56327.8792750705; 50515.8; 5905.79
548; 0.356798266788941; 56781.8817058238; 50973.44; 5984.01
549; 0.356335823859232; 57055.8160873008; 51230.63; 6003.82
550; 0.352516999825249; 57285.6832167003; 51502.98; 6019.5
551; 0.351490817975267; 57575.5507017996; 51737.46; 6089.73
552; 0.347478589310897; 57999.1600626918; 52212.42; 6100.68
553; 0.3426247593158; 58224.3704708498; 52434.14; 6185.73
554; 0.34436724666102; 58501.5610352136; 52753.85; 6104.03
555; 0.343376142661209; 58946.4143309808; 53190.84; 6124.79
556; 0.346683240339632; 59318.4050857381; 53534; 6091.38
557; 0.351720922872686; 59730.1417671048; 53871.51; 6075.97
558; 0.352853016142268; 60309.9153446513; 54434.92; 6068.18
559; 0.353294836644234; 60748.1940131299; 54926.61; 6000.33
560; 0.353139526969888; 61179.3579874512; 55331.79; 6024.57
561; 0.35308169614502; 61922.0938735127; 56104.62; 5989.53
562; 0.349863796614925; 62481.1721983916; 56631.31; 6073.02
563; 0.349817177084669; 63067.8406699552; 57204.86; 6082.5
564; 0.345076297606706; 63939.566553753; 57987.46; 6254.7
565; 0.338634878917339; 64452.5151596071; 58485.75; 6384.67
566; 0.340265563623237; 64992.5749237607; 58942.33; 6438.22
567; 0.342056391610332; 65718.7748973241; 59535.65; 6540.69
568; 0.344988101817239; 66099.1928496379; 59838.9; 6561.54
569; 0.348507985678783; 66371.4298097452; 60017.6; 6587.61
570; 0.351322176863575; 66543.588087748; 60102.89; 6619.45
571; 0.349717655489331; 66531.8648900296; 60105.7; 6629.71
572; 0.349581254903042; 66444.8303253192; 60092.66; 6550.7
573; 0.34739485864932; 66170.1467912201; 59886.75; 6515.35
574; 0.346085920090057; 65932.6676938101; 59702.95; 6478.76
575; 0.341344325797541; 65537.3093728809; 59376.57; 6490.82
576; 0.337192723560953; 65334.1624811262; 59212.73; 6523.75
577; 0.335858006364034; 65150.427845474; 59049.47; 6522.7
578; 0.336282364037997; 64898.3533733542; 58832.77; 6471.66
579; 0.337237788830959; 64770.3661200779; 58681.73; 6472.98
580; 0.337062077127102; 64653.9517291947; 58531.76; 6507.14
581; 0.339663298321439; 64479.4455441699; 58358.47; 6451.5
582; 0.341968095543158; 64374.8655139562; 58223.81; 6434.99
583; 0.342464922082752; 64274.0945284267; 58116.48; 6428.16
584; 0.344634376023014; 64128.321859515; 58041.66; 6309.99
585; 0.34428534761886; 64068.6868048998; 58001.66; 6291.92
586; 0.346339247238179; 64033.3554545346; 57916.29; 6302.09
587; 0.351458562028543; 63956.5739993191; 57822.8; 6223.37
588; 0.353436788398767; 63881.7702137043; 57756.09; 6176.51
589; 0.350260391340113; 63812.1218438556; 57699.13; 6215.89
590; 0.350653359894592; 63840.9984064043; 57738.52; 6194.36
591; 0.351036521589132; 63820.668399777; 57724.43; 6177.39
592; 0.355189806443985; 63951.6148959793; 57741.06; 6215.73
593; 0.353814679510674; 63996.1051911034; 57802.18; 6219.26
594; 0.348640293461121; 63981.2020904884; 57908.29; 6184.35
595; 0.342531937283997; 64153.7923699743; 58111.59; 6258.85
596; 0.339922921195355; 64351.8744807083; 58326.91; 6284.92
597; 0.342061473483482; 64669.3282439222; 58603.15; 6284.37
598; 0.341498692616375; 65184.8625617965; 59099.6; 6310.53
599; 0.33903647984558; 65602.0669480256; 59527.8; 6340.85
600; 0.33247008818288; 66034.3985685467; 59960.28; 6461.82
601; 0.327964879186421; 66844.4555717462; 60697.15; 6625.3
602; 0.325718594977744; 67541.4090723149; 61279.87; 6790.82
603; 0.321820532180348; 68180.5847201542; 61857.51; 6936.2
604; 0.32280370765617; 69111.3858613718; 62656.02; 7055.25
605; 0.32377065642846; 69728.7977038493; 63164.06; 7148.99
606; 0.32033537326153; 70264.5333919797; 63665.24; 7259.25
607; 0.318438391986544; 70963.881377023; 64229.46; 7447.46
608; 0.319061782855874; 71357.8188342192; 64605.07; 7448.57
609; 0.321442262481559; 71888.6607765547; 65012.16; 7524.28
610; 0.324471468544105; 72065.9519239895; 65131.3; 7512.45
611; 0.327780596570291; 72203.111243454; 65239.15; 7463.65
612; 0.328241579798445; 72255.8467588121; 65282.26; 7458.87
613; 0.325876355857936; 72165.725072363; 65221.73; 7476.51
614; 0.327496431601151; 72034.2546641947; 65048.2; 7480.17
615; 0.329705369362424; 71692.6405907894; 64730.84; 7399.89
616; 0.32847467639597; 71369.8815207969; 64404.11; 7427.25
617; 0.332279214219409; 70737.1044921413; 63844.38; 7261.12
618; 0.330536210583834; 70290.836546893; 63501.23; 7185.95
619; 0.325805799561686; 69770.7167460498; 63069.45; 7191.57
620; 0.321772589365132; 69049.3627948065; 62453.03; 7163.84
621; 0.321435235170814; 68543.2913116584; 62036.47; 7070.44
622; 0.319605186541268; 68066.4236331042; 61653.69; 7004.53
623; 0.319840850985752; 67448.7294956429; 61131.32; 6892
624; 0.320396542057823; 67035.1506824633; 60832.15; 6752.19
625; 0.317581965910534; 66451.5300836866; 60360.05; 6686.33
626; 0.319037074476299; 66102.5164897884; 60030.06; 6631.84
627; 0.322552137214039; 65800.1478689501; 59716.95; 6568.18
628; 0.32607730115747; 65328.4212209874; 59254.98; 6483.61
629; 0.327867093935857; 65045.4757742532; 58966.16; 6451.51
630; 0.326714048496427; 64737.7960253163; 58767.56; 6355.21
631; 0.325418545132044; 64289.3293181689; 58338.17; 6357.4
632; 0.325402903446995; 64072.4593420886; 58079.03; 6400.12
633; 0.326453353868839; 63703.2470708143; 57719.35; 6366.65
634; 0.327448816425282; 63477.8192760605; 57485.65; 6353.16
635; 0.328987497054225; 63269.6608952121; 57286.55; 6310.45
636; 0.327804053460035; 62987.1357876068; 57071.09; 6258.83
637; 0.324853776308039; 62783.9135306563; 56913.78; 6262.88
638; 0.324702492865421; 62614.146943127; 56743.68; 6262.37
639; 0.324831451208398; 62353.5268158746; 56591.41; 6140.81
640; 0.326985465006148; 62152.0195501868; 56432.61; 6051.48
641; 0.325043458771804; 61876.442765677; 56168.28; 6072.51
642; 0.322830218700895; 61652.0887808463; 55997.94; 6053.14
643; 0.319173617159478; 61449.1884505263; 55836.36; 6074.76
644; 0.319617217059339; 61169.9070683863; 55534.33; 6087.92
645; 0.321885017615369; 60984.9489672775; 55329.21; 6064.02
646; 0.326137976571865; 60776.7468573175; 55001.21; 6108.88
647; 0.32817151752646; 60607.7459384291; 54781.74; 6121.59
648; 0.325982496846793; 60416.6775144729; 54626.46; 6122.35
649; 0.328531719797344; 60225.516974539; 54474.03; 6031.58
650; 0.328246089855589; 60143.238886353; 54352.64; 6075.23
651; 0.331251044900007; 60017.6016331851; 54273.44; 5969.06
652; 0.332505642951132; 59894.5882920721; 54154.75; 5939.12
653; 0.331284640250374; 59788.1682424684; 54101.11; 5903.27
654; 0.327012189509982; 59593.0879113469; 53983.43; 5896.25
655; 0.323453323736648; 59436.0541721095; 53908.28; 5871.71
656; 0.321203243169016; 59272.1711731667; 53764.47; 5888.96
657; 0.317511501713856; 59172.45069151; 53686.17; 5932.18
658; 0.317492639999205; 59102.7066233096; 53624.63; 5921.58
659; 0.311767216991504; 58933.5748440037; 53514.8; 5962.6
660; 0.311264377160521; 58892.0529279201; 53424.69; 6023.31
661; 0.312911195687519; 58785.4956441357; 53212.89; 6103.54
662; 0.313328672075752; 58676.0223995192; 53140.75; 6051.37
663; 0.311448015884517; 58592.1856851818; 53072.34; 6067.73
664; 0.307865415157611; 58444.0191498413; 52928.49; 6130.11
665; 0.307549395627662; 58285.8585871813; 52798.77; 6102.43
666; 0.30831546435086; 58033.1387861367; 52572.34; 6055.78
667; 0.311319567844913; 57915.1283824585; 52458.72; 5990.58
668; 0.308376501598401; 57693.2462550198; 52331.11; 5941.51
669; 0.30329092317663; 57410.9179901414; 52188.17; 5881.84
670; 0.306839730926086; 57336.8949840663; 52092.02; 5836.2
671; 0.311422770985172; 57132.6250260217; 51873.43; 5762.77
672; 0.313155626990469; 56977.5149297889; 51741.85; 5702.03
673; 0.313252127001073; 56861.9415071642; 51626.61; 5696.53
674; 0.310529340750372; 56620.8870788217; 51441.45; 5681.92
675; 0.310058900902962; 56451.681406137; 51261.25; 5700.08
676; 0.314627492714606; 56213.9574548885; 50975.02; 5667.28
677; 0.318945806380721; 56047.3371225351; 50757.05; 5643.5
678; 0.320050918203571; 55734.1282007427; 50373.64; 5696.61
679; 0.322054371458621; 55527.5847737952; 50127.55; 5700.9
680; 0.320550110512566; 55243.3786173798; 49878.14; 5688.88
681; 0.321784756662299; 54783.5599136876; 49448.09; 5633.59
682; 0.327856780077741; 54543.2047040851; 49140.95; 5596.29
683; 0.331821243470095; 54158.4150526283; 48755.69; 5527.76
684; 0.329767238245508; 53823.9144394596; 48485.75; 5493.75
685; 0.330142272903899; 53374.9259702365; 48105.92; 5414.31
686; 0.331620750512633; 53083.6811015424; 47813.32; 5389.62
687; 0.333952625268176; 52883.4880542973; 47574.65; 5388.96
688; 0.333750832327248; 52513.3554448524; 47181.46; 5413.69
689; 0.335142543968739; 52306.3539903853; 46947.26; 5416.76
690; 0.331726407302311; 51888.7890749941; 46643.84; 5353.89
691; 0.328231266537499; 51590.2828656434; 46440.68; 5310.46
692; 0.323973934297507; 51306.6790446528; 46167.09; 5367.68
693; 0.318913596763994; 50857.3980007727; 45807.26; 5355.85
694; 0.314263191568012; 50560.321930149; 45568.08; 5370.69
695; 0.301513694053316; 49981.1469621506; 45234.58; 5320.07
696; 0.300968268530776; 49707.3193601937; 45027.38; 5252.68
697; 0.299460338332644; 49304.5397525708; 44738.64; 5148.16
698; 0.297497756829617; 49012.3487341543; 44490.56; 5129.89
699; 0.297929800488986; 48629.9649917989; 44132.32; 5093.1
700; 0.298699665085496; 48420.9444234645; 43955.2; 5041.96
701; 0.299361438372392; 48159.260321983; 43766.09; 4947.56
702; 0.301677307931161; 47793.1523348814; 43453.72; 4847.91
703; 0.305900886361893; 47562.6228889713; 43223.74; 4778.92
704; 0.305119654811433; 47242.6833139728; 42889.4; 4805.6
705; 0.306602283064602; 47007.030579431; 42611.68; 4826.67
706; 0.305995593313166; 46666.2192769954; 42298.65; 4803.92
707; 0.309502692796256; 46490.0184685723; 42080.75; 4792.79
708; 0.312059251702168; 46262.9182449588; 41840.5; 4765.67
709; 0.309168836174814; 45923.1703875001; 41507.26; 4801.39
710; 0.309314639294248; 45732.9331958917; 41300.17; 4815.68
711; 0.307681900356807; 45384.8477282197; 41009.04; 4778.01
712; 0.307001771797794; 45110.9308268361; 40798.52; 4718.21
713; 0.301737530902826; 44712.9148962535; 40548.3; 4635.01
714; 0.301348027766206; 44421.4988912034; 40308.07; 4583.12
715; 0.299857830147444; 43999.4743493694; 40002.06; 4474.49
716; 0.299180417490957; 43676.2332367507; 39761.92; 4390.05
717; 0.302918472383589; 43353.3861863993; 39441.94; 4330.98
718; 0.305073126716289; 42807.1883297796; 39027.91; 4153.43
719; 0.304965001711376; 42425.7434514497; 38694.46; 4100.38
720; 0.310064018076209; 41868.5582835401; 38178.67; 3986.62
721; 0.315612171604386; 41531.719827974; 37828.4; 3929.35
722; 0.318494061531029; 40984.8232109493; 37306.48; 3866.11
723; 0.318249126018634; 40619.4466186908; 36943.33; 3865.32
724; 0.315988730223562; 40125.6595045822; 36516.58; 3820.57
725; 0.310308084655639; 39832.6949941921; 36268.77; 3840.42
726; 0.314707754256271; 39560.114023882; 35977.9; 3804.76
727; 0.314553799747814; 39431.3906407419; 35837.05; 3818.1
728; 0.313833188966825; 39310.280716802; 35741.01; 3798.89
729; 0.309512032169457; 39149.7251152454; 35655.66; 3769.72
730; 0.307182711476316; 39087.3451111658; 35621.76; 3766.3
731; 0.309585881529934; 39125.9969330991; 35669.57; 3726.84
732; 0.308519051055662; 39139.0849800174; 35675.81; 3746.67
733; 0.304609442599786; 39131.6520881276; 35710.78; 3747.83
734; 0.299352249058089; 39103.5704106927; 35712.43; 3780.15
735; 0.296917084540415; 39070.1084204984; 35676.29; 3813.22
736; 0.299069340111885; 39056.6729351945; 35605.72; 3848.44
737; 0.301858659963297; 39035.9309826994; 35524.42; 3878.47
738; 0.301504888580046; 38965.6120550738; 35471.76; 3862.18
739; 0.29686758357805; 38866.1538620437; 35385.77; 3905.94
740; 0.300211905511182; 38830.2344276888; 35330.87; 3882.05
741; 0.306481316998653; 38853.7910232529; 35331.81; 3825.91
742; 0.30715107466305; 38829.9908960514; 35297.16; 3828.14
743; 0.311905600293022; 38890.5707832398; 35341.68; 3785.63
744; 0.313006883447977; 39069.8325186857; 35487.6; 3806.45
745; 0.310155921767822; 39202.9310863244; 35624.93; 3835.47
746; 0.309166071755931; 39440.7581985391; 35849.29; 3860.79
747; 0.312217156103084; 39613.1894711335; 35981.99; 3863.91
748; 0.314157124133814; 39816.8488274419; 36142.13; 3884.74
749; 0.314751358498112; 39915.6145662637; 36208.89; 3910.08
750; 0.310684742692366; 39887.222155313; 36238.82; 3897.96
751; 0.306718856017833; 39751.3662067988; 36152.15; 3895.01
752; 0.305061353948325; 39471.492048682; 35949.73; 3831.66
753; 0.304323495135765; 39170.3442315565; 35751.94; 3728.11
754; 0.3099632170884; 38661.5341080274; 35256.44; 3645.8
755; 0.309229639333134; 38251.6185435528; 34856.42; 3642.92
756; 0.307314310978376; 37585.0315728582; 34228.38; 3622.99
757; 0.312859897106005; 37215.5164700695; 33843.34; 3573.78
758; 0.316329082721667; 36597.4954429073; 33266.37; 3490.14
759; 0.317518246272658; 36159.7347518897; 32888.78; 3412.66
760; 0.318014273871293; 35782.2118015719; 32507.23; 3409.93
761; 0.319320860980141; 35256.2195914357; 31922.24; 3455.53
762; 0.319496238410902; 34922.8216596222; 31584.61; 3456.39
763; 0.322739458276224; 34429.2490813535; 31156.01; 3353.69
764; 0.32185312643861; 34085.852411259; 30882.61; 3289.77
765; 0.321670406020777; 33605.1460909065; 30420.83; 3271.88
766; 0.320242289991734; 33300.4478398515; 30148.7; 3252.55
767; 0.322810068674799; 32904.1735622918; 29734.52; 3245.11
768; 0.325776991879654; 32628.0476040584; 29444.62; 3229.63
769; 0.323894383282804; 32193.6784865088; 29082.91; 3174.06
770; 0.319917519175998; 31932.6735328157; 28833.71; 3201.12
771; 0.317066115069159; 31546.6835105405; 28482.36; 3192.5
772; 0.314380642726075; 31311.9966843577; 28273.48; 3191.35
773; 0.317352348929479; 30959.0632685317; 27921.8; 3158.77
774; 0.320713924860521; 30746.6524397524; 27693.46; 3140.57
775; 0.315900358561418; 30380.5052658855; 27388.59; 3123.35
776; 0.319798699575367; 30167.5858147927; 27168.16; 3091.85
777; 0.320934296663155; 29814.0656969901; 26881.2; 3011.78
778; 0.32173786783931; 29597.4036329537; 26683.71; 2983.77
779; 0.324293014474232; 29271.7919923493; 26434.43; 2882.07
780; 0.329164138032407; 29074.669921332; 26255.79; 2820.21
781; 0.325748651516007; 28748.0902098173; 25941.15; 2837.08
782; 0.326584644422918; 28503.4252434924; 25751.65; 2773.5
783; 0.329838940010405; 28142.8081593944; 25422.12; 2714.51
784; 0.325480473794201; 27932.6397580169; 25250.15; 2711.55
785; 0.332215495399347; 27647.0163672331; 24936.62; 2683.45
786; 0.326094469486202; 27394.7890021879; 24719.46; 2697.68
787; 0.325071072340484; 27067.7744598525; 24424.62; 2672.78
788; 0.321016131087658; 26851.899203598; 24259.38; 2653.85
789; 0.317799990208214; 26526.6238866368; 23969.59; 2643.26
790; 0.318917199455807; 26381.9077526773; 23818.57; 2639.74
791; 0.321664955404621; 26148.0116056344; 23601.58; 2599.27
792; 0.317994736978664; 25935.8802100442; 23454.93; 2561.09
793; 0.315115758916847; 25645.2966299291; 23194.28; 2552.82
794; 0.323074574318025; 25500.7139865579; 23067.19; 2471.77
795; 0.328918438468887; 25251.9536743807; 22798.31; 2447.77
796; 0.325774978190429; 25023.2908691162; 22574.89; 2465.95
797; 0.330324942268797; 24819.9558406433; 22389.59; 2413.99
798; 0.33172884408725; 24570.1225335976; 22208.86; 2335.35
799; 0.32933292734094; 24402.5013474444; 22036.92; 2356.34
800; 0.332929724460337; 24213.6992606714; 21843.9; 2334.74
801; 0.332514826306452; 24042.5261568065; 21702.95; 2307.03
802; 0.32588046946877; 23821.763208845; 21500.64; 2334.61
803; 0.326686208550403; 23671.2746523843; 21393.65; 2284.26
804; 0.32578626181464; 23444.508796296; 21220.84; 2235.45
805; 0.323821894267969; 23315.971470758; 21080.53; 2260.34
806; 0.317849904981404; 23046.0788954959; 20884.88; 2225.76
807; 0.319796605190351; 22904.3800645017; 20764.5; 2190.04
808; 0.316904967220216; 22669.8700512191; 20604.27; 2132.9
809; 0.316487843671998; 22535.0995447019; 20492.96; 2111.05
810; 0.317765952010067; 22324.6223064798; 20296.51; 2087.65
811; 0.315923863493882; 22173.4964426166; 20143.72; 2100.94
812; 0.319075814711571; 21969.0347662131; 19971.4; 2046.59
813; 0.31119618193613; 21796.9339318817; 19891.31; 2001.18
814; 0.312471570600367; 21652.0576001902; 19687.25; 2054.25
815; 0.312298104744119; 21524.1920110867; 19544.76; 2070.29
816; 0.320786786600564; 21372.7571541667; 19357.6; 2051.42
817; 0.321566358526362; 21191.1261347034; 19185.46; 2036.48
818; 0.317068722620363; 21070.3739654454; 19062.77; 2067.03
819; 0.319589795380874; 20878.0042334612; 18892.41; 2027.85
820; 0.326398393570717; 20771.2157116097; 18771.83; 1998.89
821; 0.336596251638523; 20622.9781258617; 18597.61; 1962.95
822; 0.341274240662827; 20499.4209164203; 18527.12; 1884.77
823; 0.336590643202595; 20304.811041075; 18367.8; 1876.32
824; 0.33132487583889; 20134.3221681426; 18277.58; 1826.68
825; 0.325843951677625; 19949.2601315124; 18105.75; 1844.11
826; 0.32864914997881; 19847.2656302869; 18028.67; 1803.66
827; 0.330990590658725; 19693.9494736327; 17847.08; 1818.92
828; 0.329412496723984; 19585.0485590784; 17749.83; 1816.28
829; 0.327374918764939; 19439.5177667142; 17576.76; 1854.83
830; 0.326759392848871; 19253.8647711729; 17411.07; 1838.29
831; 0.327680410312919; 19146.4147109248; 17313; 1822.91
832; 0.3299885022905; 18981.7964222431; 17152.56; 1805.16
833; 0.338034041272701; 18882.4498668812; 17044.19; 1770.03
834; 0.343930362560413; 18721.7128294351; 16936.18; 1689.02
835; 0.345252357748289; 18623.5060808786; 16885.97; 1636.9
836; 0.3433749188209; 18441.1347512859; 16779.2; 1573.83
837; 0.347321557342987; 18358.4387974433; 16704.96; 1548.23
838; 0.350770937126542; 18184.4477011169; 16529.7; 1534.38
839; 0.35535665523521; 18066.6602634403; 16380.98; 1543.99
840; 0.352353722125182; 17981.9568906955; 16311.16; 1543.4
841; 0.342080221682859; 17835.670995303; 16168.16; 1588.42
842; 0.339678577382629; 17736.3798117848; 16067.2; 1600.89
843; 0.343317556915114; 17605.7900845509; 15900.51; 1617.76
844; 0.347780192378866; 17516.5909174356; 15808.94; 1598.86
845; 0.341941253614753; 17347.3814711609; 15714.32; 1554.73
846; 0.343678376811016; 17246.7071367085; 15632; 1529.14
847; 0.344028916070288; 17108.4170895534; 15492.48; 1528.35
848; 0.356723584128064; 16982.1080624281; 15380.5; 1460.56
849; 0.358517884912674; 16877.5069931931; 15259.93; 1467.36
850; 0.363287522060326; 16702.9198293656; 15115.22; 1420.98
851; 0.364668495573478; 16614.5422774208; 15008.7; 1431.45
852; 0.361690600523175; 16437.7052420167; 14828.47; 1445.91
853; 0.360253855317323; 16333.6858437634; 14714.18; 1460.61
854; 0.362627654258912; 16152.3274876862; 14563.48; 1423.21
855; 0.35716438519116; 15964.6618259221; 14363.63; 1455.73
856; 0.356612663825997; 15839.9034519347; 14228.15; 1467.46
857; 0.359359177180911; 15661.6964465661; 14073.56; 1434.58
858; 0.360560319141731; 15549.0021060355; 13971.8; 1419.68
859; 0.361021362718172; 15386.4292043852; 13840.97; 1389.06
860; 0.360453050695285; 15261.8810903846; 13723.07; 1384.95
861; 0.353738888227294; 15075.1389018436; 13585.32; 1366.04
862; 0.353673140897775; 14921.399609786; 13409.1; 1386.64
863; 0.347278813158807; 14786.7071305682; 13319.24; 1370.04
864; 0.341878192860877; 14592.3364981874; 13146.57; 1370.79
865; 0.343496790924852; 14470.9166652555; 13034.1; 1355.62
866; 0.334648893590528; 14258.5949644952; 12836.96; 1376.49
867; 0.321915165426279; 14020.1127233454; 12655.48; 1373.25
868; 0.322243397613409; 13867.1515973668; 12498.93; 1375.19
869; 0.322098103170817; 13655.7766237362; 12279.35; 1383.79
870; 0.32131986428735; 13482.0912205545; 12144.49; 1347.75
871; 0.322038842473477; 13217.8341073596; 11906.97; 1317.56
872; 0.32181979542776; 13037.8385654453; 11766.82; 1278.13
873; 0.327875435975316; 12762.4731263969; 11498.1; 1247.72
874; 0.336618117157276; 12501.3208995806; 11264.27; 1188.78
875; 0.342361887692918; 12333.0124035973; 11092.56; 1171.82
876; 0.336395853125479; 12061.5394985998; 10854.74; 1160.02
877; 0.336713335800078; 11894.8839874809; 10731.66; 1116.86
878; 0.332498231095534; 11677.4274248946; 10529.15; 1116.23
879; 0.327740381180702; 11513.3953077881; 10353.69; 1143.48
880; 0.332137206435514; 11420.7357452063; 10265.02; 1124.24
881; 0.335035859533494; 11320.351356684; 10124.4; 1153.05
882; 0.325632820736287; 11225.8170243076; 10051.99; 1164.17
883; 0.325024418818801; 11123.1674789588; 9956.93; 1158.58
884; 0.320063656544403; 10992.2957698225; 9877.48; 1124.44
885; 0.319316253699325; 10921.6770077627; 9840.71; 1092.6
886; 0.321919193731884; 10823.648239274; 9764.99; 1061.19
887; 0.322204269741011; 10754.7532642598; 9705.08; 1051.08
888; 0.319131486606647; 10656.0545582524; 9640.69; 1026.38
889; 0.332924619374292; 10627.04933005; 9599.18; 995.81
890; 0.329360535684222; 10594.6033041596; 9591.44; 982.23
891; 0.338590303409999; 10592.8419410073; 9539.87; 1002.73
892; 0.335563389912123; 10606.3572452816; 9523.5; 1040.32
893; 0.331816893393674; 10646.8844430506; 9542.15; 1073.18
894; 0.334582666556194; 10756.007320504; 9647.56; 1067.71
895; 0.33089048041636; 10846.1989357689; 9721.4; 1095.37
896; 0.325303243132251; 10984.3080003949; 9855.43; 1118.04
897; 0.327474160976906; 11086.753289325; 9950.07; 1118.16
898; 0.335073599359783; 11281.787023172; 10151.45; 1086.52
899; 0.324667114921172; 11458.1750112418; 10340.25; 1108.85
900; 0.318122194196831; 11568.897687329; 10437.71; 1144.9
