# 05/03/2019 15:35:13
# NanoCalc data
# Original file name: C:\SVA_DATA\StudentProjects\2018_Nathan\Ambient_investigation\ambientinvest_565.dat
# Fit Result : Fitness; Thickness 1; Thickness 2; Thickness 3 
# Fit Result : 0; 2; -1; -1
# comment:topsil blank wafer - Swelling starting 14:03
#
# WaveLength; Reflectance; Raw Intensity; Dark Intensity; Reference Intensity
450; 0.310173363660219; 10913.1538419244; 9974.11; 1268.18
451; 0.31262121540219; 11108.9626974004; 10150.55; 1281.62
452; 0.308745775623658; 11317.5601137301; 10349.46; 1308.15
453; 0.304887386077654; 11666.0398589491; 10705.82; 1311.33
454; 0.311363370292748; 11924.5837218912; 10938.89; 1315.51
455; 0.314815865087488; 12152.4079606644; 11145.32; 1326.73
456; 0.312265969130071; 12400.769467459; 11393.78; 1334.84
457; 0.307186925783856; 12747.9774421782; 11743.21; 1351.36
458; 0.306573293235319; 13030.3847409853; 12004.4; 1380.01
459; 0.303742425414804; 13263.5958519377; 12218.31; 1416.43
460; 0.294391525254569; 13504.7730287712; 12467.56; 1447.42
461; 0.297167632892544; 13875.4179836251; 12788.29; 1500.11
462; 0.294243629687645; 14086.2805364924; 12988.62; 1526.84
463; 0.29809779886522; 14337.1682104303; 13191.99; 1569.49
464; 0.296445042258363; 14699.9946779789; 13534.43; 1603.41
465; 0.292508934267479; 14955.0103999079; 13775.24; 1641.95
466; 0.291987305633476; 15214.8340658008; 14013.09; 1672.58
467; 0.288863635018126; 15483.0364324821; 14271.38; 1701.75
468; 0.289455903034245; 16025.9631442435; 14763.44; 1766.58
469; 0.288571778842815; 16364.979460534; 15068.75; 1816.3
470; 0.287190270272664; 16735.226866781; 15397.56; 1880.3
471; 0.284862172231816; 17180.0602385572; 15786.55; 1971.57
472; 0.274156021830231; 17820.6459632629; 16412.26; 2067.07
473; 0.27996024724882; 18323.673474646; 16841; 2127.56
474; 0.282051676643323; 18858.4141135716; 17340.05; 2159.13
475; 0.283706744376343; 19769.8475342892; 18167.36; 2261.84
476; 0.28618807274901; 20358.5748875961; 18725.06; 2281.93
477; 0.28583594019552; 21007.8198764166; 19328.34; 2345.3
478; 0.285213781190152; 21767.4144661495; 20020.15; 2441.33
479; 0.279633781151745; 22852.9351114502; 21051.57; 2563.15
480; 0.285143063433904; 23652.2087157532; 21763.4; 2631.53
481; 0.280668663232446; 24380.1069240808; 22481.95; 2682.68
482; 0.279755740995164; 25529.3832202675; 23566.69; 2778.75
483; 0.277996353033998; 26281.696235786; 24283.29; 2843.04
484; 0.279659669162921; 27051.0443885877; 24967.5; 2942.13
485; 0.288686097782068; 27858.4801880309; 25677.83; 2978.5
486; 0.290588799414833; 28854.9536364517; 26580.03; 3082.21
487; 0.294651024493773; 29521.8977177016; 27178.25; 3126.82
488; 0.29597531283781; 30153.0384394858; 27754.35; 3181.11
489; 0.295200946530536; 30749.1441126806; 28305.67; 3244.36
490; 0.296826486034679; 31628.0620789599; 29080.08; 3359.77
491; 0.299331395040448; 32161.3484115711; 29541.63; 3420.99
492; 0.292429138323968; 32620.181244045; 29981.87; 3521.98
493; 0.288511267756515; 33238.0805443278; 30574.72; 3599.14
494; 0.28983382070074; 33670.9331112858; 30974.31; 3622.94
495; 0.283268607336586; 34039.9223322435; 31348.54; 3695.08
496; 0.282937210686643; 34611.1315446538; 31888.68; 3737.51
497; 0.28456615561198; 34979.3187574327; 32203.41; 3784.41
498; 0.283367982880099; 35322.5155728898; 32522.6; 3828.54
499; 0.28389083880682; 35710.4071226824; 32888.61; 3846.49
500; 0.283947101124394; 36223.7045895789; 33404; 3838.1
501; 0.281754211994262; 36545.3472875525; 33757.12; 3819.85
502; 0.280416965293638; 36951.2097838552; 34104.08; 3913.98
503; 0.279445523833739; 37470.0019711121; 34594.64; 3961.47
504; 0.272703914084234; 37829.6244440177; 34973.85; 4026.59
505; 0.272342574017961; 38233.7415102462; 35353.22; 4062.03
506; 0.268999915041448; 38621.4387411101; 35768.07; 4068.88
507; 0.266612788302636; 39262.3569514651; 36370.57; 4155.8
508; 0.267299671986172; 39692.3229509898; 36741.22; 4225.27
509; 0.266326027112021; 40109.6911313621; 37140.99; 4261.28
510; 0.268511065396023; 40788.7181613134; 37783.05; 4274.38
511; 0.266299339489094; 41241.1222834631; 38240.47; 4297.8
512; 0.268235318379355; 41720.0344407139; 38680.47; 4317.19
513; 0.266188508111885; 42370.7015471768; 39294.3; 4398.19
514; 0.265430121312852; 42821.3594513439; 39685.29; 4491.16
515; 0.265756198867531; 43250.429679995; 40091.53; 4513.23
516; 0.26567589190699; 43644.4322751967; 40463.87; 4540.33
517; 0.260714048202843; 44291.9487877841; 41103.87; 4632.33
518; 0.257248538307677; 44717.2130183406; 41495.43; 4739
519; 0.255114380828552; 45165.6424604135; 41923.66; 4803.15
520; 0.251862954975836; 45823.0706271169; 42544.3; 4914.89
521; 0.253413601627853; 46270.969156413; 42937.46; 4961.07
522; 0.25256934934908; 46698.5612733846; 43342.89; 5005.39
523; 0.247386973797284; 47338.7155233085; 43960.31; 5139.48
524; 0.24635799021931; 47811.5063644879; 44373.07; 5247.14
525; 0.245162577393269; 48236.5605449113; 44755.89; 5332.01
526; 0.248251757119502; 48834.330579735; 45261.17; 5400.02
527; 0.247662469132289; 49199.0887011594; 45576.28; 5482.69
528; 0.249574987970696; 49573.7349899943; 45905.48; 5503.37
529; 0.251194123663266; 49886.3030267359; 46153; 5559.37
530; 0.253632110914463; 50308.6666098992; 46536.92; 5557.27
531; 0.254470267166941; 50527.080996723; 46723.03; 5581.29
532; 0.257091215602273; 50759.2804614633; 46892.47; 5610.38
533; 0.25988365290957; 51045.5136567876; 47110.61; 5642.64
534; 0.26027689676573; 51225.1905529397; 47313.66; 5595.49
535; 0.261658134967611; 51436.8646056573; 47486.22; 5615.72
536; 0.261865922901229; 51681.7364761547; 47682.92; 5673.86
537; 0.259094826623158; 51823.4869963858; 47842.65; 5702.61
538; 0.256474848238144; 51977.1496146038; 48015.96; 5726.24
539; 0.254193636320081; 52268.8394066496; 48297.33; 5786.85
540; 0.255597276172115; 52471.1475526069; 48516.67; 5724.61
541; 0.256228662865423; 52733.967165425; 48768.87; 5721.07
542; 0.255311006176384; 53089.2331100218; 49102.8; 5767.71
543; 0.253674663375865; 53314.4750231379; 49344.77; 5776.02
544; 0.254792993232161; 53596.5993361913; 49587.23; 5803.56
545; 0.255424696748869; 54047.5775745412; 49996.55; 5844.6
546; 0.255459120968033; 54370.2543403373; 50263.6; 5919.23
547; 0.259217992905293; 54677.0270692299; 50515.8; 5905.79
548; 0.256916351925177; 55155.8696593712; 50973.44; 5984.01
549; 0.255373007859627; 55405.33036087; 51230.63; 6003.82
550; 0.256486861821996; 55710.4009233446; 51502.98; 6019.5
551; 0.259156907841483; 56041.9295810032; 51737.46; 6089.73
552; 0.254697167072626; 56454.0232120891; 52212.42; 6100.68
553; 0.253355238190174; 56715.7489037104; 52434.14; 6185.73
554; 0.255557985701602; 57019.2772983167; 52753.85; 6104.03
555; 0.254700617196168; 57460.0601125505; 53190.84; 6124.79
556; 0.255344167496786; 57794.4139145434; 53534; 6091.38
557; 0.258902800303523; 58184.0659834826; 53871.51; 6075.97
558; 0.258557745053903; 58739.9010516647; 54434.92; 6068.18
559; 0.257146949073913; 59163.8713819468; 54926.61; 6000.33
560; 0.256347557032671; 59576.5987899642; 55331.79; 6024.57
561; 0.259456699993651; 60379.5019607486; 56104.62; 5989.53
562; 0.256640206383396; 60922.4365939358; 56631.31; 6073.02
563; 0.256723385528114; 61507.5768060203; 57204.86; 6082.5
564; 0.255171861004849; 62388.8347590144; 57987.46; 6254.7
565; 0.252057512861961; 62927.0172160953; 58485.75; 6384.67
566; 0.254154311619026; 63461.4350700257; 58942.33; 6438.22
567; 0.253720896678822; 64121.9931635956; 59535.65; 6540.69
568; 0.25606390284802; 64485.5385698689; 59838.9; 6561.54
569; 0.255269318395527; 64671.5473165179; 60017.6; 6587.61
570; 0.256883348245916; 64812.265606722; 60102.89; 6619.45
571; 0.253738622639102; 64768.2219014646; 60105.7; 6629.71
572; 0.252819112048282; 64686.5849851142; 60092.66; 6550.7
573; 0.250690213414065; 64421.0315051454; 59886.75; 6515.35
574; 0.248441662742309; 64175.0227785246; 59702.95; 6478.76
575; 0.247368062391597; 63841.1825521743; 59376.57; 6490.82
576; 0.246048728908561; 63679.5247314362; 59212.73; 6523.75
577; 0.245551944344228; 63509.9921043756; 59049.47; 6522.7
578; 0.246922217715939; 63286.5489026614; 58832.77; 6471.66
579; 0.248372790593834; 63165.9592119647; 58681.73; 6472.98
580; 0.250415696290602; 63080.1592674523; 58531.76; 6507.14
581; 0.249907525293424; 62861.9823258371; 58358.47; 6451.5
582; 0.252444560393369; 62764.5859537027; 58223.81; 6434.99
583; 0.250789192657968; 62625.7394210567; 58116.48; 6428.16
584; 0.248500720061204; 62430.4846793975; 58041.66; 6309.99
585; 0.248177072916994; 62375.0582992964; 58001.66; 6291.92
586; 0.248662327884832; 62308.1795934494; 57916.29; 6302.09
587; 0.252463320666313; 62228.8754791316; 57822.8; 6223.37
588; 0.250526479719056; 62098.1538433726; 57756.09; 6176.51
589; 0.251497656153691; 62088.4448035784; 57699.13; 6215.89
590; 0.251550186027796; 62116.289483866; 57738.52; 6194.36
591; 0.253739187193624; 62130.9645950199; 57724.43; 6177.39
592; 0.255009620496663; 62199.9471030766; 57741.06; 6215.73
593; 0.256185997033601; 62287.0049451631; 57802.18; 6219.26
594; 0.25629097741046; 62372.5834410926; 57908.29; 6184.35
595; 0.252256851525614; 62561.355934867; 58111.59; 6258.85
596; 0.252150102206732; 62796.1449790952; 58326.91; 6284.92
597; 0.250266307119037; 63041.4166424594; 58603.15; 6284.37
598; 0.248889564708016; 63534.6341096061; 59099.6; 6310.53
599; 0.246369837651928; 63941.8269581644; 59527.8; 6340.85
600; 0.2429690413749; 64399.2440399333; 59960.28; 6461.82
601; 0.239582180256391; 65187.8286215485; 60697.15; 6625.3
602; 0.235658876156994; 65810.1218294839; 61279.87; 6790.82
603; 0.231797997804374; 66411.8373767188; 61857.51; 6936.2
604; 0.235282910846223; 67361.1619621818; 62656.02; 7055.25
605; 0.235669869737476; 67942.4759830701; 63164.06; 7148.99
606; 0.239041993553842; 68589.7921417256; 63665.24; 7259.25
607; 0.23979923096359; 69300.799096773; 64229.46; 7447.46
608; 0.241077997619658; 69707.3393874854; 64605.07; 7448.57
609; 0.24039065129749; 70154.7522887738; 65012.16; 7524.28
610; 0.241301544301169; 70288.4320768448; 65131.3; 7512.45
611; 0.244349249180809; 70430.5454607661; 65239.15; 7463.65
612; 0.244450441755704; 70475.6799343669; 65282.26; 7458.87
613; 0.2417967659007; 70374.0999732906; 65221.73; 7476.51
614; 0.239028094860806; 70147.0749062451; 65048.2; 7480.17
615; 0.238235496794797; 69761.234335222; 64730.84; 7399.89
616; 0.235218269356695; 69392.2471064381; 64404.11; 7427.25
617; 0.241089513691274; 68845.4860719585; 63844.38; 7261.12
618; 0.239955299331974; 68430.1969910245; 63501.23; 7185.95
619; 0.236883845189077; 67941.7445895302; 63069.45; 7191.57
620; 0.231834487820859; 67205.6331909591; 62453.03; 7163.84
621; 0.234071420653823; 66774.7834818779; 62036.47; 7070.44
622; 0.232050651835969; 66309.6814615782; 61653.69; 7004.53
623; 0.230588105769082; 65685.8335478419; 61131.32; 6892
624; 0.230717049376678; 65298.9211004233; 60832.15; 6752.19
625; 0.228277693868839; 64738.6016024662; 60360.05; 6686.33
626; 0.231206349497655; 64430.7726751396; 60030.06; 6631.84
627; 0.236675049910028; 64180.5420619895; 59716.95; 6568.18
628; 0.239555688089559; 63716.8894478536; 59254.98; 6483.61
629; 0.241923252017979; 63451.9039778304; 58966.16; 6451.51
630; 0.243474078424464; 63216.7035888051; 58767.56; 6355.21
631; 0.245617959843876; 62829.9595193754; 58338.17; 6357.4
632; 0.247664426540571; 62640.6341691577; 58079.03; 6400.12
633; 0.252430965671673; 62346.4150865252; 57719.35; 6366.65
634; 0.252043458406823; 62097.9343996964; 57485.65; 6353.16
635; 0.251115956217717; 61853.4549038669; 57286.55; 6310.45
636; 0.25080710192335; 61597.5328037843; 57071.09; 6258.83
637; 0.246503137150546; 61368.1112601891; 56913.78; 6262.88
638; 0.245006874531258; 61173.2879930952; 56743.68; 6262.37
639; 0.244933040643967; 60936.2257098324; 56591.41; 6140.81
640; 0.248345664302541; 60776.5051151322; 56432.61; 6051.48
641; 0.241172762457859; 60403.5702222957; 56168.28; 6072.51
642; 0.240510053999999; 60210.3078324714; 55997.94; 6053.14
643; 0.237942654871063; 60020.7011580812; 55836.36; 6074.76
644; 0.238376148104471; 59737.4426053463; 55534.33; 6087.92
645; 0.240845814433545; 59561.0349786486; 55329.21; 6064.02
646; 0.242597836363906; 59297.3449063147; 55001.21; 6108.88
647; 0.243856851028988; 59110.9135764575; 54781.74; 6121.59
648; 0.24008929871984; 58891.011857637; 54626.46; 6122.35
649; 0.244416079212927; 58752.9346270119; 54474.03; 6031.58
650; 0.244028690976172; 58657.5572857671; 54352.64; 6075.23
651; 0.243808441814127; 58501.2760140362; 54273.44; 5969.06
652; 0.246975911544303; 58418.1416877908; 54154.75; 5939.12
653; 0.246156079881072; 58326.7932733427; 54101.11; 5903.27
654; 0.244820969356606; 58183.1568960306; 53983.43; 5896.25
655; 0.244386392701492; 58084.810863817; 53908.28; 5871.71
656; 0.242926266899682; 57929.9487541866; 53764.47; 5888.96
657; 0.238162351371595; 57801.3768593475; 53686.17; 5932.18
658; 0.237908283868829; 57729.543450456; 53624.63; 5921.58
659; 0.236888701780612; 57632.1236571324; 53514.8; 5962.6
660; 0.233600725464586; 57527.8898521362; 53424.69; 6023.31
661; 0.235239589254885; 57402.2494121031; 53212.89; 6103.54
662; 0.235083083054977; 57293.7338064533; 53140.75; 6051.37
663; 0.232645687769178; 57195.5587405715; 53072.34; 6067.73
664; 0.229308202589106; 57036.6360060411; 52928.49; 6130.11
665; 0.230343645755901; 56908.4057454303; 52798.77; 6102.43
666; 0.233317609521402; 56704.7973891917; 52572.34; 6055.78
667; 0.234303303672602; 56565.286506715; 52458.72; 5990.58
668; 0.231979229324325; 56364.8292669481; 52331.11; 5941.51
669; 0.228542957176282; 56123.7387198006; 52188.17; 5881.84
670; 0.231624830288436; 56051.2311308462; 52092.02; 5836.2
671; 0.232379658212741; 55797.7735499431; 51873.43; 5762.77
672; 0.234024626509575; 55654.5196891843; 51741.85; 5702.03
673; 0.231778241610601; 55500.2818010376; 51626.61; 5696.53
674; 0.231458812661559; 55302.0396422619; 51441.45; 5681.92
675; 0.230382702540606; 55117.8901777697; 51261.25; 5700.08
676; 0.231399423248626; 54828.1070110467; 50975.02; 5667.28
677; 0.23340268988343; 54628.4514103745; 50757.05; 5643.5
678; 0.234116814953247; 54294.8298881481; 50373.64; 5696.61
679; 0.235587907019206; 54077.7615261702; 50127.55; 5700.9
680; 0.238382223386384; 53868.0856236791; 49878.14; 5688.88
681; 0.240330157329147; 53432.9721214585; 49448.09; 5633.59
682; 0.242486068558081; 53136.5102084312; 49140.95; 5596.29
683; 0.247309987576238; 52782.3998383162; 48755.69; 5527.76
684; 0.250784277397814; 52545.3640438424; 48485.75; 5493.75
685; 0.250065548471693; 52096.9171427117; 48105.92; 5414.31
686; 0.252325503602841; 51823.4626616391; 47813.32; 5389.62
687; 0.254231463483118; 51616.16237576; 47574.65; 5388.96
688; 0.254539260780629; 51247.8969752391; 47181.46; 5413.69
689; 0.256291360929084; 51045.4848206328; 46947.26; 5416.76
690; 0.250907446145024; 50610.9549133694; 46643.84; 5353.89
691; 0.248277822875091; 50335.8975447527; 46440.68; 5310.46
692; 0.246772919288685; 50081.9462838652; 46167.09; 5367.68
693; 0.245975770399977; 49702.3952277574; 45807.26; 5355.85
694; 0.241291628862689; 49401.1289198942; 45568.08; 5370.69
695; 0.230785023836828; 48867.7037721804; 45234.58; 5320.07
696; 0.229097261771689; 48589.7531960577; 45027.38; 5252.68
697; 0.227783385519427; 48211.674557343; 44738.64; 5148.16
698; 0.224976649088661; 47910.0710851862; 44490.56; 5129.89
699; 0.221514258918221; 47476.3711677596; 44132.32; 5093.1
700; 0.218933056323524; 47228.3843710269; 43955.2; 5041.96
701; 0.216881995983675; 46948.8631497691; 43766.09; 4947.56
702; 0.22001791365878; 46618.5349319932; 43453.72; 4847.91
703; 0.224574661273217; 46409.0957754721; 43223.74; 4778.92
704; 0.223272016515345; 46074.9251821584; 42889.4; 4805.6
705; 0.225233657504136; 45840.5564360231; 42611.68; 4826.67
706; 0.226877912768883; 45536.9482732176; 42298.65; 4803.92
707; 0.230468612792277; 45364.0751891916; 42080.75; 4792.79
708; 0.233209041043114; 45145.4746558475; 41840.5; 4765.67
709; 0.229706840310134; 44788.2013612172; 41507.26; 4801.39
710; 0.230034010708888; 44596.7688897269; 41300.17; 4815.68
711; 0.230602722726819; 44288.6387514583; 41009.04; 4778.01
712; 0.232183055814595; 44059.9628178683; 40798.52; 4718.21
713; 0.226708223217599; 43677.3520628647; 40548.3; 4635.01
714; 0.22792760032252; 43419.3031586146; 40308.07; 4583.12
715; 0.226937196258195; 43027.3670406136; 40002.06; 4474.49
716; 0.227557520617668; 42739.1583585327; 39761.92; 4390.05
717; 0.232016991030715; 42437.8681373825; 39441.94; 4330.98
718; 0.228731876161075; 41861.4648011388; 39027.91; 4153.43
719; 0.228036205382554; 41484.5103818487; 38694.46; 4100.38
720; 0.229525087812389; 40910.112163306; 38178.67; 3986.62
721; 0.232498194472152; 40556.4797479387; 37828.4; 3929.35
722; 0.234493575167912; 40014.687010466; 37306.48; 3866.11
723; 0.23329435353023; 39638.1284454449; 36943.33; 3865.32
724; 0.230562472952008; 39149.9596622055; 36516.58; 3820.57
725; 0.226406997575662; 38869.0811018372; 36268.77; 3840.42
726; 0.232448034286537; 38623.7789050586; 35977.9; 3804.76
727; 0.233183459003614; 38501.5887342878; 35837.05; 3818.1
728; 0.234462228918184; 38407.583190136; 35741.01; 3798.89
729; 0.235114655993106; 38309.8570334085; 35655.66; 3769.72
730; 0.234093875550902; 38262.7688179291; 35621.76; 3766.3
731; 0.231551264345554; 38254.765495744; 35669.57; 3726.84
732; 0.232204428593557; 38282.4165776023; 35675.81; 3746.67
733; 0.233797649308164; 38336.4105318774; 35710.78; 3747.83
734; 0.23063357918686; 38325.1073822618; 35712.43; 3780.15
735; 0.22777387822143; 38279.7884979486; 35676.29; 3813.22
736; 0.226451686242086; 38218.7398134804; 35605.72; 3848.44
737; 0.223964151674186; 38129.786956941; 35524.42; 3878.47
738; 0.222789269418213; 38053.4519601904; 35471.76; 3862.18
739; 0.221295238176473; 37980.1670251438; 35385.77; 3905.94
740; 0.222289086465504; 37921.941531678; 35330.87; 3882.05
741; 0.221911601050137; 37881.9440681778; 35331.81; 3825.91
742; 0.224245194484479; 37876.4130670286; 35297.16; 3828.14
743; 0.228968935523685; 37946.9097367051; 35341.68; 3785.63
744; 0.234593847678996; 38172.4282075528; 35487.6; 3806.45
745; 0.230950356692631; 38289.2048667292; 35624.93; 3835.47
746; 0.231255242952649; 38535.696843069; 35849.29; 3860.79
747; 0.235717473448937; 38723.4702428157; 35981.99; 3863.91
748; 0.239291483405711; 38941.1399595606; 36142.13; 3884.74
749; 0.237371386995599; 39004.3357629766; 36208.89; 3910.08
750; 0.231573960290444; 38958.2162874276; 36238.82; 3897.96
751; 0.226030622969922; 38804.5238774602; 36152.15; 3895.01
752; 0.222507199993947; 38518.4506929198; 35949.73; 3831.66
753; 0.224278944881738; 38271.2199980518; 35751.94; 3728.11
754; 0.231148439411237; 37795.7161002815; 35256.44; 3645.8
755; 0.230283574209368; 37384.8272298046; 34856.42; 3642.92
756; 0.23277286429694; 36770.8499506298; 34228.38; 3622.99
757; 0.234591422617456; 36371.8956977687; 33843.34; 3573.78
758; 0.237167888685612; 35763.8829742856; 33266.37; 3490.14
759; 0.242721064076818; 35389.2020300588; 32888.78; 3412.66
760; 0.24273865287792; 35007.0066956681; 32507.23; 3409.93
761; 0.241275620292317; 34441.3613361272; 31922.24; 3455.53
762; 0.239468744429285; 34086.6656071175; 31584.61; 3456.39
763; 0.245784316205284; 33648.7663356642; 31156.01; 3353.69
764; 0.241683065050355; 33287.9600819419; 30882.61; 3289.77
765; 0.243146962456958; 32827.8179308597; 30420.83; 3271.88
766; 0.245805507997065; 32567.8588777152; 30148.7; 3252.55
767; 0.241817647676288; 32108.9136226299; 29734.52; 3245.11
768; 0.243166251694996; 31820.7919744383; 29444.62; 3229.63
769; 0.246798958081073; 31453.2333551644; 29082.91; 3174.06
770; 0.244159488997708; 31198.8238410415; 28833.71; 3201.12
771; 0.238707203956518; 30789.3744126243; 28482.36; 3192.5
772; 0.236045477430236; 30554.8803916389; 28273.48; 3191.35
773; 0.237814243770721; 30197.8331529765; 27921.8; 3158.77
774; 0.238227652573287; 29961.3841884899; 27693.46; 3140.57
775; 0.236753478236238; 29630.8994073468; 27388.59; 3123.35
776; 0.237871936807998; 29399.1860448964; 27168.16; 3091.85
777; 0.235090781355015; 29029.5826922942; 26881.2; 3011.78
778; 0.234189047897253; 28804.551859083; 26683.71; 2983.77
779; 0.238073976815305; 28517.4290873481; 26434.43; 2882.07
780; 0.238589675433725; 28299.0127202437; 26255.79; 2820.21
781; 0.23905756892809; 28001.0827105809; 25941.15; 2837.08
782; 0.242783387013287; 27797.3227691374; 25751.65; 2773.5
783; 0.245027969869184; 27443.2418733679; 25422.12; 2714.51
784; 0.239625040515959; 27225.0510115884; 25250.15; 2711.55
785; 0.243256208470499; 26921.2376739974; 24936.62; 2683.45
786; 0.240120594780746; 26689.4461584642; 24719.46; 2697.68
787; 0.236402766122476; 26346.8120335735; 24424.62; 2672.78
788; 0.236085005305567; 26165.9973025713; 24259.38; 2653.85
789; 0.236054660104866; 25868.8970597366; 23969.59; 2643.26
790; 0.235074888187635; 25708.0144596465; 23818.57; 2639.74
791; 0.236011953714524; 25469.9473435616; 23601.58; 2599.27
792; 0.233996652824807; 25280.5389723092; 23454.93; 2561.09
793; 0.235803668955292; 25028.3955516764; 23194.28; 2552.82
794; 0.242804539971069; 24896.0887095689; 23067.19; 2471.77
795; 0.247846827067405; 24647.1811130945; 22798.31; 2447.77
796; 0.242866765320387; 24400.1842647494; 22574.89; 2465.95
797; 0.244773834962275; 24190.51354846; 22389.59; 2413.99
798; 0.245309026783593; 23954.9819439363; 22208.86; 2335.35
799; 0.245264471279575; 23798.6419849053; 22036.92; 2356.34
800; 0.250479382957143; 23626.8163722388; 21843.9; 2334.74
801; 0.249074818052205; 23455.4417972794; 21702.95; 2307.03
802; 0.2442507875345; 23240.345888632; 21500.64; 2334.61
803; 0.24270214481213; 23085.74588205; 21393.65; 2284.26
804; 0.245224767799841; 22894.6326921722; 21220.84; 2235.45
805; 0.240442412201402; 22740.3774318087; 21080.53; 2260.34
806; 0.237879495973994; 22502.3255172173; 20884.88; 2225.76
807; 0.236527095289437; 22347.1922728685; 20764.5; 2190.04
808; 0.236252510602644; 22144.1739096233; 20604.27; 2132.9
809; 0.230954897204855; 21983.1977391575; 20492.96; 2111.05
810; 0.234029097958552; 21790.1794464644; 20296.51; 2087.65
811; 0.236392632939616; 21662.5169412708; 20143.72; 2100.94
812; 0.237486310352922; 21458.2281711966; 19971.4; 2046.59
813; 0.238670111654495; 21352.8172516765; 19891.31; 2001.18
814; 0.235083748203811; 21165.4463500378; 19687.25; 2054.25
815; 0.228617976866141; 20993.8041499461; 19544.76; 2070.29
816; 0.227297208258836; 20785.4630369999; 19357.6; 2051.42
817; 0.231735913553266; 20630.8377943014; 19185.46; 2036.48
818; 0.23043611337407; 20521.8368268012; 19062.77; 2067.03
819; 0.232408982035362; 20336.3545226468; 18892.41; 2027.85
820; 0.233332362472636; 20201.1305136462; 18771.83; 1998.89
821; 0.24279659776849; 20058.5665251965; 18597.61; 1962.95
822; 0.252085684243519; 19983.9801048948; 18527.12; 1884.77
823; 0.252574935747409; 19821.3176456081; 18367.8; 1876.32
824; 0.250371945941167; 19680.6625442003; 18277.58; 1826.68
825; 0.244822485476419; 19490.869257467; 18105.75; 1844.11
826; 0.240740390121192; 19360.818345846; 18028.67; 1803.66
827; 0.237286131103397; 19171.0950155904; 17847.08; 1818.92
828; 0.236197589303727; 19065.730895718; 17749.83; 1816.28
829; 0.233007510904023; 18902.5688074574; 17576.76; 1854.83
830; 0.233514295043558; 18727.9990043926; 17411.07; 1838.29
831; 0.232561002854143; 18614.2091977456; 17313; 1822.91
832; 0.238855288485723; 18476.6145967836; 17152.56; 1805.16
833; 0.242119656744814; 18360.8587186335; 17044.19; 1770.03
834; 0.251011121584084; 18239.3176317145; 16936.18; 1689.02
835; 0.249960012827411; 18143.9325636652; 16885.97; 1636.9
836; 0.248379809408242; 17981.3583818376; 16779.2; 1573.83
837; 0.251927788120509; 17904.3017838233; 16704.96; 1548.23
838; 0.263645747006009; 17773.4381424507; 16529.7; 1534.38
839; 0.259965416242492; 17614.1595813616; 16380.98; 1543.99
840; 0.257394775932945; 17531.6789396502; 16311.16; 1543.4
841; 0.249587777742226; 17384.8055038849; 16168.16; 1588.42
842; 0.251914020159461; 17305.1049629676; 16067.2; 1600.89
843; 0.25378738412386; 17161.0880366883; 15900.51; 1617.76
844; 0.257507809401187; 17073.3404937801; 15808.94; 1598.86
845; 0.249226076479097; 16904.5873304379; 15714.32; 1554.73
846; 0.250882535048524; 16810.7236182192; 15632; 1529.14
847; 0.255867045866363; 16694.312259139; 15492.48; 1528.35
848; 0.262915968280633; 16560.9331232223; 15380.5; 1460.56
849; 0.267119430782913; 16465.1313688927; 15259.93; 1467.36
850; 0.273323684117983; 16309.744833043; 15115.22; 1420.98
851; 0.269953045050532; 16197.4564128042; 15008.7; 1431.45
852; 0.264428943359914; 16004.9682945327; 14828.47; 1445.91
853; 0.260394536180447; 15884.772533026; 14714.18; 1460.61
854; 0.267370415497984; 15734.9593616989; 14563.48; 1423.21
855; 0.271172814462695; 15579.1943851424; 14363.63; 1455.73
856; 0.276042918338349; 15475.7588811334; 14228.15; 1467.46
857; 0.276338272999902; 15294.7974437604; 14073.56; 1434.58
858; 0.275663161731272; 15177.635739978; 13971.8; 1419.68
859; 0.281889799701981; 15047.6830385074; 13840.97; 1389.06
860; 0.286991073984387; 14948.2643675791; 13723.07; 1384.95
861; 0.286902367890011; 14793.6479076503; 13585.32; 1366.04
862; 0.279128984553301; 14602.6502180018; 13409.1; 1386.64
863; 0.268013681868514; 14451.7630730524; 13319.24; 1370.04
864; 0.260182672802939; 14246.8548371216; 13146.57; 1370.79
865; 0.261870844509313; 14129.4825580799; 13034.1; 1355.62
866; 0.249858971604458; 13898.3956031918; 12836.96; 1376.49
867; 0.238693286310379; 13667.3263009056; 12655.48; 1373.25
868; 0.234939786488054; 13496.4669311968; 12498.93; 1375.19
869; 0.227738926089382; 13252.5501463054; 12279.35; 1383.79
870; 0.233848567784275; 13117.9627430777; 12144.49; 1347.75
871; 0.235433708889183; 12865.3065667165; 11906.97; 1317.56
872; 0.2290996087965; 12671.6426997023; 11766.82; 1278.13
873; 0.235917408676295; 12407.859008607; 11498.1; 1247.72
874; 0.245995913863341; 12168.2898700761; 11264.27; 1188.78
875; 0.258378760919043; 12028.7230676251; 11092.56; 1171.82
876; 0.256290300861553; 11774.1657411382; 10854.74; 1160.02
877; 0.250563895449016; 11597.2685239107; 10731.66; 1116.86
878; 0.248584324510044; 11387.6320649333; 10529.15; 1116.23
879; 0.255896458303317; 11259.1764703258; 10353.69; 1143.48
880; 0.260455450714513; 11171.3095077189; 10265.02; 1124.24
881; 0.250026965719993; 11016.9017437739; 10124.4; 1153.05
882; 0.244778184621619; 10934.355749927; 10051.99; 1164.17
883; 0.242633503661732; 10827.5362352169; 9956.93; 1158.58
884; 0.248039264853703; 10741.4271503249; 9877.48; 1124.44
885; 0.245171882874484; 10670.6793909973; 9840.71; 1092.6
886; 0.245675564520112; 10572.9146768496; 9764.99; 1061.19
887; 0.246075483002412; 10506.7418020149; 9705.08; 1051.08
888; 0.24521984696155; 10420.8936214989; 9640.69; 1026.38
889; 0.246582979053786; 10360.4787046681; 9599.18; 995.81
890; 0.24298600417421; 10331.5245468798; 9591.44; 982.23
891; 0.245701036458456; 10303.9683650789; 9539.87; 1002.73
892; 0.249227129705803; 10327.7516294562; 9523.5; 1040.32
893; 0.239189819751763; 10338.4965319813; 9542.15; 1073.18
894; 0.234828458219067; 10425.5290979517; 9647.56; 1067.71
895; 0.239038028730248; 10533.9640846051; 9721.4; 1095.37
896; 0.240071116733249; 10688.5326755249; 9855.43; 1118.04
897; 0.244544682233462; 10798.8998831237; 9950.07; 1118.16
898; 0.240203804773015; 10961.7533308518; 10151.45; 1086.52
899; 0.237700565725821; 11158.7234313968; 10340.25; 1108.85
900; 0.242195773428377; 11298.9164226358; 10437.71; 1144.9
