# 05/03/2019 15:57:53
# NanoCalc data
# Original file name: C:\SVA_DATA\StudentProjects\2018_Nathan\Ambient_investigation\ambientinvest_701.dat
# Fit Result : Fitness; Thickness 1; Thickness 2; Thickness 3 
# Fit Result : 0; 2; -1; -1
# comment:topsil blank wafer - Swelling starting 14:03
#
# WaveLength; Reflectance; Raw Intensity; Dark Intensity; Reference Intensity
450; 0.405621480198873; 11202.1211632998; 9974.11; 1268.18
451; 0.405252595348442; 11392.9456337599; 10150.55; 1281.62
452; 0.402556117590806; 11611.7108678384; 10349.46; 1308.15
453; 0.398297985919739; 11960.2295076539; 10705.82; 1311.33
454; 0.402682028909195; 12213.6743378013; 10938.89; 1315.51
455; 0.406173202302063; 12444.6577632643; 11145.32; 1326.73
456; 0.40350352536714; 12694.9906354696; 11393.78; 1334.84
457; 0.413665767493133; 13096.255524513; 11743.21; 1351.36
458; 0.413721188329578; 13388.9681786856; 12004.4; 1380.01
459; 0.412585924972801; 13638.1650943081; 12218.31; 1416.43
460; 0.4140173935238; 13926.2440919739; 12467.56; 1447.42
461; 0.415600332131022; 14308.6801806726; 12788.29; 1500.11
462; 0.417234312193163; 14545.0908722875; 12988.62; 1526.84
463; 0.416764026804111; 14793.0386632376; 13191.99; 1569.49
464; 0.413505171980599; 15160.2525097997; 13534.43; 1603.41
465; 0.404433720108261; 15406.4343869449; 13775.24; 1641.95
466; 0.394027862271253; 15634.8065476333; 14013.09; 1672.58
467; 0.387232142528389; 15895.6492380746; 14271.38; 1701.75
468; 0.379742990803583; 16419.7693742779; 14763.44; 1766.58
469; 0.382613887118877; 16787.4052145942; 15068.75; 1816.3
470; 0.380278409775498; 17168.8102182817; 15397.56; 1880.3
471; 0.373294846505584; 17612.661857993; 15786.55; 1971.57
472; 0.370244740105677; 18314.2699994727; 16412.26; 2067.07
473; 0.369379720890392; 18797.2402863202; 16841; 2127.56
474; 0.375511764391862; 19361.5362540866; 17340.05; 2159.13
475; 0.379136035844673; 20308.8697923613; 18167.36; 2261.84
476; 0.3834785624726; 20913.8931503679; 18725.06; 2281.93
477; 0.384051175130633; 21584.900947881; 19328.34; 2345.3
478; 0.380308653548039; 22349.9806054526; 20020.15; 2441.33
479; 0.379294455972178; 23494.9364528679; 21051.57; 2563.15
480; 0.381930117756107; 24293.3333132598; 21763.4; 2631.53
481; 0.386055382343698; 25092.835335879; 22481.95; 2682.68
482; 0.388335396481406; 26291.1497274489; 23566.69; 2778.75
483; 0.385734673815513; 27056.1845689353; 24283.29; 2843.04
484; 0.382508070940905; 27817.2943489097; 24967.5; 2942.13
485; 0.384589739548933; 28582.9081949854; 25677.83; 2978.5
486; 0.390053219259679; 29633.6276945939; 26580.03; 3082.21
487; 0.390160476739508; 30281.5777838382; 27178.25; 3126.82
488; 0.394038690528628; 30947.7786769353; 27754.35; 3181.11
489; 0.389592675034847; 31530.4551069785; 28305.67; 3244.36
490; 0.388010430483698; 32410.7922842348; 29080.08; 3359.77
491; 0.393354682180929; 32984.2308105426; 29541.63; 3420.99
492; 0.392456203779815; 33522.6307503203; 29981.87; 3521.98
493; 0.39210125536628; 34194.3603039803; 30574.72; 3599.14
494; 0.395970446445496; 34658.4316621631; 30974.31; 3622.94
495; 0.393381758525505; 35086.1257659525; 31348.54; 3695.08
496; 0.390583783600627; 35646.9181702275; 31888.68; 3737.51
497; 0.39208867624915; 36028.1880652254; 32203.41; 3784.41
498; 0.391990670567271; 36395.7996882416; 32522.6; 3828.54
499; 0.392604899808542; 36790.9950902939; 32888.61; 3846.49
500; 0.393920683927583; 37315.7848218991; 33404; 3838.1
501; 0.39542190787949; 37670.1978058008; 33757.12; 3819.85
502; 0.384866779889487; 38011.7097352137; 34104.08; 3913.98
503; 0.379470778423985; 38499.2144245945; 34594.64; 3961.47
504; 0.371991981690787; 38869.3760259444; 34973.85; 4026.59
505; 0.377615584211694; 39347.1963984687; 35353.22; 4062.03
506; 0.376088082718988; 39757.3574277266; 35768.07; 4068.88
507; 0.370423820757585; 40388.3321568652; 36370.57; 4155.8
508; 0.367246125327681; 40795.7746357803; 36741.22; 4225.27
509; 0.367434655022927; 41236.7356839522; 37140.99; 4261.28
510; 0.373331577929305; 41962.0615269179; 37783.05; 4274.38
511; 0.374381644679847; 42458.9901778965; 38240.47; 4297.8
512; 0.376020047293847; 42941.4195709045; 38680.47; 4317.19
513; 0.370052801452219; 43571.0849709207; 39294.3; 4398.19
514; 0.367158718883371; 44023.2876484566; 39685.29; 4491.16
515; 0.36635083076843; 44446.143465318; 40091.53; 4513.23
516; 0.366659512337446; 44853.3665569205; 40463.87; 4540.33
517; 0.360195208845998; 45508.4301405028; 41103.87; 4632.33
518; 0.356177491858422; 45956.2001265619; 41495.43; 4739
519; 0.35209169699443; 46398.0259781386; 41923.66; 4803.15
520; 0.350271895920337; 47104.1655187633; 42544.3; 4914.89
521; 0.352507244793893; 47574.4886388495; 42937.46; 4961.07
522; 0.35394324143515; 48045.4288106417; 43342.89; 5005.39
523; 0.350485230372412; 48746.6624095593; 43960.31; 5139.48
524; 0.346026910347015; 49202.5927224796; 44373.07; 5247.14
525; 0.342110750285687; 49612.9722850617; 44755.89; 5332.01
526; 0.34708101252665; 50256.8091299085; 45261.17; 5400.02
527; 0.348883130650094; 50679.7453972208; 45576.28; 5482.69
528; 0.346488371211121; 50998.1686023508; 45905.48; 5503.37
529; 0.346517581495775; 51303.0214931364; 46153; 5559.37
530; 0.347364857289292; 51702.5601792155; 46536.92; 5557.27
531; 0.345975680784294; 51894.9864253296; 46723.03; 5581.29
532; 0.345852748184096; 52094.3086613139; 46892.47; 5610.38
533; 0.349914652503218; 52408.6748466473; 47110.61; 5642.64
534; 0.350377039127805; 52579.2464221038; 47313.66; 5595.49
535; 0.350217178702279; 52773.9730752863; 47486.22; 5615.72
536; 0.348851987370877; 53010.0548153388; 47682.92; 5673.86
537; 0.347810453259295; 53186.5495216918; 47842.65; 5702.61
538; 0.348187288901085; 53393.6252260708; 48015.96; 5726.24
539; 0.349167783031139; 53752.711003563; 48297.33; 5786.85
540; 0.350692465413912; 53942.4143706632; 48516.67; 5724.61
541; 0.34886799431275; 54167.5458541668; 48768.87; 5721.07
542; 0.347565702658418; 54529.7004918193; 49102.8; 5767.71
543; 0.349528820792383; 54814.4779210277; 49344.77; 5776.02
544; 0.349601266321885; 55088.4825238771; 49587.23; 5803.56
545; 0.349772066718366; 55543.9238644525; 49996.55; 5844.6
546; 0.348203230926984; 55861.1699915788; 50263.6; 5919.23
547; 0.351742621701392; 56162.3251598507; 50515.8; 5905.79
548; 0.347745124968023; 56634.5024962928; 50973.44; 5984.01
549; 0.347792428474173; 56916.1532619459; 51230.63; 6003.82
550; 0.349650707392012; 57238.6644389338; 51502.98; 6019.5
551; 0.347028689639409; 57501.4369309253; 51737.46; 6089.73
552; 0.343875586922319; 57939.1574066741; 52212.42; 6100.68
553; 0.343815189348764; 58244.4882938117; 52434.14; 6185.73
554; 0.347289145159827; 58550.329402148; 52753.85; 6104.03
555; 0.348592087251176; 59033.8425272474; 53190.84; 6124.79
556; 0.350665878830838; 59384.8553540598; 53534; 6091.38
557; 0.35264275075945; 59745.4966970791; 53871.51; 6075.97
558; 0.354676880424417; 60340.282646833; 54434.92; 6068.18
559; 0.352237365027471; 60730.7690206874; 54926.61; 6000.33
560; 0.351754829564371; 61156.4290553934; 55331.79; 6024.57
561; 0.352044408689942; 61905.0032320687; 56104.62; 5989.53
562; 0.348061504305956; 62451.0371522659; 56631.31; 6073.02
563; 0.346364363450652; 63009.9710714355; 57204.86; 6082.5
564; 0.3423352620143; 63892.2873403535; 57987.46; 6254.7
565; 0.340192697385061; 64479.9640065419; 58485.75; 6384.67
566; 0.344765987746248; 65072.5967394128; 58942.33; 6438.22
567; 0.346830770071143; 65805.0781474733; 59535.65; 6540.69
568; 0.348688958074635; 66166.3500757673; 59838.9; 6561.54
569; 0.348533766902905; 66371.8998406113; 60017.6; 6587.61
570; 0.351690869111837; 66550.3472268367; 60102.89; 6619.45
571; 0.349008012779157; 66518.8249962838; 60105.7; 6629.71
572; 0.348920139644278; 66432.8173335772; 60092.66; 6550.7
573; 0.347762952274341; 66176.8045705301; 59886.75; 6515.35
574; 0.343738234979855; 65890.4082009457; 59702.95; 6478.76
575; 0.340466789240336; 65521.4711895261; 59376.57; 6490.82
576; 0.339670555106694; 65379.1452979162; 59212.73; 6523.75
577; 0.33651544137353; 65162.3703426099; 59049.47; 6522.7
578; 0.338563453646465; 64939.4977825825; 58832.77; 6471.66
579; 0.339941801859319; 64819.185534565; 58681.73; 6472.98
580; 0.340519100398589; 64716.7430092483; 58531.76; 6507.14
581; 0.34354841884498; 64549.4581944276; 58358.47; 6451.5
582; 0.343789100780361; 64407.6203365587; 58223.81; 6434.99
583; 0.342648591021172; 64277.3969470124; 58116.48; 6428.16
584; 0.341866077697968; 64079.4303472252; 58041.66; 6309.99
585; 0.344656818041244; 64075.2328894934; 58001.66; 6291.92
586; 0.344092375046764; 63993.6710573071; 57916.29; 6302.09
587; 0.347473239242429; 63887.0207946874; 57822.8; 6223.37
588; 0.348585144988333; 63797.6827134249; 57756.09; 6176.51
589; 0.348844890895455; 63787.417529902; 57699.13; 6215.89
590; 0.348482196194856; 63803.2132855135; 57738.52; 6194.36
591; 0.349082907400538; 63786.7411668471; 57724.43; 6177.39
592; 0.346947480228213; 63807.4964035425; 57741.06; 6215.73
593; 0.346407696281649; 63866.4375920208; 57802.18; 6219.26
594; 0.343902627798814; 63898.6774149964; 57908.29; 6184.35
595; 0.338862799972138; 64089.0694412534; 58111.59; 6258.85
596; 0.33663599169163; 64293.615292299; 58326.91; 6284.92
597; 0.333733677815887; 64521.6416530176; 58603.15; 6284.37
598; 0.331592362201212; 65008.3388359271; 59099.6; 6310.53
599; 0.332254645678707; 65480.5618192985; 59527.8; 6340.85
600; 0.331940874870568; 66024.7300163331; 59960.28; 6461.82
601; 0.330172540329761; 66885.8355136492; 60697.15; 6625.3
602; 0.326241942578948; 67551.469785777; 61279.87; 6790.82
603; 0.322958656969984; 68202.9464011724; 61857.51; 6936.2
604; 0.326754984405642; 69190.4027265205; 62656.02; 7055.25
605; 0.325687971487087; 69767.6729700466; 63164.06; 7148.99
606; 0.3232210235403; 70323.9812532082; 63665.24; 7259.25
607; 0.323929594669582; 71080.0108189019; 64229.46; 7447.46
608; 0.321455220906368; 71408.4744967701; 64605.07; 7448.57
609; 0.31873837797078; 71830.8175303227; 65012.16; 7524.28
610; 0.318447650259424; 71937.2099940902; 65131.3; 7512.45
611; 0.319663144402855; 72030.6494721316; 65239.15; 7463.65
612; 0.319283120388285; 72065.5217123618; 65282.26; 7458.87
613; 0.31991303552078; 72038.6545859906; 65221.73; 7476.51
614; 0.319531552197686; 71864.3502697124; 65048.2; 7480.17
615; 0.319099890247755; 71468.7035924054; 64730.84; 7399.89
616; 0.319501635195194; 71179.5954520591; 64404.11; 7427.25
617; 0.323944329121479; 70564.2075302033; 63844.38; 7261.12
618; 0.32463315563396; 70169.5807835274; 63501.23; 7185.95
619; 0.320136136276627; 69654.1014921636; 63069.45; 7191.57
620; 0.316911804001189; 68949.7167747152; 62453.03; 7163.84
621; 0.316452185589511; 68442.41931735; 62036.47; 7070.44
622; 0.317294271336721; 68020.0561638656; 61653.69; 7004.53
623; 0.316018609158656; 67373.2336146798; 61131.32; 6892
624; 0.315896275461578; 66948.0237846869; 60832.15; 6752.19
625; 0.313990696069244; 66382.6466108778; 60360.05; 6686.33
626; 0.316397193360255; 66052.2697802431; 60030.06; 6631.84
627; 0.322435684634385; 65797.951622196; 59716.95; 6568.18
628; 0.322420816623985; 65260.3163764896; 59254.98; 6483.61
629; 0.324950028498296; 64991.3875102673; 58966.16; 6451.51
630; 0.325520113127676; 64715.9785491985; 58767.56; 6355.21
631; 0.327012545741842; 64318.4799358091; 58338.17; 6357.4
632; 0.327775006375035; 64116.1498904543; 58079.03; 6400.12
633; 0.33094541148206; 63785.5865844849; 57719.35; 6366.65
634; 0.331388757948291; 63549.9184725132; 57485.65; 6353.16
635; 0.330565485010806; 63298.3588761994; 57286.55; 6310.45
636; 0.332014440930422; 63063.1227828726; 57071.09; 6258.83
637; 0.327781626323977; 62836.82001291; 56913.78; 6262.88
638; 0.326216400434411; 62641.5176733616; 56743.68; 6262.37
639; 0.324709681713135; 62351.3667724007; 56591.41; 6140.81
640; 0.323938972817259; 62098.7323604355; 56432.61; 6051.48
641; 0.319120613029082; 61772.4303125016; 56168.28; 6072.51
642; 0.318548198551129; 61577.0921491592; 55997.94; 6053.14
643; 0.318390848228309; 61435.4230655106; 55836.36; 6074.76
644; 0.318221229097701; 61145.2926317276; 55534.33; 6087.92
645; 0.320574142046595; 60961.9159908112; 55329.21; 6064.02
646; 0.321251474676866; 60690.2124031133; 55001.21; 6108.88
647; 0.325835646614421; 60566.2773859249; 54781.74; 6121.59
648; 0.326162431686073; 60419.8735813413; 54626.46; 6122.35
649; 0.331385464565624; 60275.4764605622; 54474.03; 6031.58
650; 0.328048658467096; 60139.7559934453; 54352.64; 6075.23
651; 0.329134410818731; 59980.8974824561; 54273.44; 5969.06
652; 0.331197647505725; 59872.0091794989; 54154.75; 5939.12
653; 0.329792953632755; 59762.5609318865; 54101.11; 5903.27
654; 0.325123886360433; 59560.6954347308; 53983.43; 5896.25
655; 0.322526659387806; 59420.2176019528; 53908.28; 5871.71
656; 0.320702136119324; 59263.5786450893; 53764.47; 5888.96
657; 0.313739883043573; 59107.2808989991; 53686.17; 5932.18
658; 0.311432973342967; 58998.1520161393; 53624.63; 5921.58
659; 0.306083258331994; 58834.7828911623; 53514.8; 5962.6
660; 0.302488614735145; 58737.9065441082; 53424.69; 6023.31
661; 0.302396620458947; 58598.2425765819; 53212.89; 6103.54
662; 0.305466245416619; 58537.1245674401; 53140.75; 6051.37
663; 0.302211552938849; 58428.4862954387; 53072.34; 6067.73
664; 0.300664628440385; 58315.0142435243; 52928.49; 6130.11
665; 0.30358858818383; 58215.1925360362; 52798.77; 6102.43
666; 0.310486871567735; 58071.5981541061; 52572.34; 6055.78
667; 0.312252824418155; 57931.4853015705; 52458.72; 5990.58
668; 0.313274456246808; 57778.4132507524; 52331.11; 5941.51
669; 0.313890294458513; 57593.4418997903; 52188.17; 5881.84
670; 0.315865417200588; 57491.1729063298; 52092.02; 5836.2
671; 0.319213143376718; 57264.186014972; 51873.43; 5762.77
672; 0.322375295412705; 57131.6590372618; 51741.85; 5702.03
673; 0.322062919167745; 57009.1948339807; 51626.61; 5696.53
674; 0.318761684625513; 56758.1974759953; 51441.45; 5681.92
675; 0.319098519114671; 56603.0059387625; 51261.25; 5700.08
676; 0.322479985582589; 56344.7111873274; 50975.02; 5667.28
677; 0.324587739546992; 56140.9186833476; 50757.05; 5643.5
678; 0.322873194342752; 55781.3981102566; 50373.64; 5696.61
679; 0.326513079285881; 55602.3459925433; 50127.55; 5700.9
680; 0.323949194061857; 55300.2711085201; 49878.14; 5688.88
681; 0.325972873770511; 54853.002522025; 49448.09; 5633.59
682; 0.329897603160164; 54576.8323328766; 49140.95; 5596.29
683; 0.330532749390092; 54137.435747104; 48755.69; 5527.76
684; 0.330539471458612; 53836.4150987098; 48485.75; 5493.75
685; 0.33238590203248; 53410.7338513948; 48105.92; 5414.31
686; 0.334201918557823; 53124.7029243351; 47813.32; 5389.62
687; 0.331762379147816; 52848.6697565142; 47574.65; 5388.96
688; 0.332068650437221; 52486.4814505786; 47181.46; 5413.69
689; 0.333610603324103; 52281.8575065755; 46947.26; 5416.76
690; 0.333263289852314; 51913.0888308518; 46643.84; 5353.89
691; 0.330514776899217; 51626.1087381341; 46440.68; 5310.46
692; 0.326611824190533; 51348.527071793; 46167.09; 5367.68
693; 0.32157422030671; 50899.5301525378; 45807.26; 5355.85
694; 0.314935995255455; 50571.0097830995; 45568.08; 5370.69
695; 0.305468283121062; 50043.4019183534; 45234.58; 5320.07
696; 0.304236617382673; 49758.1409119457; 45027.38; 5252.68
697; 0.297706430054005; 49277.7977492055; 44738.64; 5148.16
698; 0.295794544809388; 48986.4609257654; 44490.56; 5129.89
699; 0.293960503797118; 48570.0432002968; 44132.32; 5093.1
700; 0.292027166720598; 48321.1864530125; 43955.2; 5041.96
701; 0.292545539776759; 48059.2360717296; 43766.09; 4947.56
702; 0.297487587036531; 47732.8859182624; 43453.72; 4847.91
703; 0.300096738918945; 47480.2971516229; 43223.74; 4778.92
704; 0.297340710441773; 47131.6975148256; 42889.4; 4805.6
705; 0.298759281901263; 46894.5958664106; 42611.68; 4826.67
706; 0.299757487555379; 46577.1808736663; 42298.65; 4803.92
707; 0.30052406841379; 46362.1062846003; 42080.75; 4792.79
708; 0.304999393414782; 46162.8678669403; 41840.5; 4765.67
709; 0.303454178606376; 45841.546974126; 41507.26; 4801.39
710; 0.302632315862698; 45637.1693567213; 41300.17; 4815.68
711; 0.299260193065446; 45265.0754185465; 41009.04; 4778.01
712; 0.301673107105378; 45036.0798213269; 40798.52; 4718.21
713; 0.299121179167322; 44676.8037191688; 40548.3; 4635.01
714; 0.298589255700896; 44383.8413933203; 40308.07; 4583.12
715; 0.299746731321475; 43997.9932873578; 40002.06; 4474.49
716; 0.298561251072361; 43668.1324013806; 39761.92; 4390.05
717; 0.29907808878368; 43303.7970884879; 39441.94; 4330.98
718; 0.305639312665956; 42814.2023015221; 39027.91; 4153.43
719; 0.307498908111963; 42456.7461008258; 38694.46; 4100.38
720; 0.312400832161579; 41896.3673242921; 38178.67; 3986.62
721; 0.315178133840103; 41526.6269297807; 37828.4; 3929.35
722; 0.318423856855469; 40984.0124049629; 37306.48; 3866.11
723; 0.311297352491573; 40539.146224745; 36943.33; 3865.32
724; 0.310661956364783; 40064.8195172014; 36516.58; 3820.57
725; 0.307736541283464; 39803.1605149086; 36268.77; 3840.42
726; 0.31167662230314; 39525.6116538453; 35977.9; 3804.76
727; 0.311548750575485; 39397.0525708277; 35837.05; 3818.1
728; 0.308965490183537; 39254.9196672502; 35741.01; 3798.89
729; 0.306810976124563; 39119.2330350679; 35655.66; 3769.72
730; 0.303504682022031; 39045.850184404; 35621.76; 3766.3
731; 0.307397210142738; 39101.5611200283; 35669.57; 3726.84
732; 0.307930628218032; 39132.4796501868; 35675.81; 3746.67
733; 0.30723694688934; 39161.1598932989; 35710.78; 3747.83
734; 0.301800849150324; 39131.308791642; 35712.43; 3780.15
735; 0.302715714831533; 39136.3878611919; 35676.29; 3813.22
736; 0.304467310134626; 39118.9599636378; 35605.72; 3848.44
737; 0.302039412480062; 39038.0336702547; 35524.42; 3878.47
738; 0.301759577372098; 38968.5634001207; 35471.76; 3862.18
739; 0.302951954858334; 38937.4851517701; 35385.77; 3905.94
740; 0.296824275549446; 38790.7471469892; 35330.87; 3882.05
741; 0.296967135647212; 38744.4572260097; 35331.81; 3825.91
742; 0.299734744195953; 38744.6887643944; 35297.16; 3828.14
743; 0.304172165809041; 38802.5790500449; 35341.68; 3785.63
744; 0.306914377799795; 39000.1063464917; 35487.6; 3806.45
745; 0.305378231062601; 39147.8149936315; 35624.93; 3835.47
746; 0.305541830606126; 39398.6567261511; 35849.29; 3860.79
747; 0.309395144958849; 39580.368451615; 35981.99; 3863.91
748; 0.31698056287867; 39849.8747966681; 36142.13; 3884.74
749; 0.314724081059879; 39915.2933287291; 36208.89; 3910.08
750; 0.305296191034714; 39823.9438516814; 36238.82; 3897.96
751; 0.303442854075772; 39712.9237079044; 36152.15; 3895.01
752; 0.305040987861542; 39471.256933645; 35949.73; 3831.66
753; 0.305606268717651; 39184.7533675928; 35751.94; 3728.11
754; 0.311483032242764; 38678.2300039986; 35256.44; 3645.8
755; 0.30966965365361; 38256.4496974591; 34856.42; 3642.92
756; 0.310940982199541; 37624.6440192164; 34228.38; 3622.99
757; 0.313081267740434; 37217.9025248227; 33843.34; 3573.78
758; 0.320841632663087; 36645.0151644356; 33266.37; 3490.14
759; 0.325215526967518; 36239.0292716883; 32888.78; 3412.66
760; 0.323560366525026; 35839.3266986163; 32507.23; 3409.93
761; 0.31941304314094; 35257.1820510816; 31922.24; 3455.53
762; 0.319619875423317; 34924.1134636148; 31584.61; 3456.39
763; 0.323291694656198; 34434.8498892334; 31156.01; 3353.69
764; 0.323091732202748; 34098.1796319339; 30882.61; 3289.77
765; 0.321617839077083; 33604.6257142678; 30420.83; 3271.88
766; 0.321736662852427; 33315.1550992698; 30148.7; 3252.55
767; 0.319160856170618; 32868.3421538698; 29734.52; 3245.11
768; 0.320063388582725; 32572.2154154525; 29444.62; 3229.63
769; 0.322428439821291; 32179.5991725149; 29082.91; 3174.06
770; 0.317594426471753; 31910.1702963804; 28833.71; 3201.12
771; 0.316250377054124; 31538.7997126223; 28482.36; 3192.5
772; 0.314215186766539; 31310.3975378924; 28273.48; 3191.35
773; 0.315053207398064; 30937.0590257836; 27921.8; 3158.77
774; 0.313853660209229; 30681.3428085066; 27693.46; 3140.57
775; 0.312880554052467; 30351.9044778032; 27388.59; 3123.35
776; 0.31198919332716; 30094.3396300123; 27168.16; 3091.85
777; 0.311945155961078; 29731.9182210592; 26881.2; 3011.78
778; 0.310752506028206; 29497.918984225; 26683.71; 2983.77
779; 0.308677197550694; 29135.1633156874; 26434.43; 2882.07
780; 0.311936916457635; 28927.14027461; 26255.79; 2820.21
781; 0.309728310570343; 28610.0446984512; 25941.15; 2837.08
782; 0.313089314829814; 28389.7147108288; 25751.65; 2773.5
783; 0.314307777738901; 28014.6988182342; 25422.12; 2714.51
784; 0.308301490516941; 27791.0569276947; 25250.15; 2711.55
785; 0.31419857913293; 27500.024474701; 24936.62; 2683.45
786; 0.316917126557168; 27319.496674355; 24719.46; 2697.68
787; 0.320492093800757; 27030.5427632216; 24424.62; 2672.78
788; 0.317709017822094; 26825.1910297115; 24259.38; 2653.85
789; 0.321246542093731; 26554.3550075772; 23969.59; 2643.26
790; 0.319765204485169; 26388.7237014876; 23818.57; 2639.74
791; 0.323361283797818; 26161.4404363522; 23601.58; 2599.27
792; 0.324241833167521; 25984.6191758182; 23454.93; 2561.09
793; 0.318545323740952; 25671.9722885702; 23194.28; 2552.82
794; 0.324270019333799; 25509.718545727; 23067.19; 2471.77
795; 0.332762060752821; 25280.6260697246; 22798.31; 2447.77
796; 0.32462293676659; 25014.6325638066; 22574.89; 2465.95
797; 0.327612587273474; 24799.9996881255; 22389.59; 2413.99
798; 0.330034333035566; 24558.0609190276; 22208.86; 2335.35
799; 0.330488532335247; 24410.8019982224; 22036.92; 2356.34
800; 0.331824733523946; 24205.8339169916; 21843.9; 2334.74
801; 0.333899177169694; 24052.2664571361; 21702.95; 2307.03
802; 0.324266732825242; 23810.2691736781; 21500.64; 2334.61
803; 0.324714134702882; 23657.5255442375; 21393.65; 2284.26
804; 0.333263648186824; 23495.5460335971; 21220.84; 2235.45
805; 0.329158823973459; 23352.813927063; 21080.53; 2260.34
806; 0.329402909451322; 23124.632766706; 20884.88; 2225.76
807; 0.326337759917807; 22948.1494053043; 20764.5; 2190.04
808; 0.327444515381401; 22738.5672742779; 20604.27; 2132.9
809; 0.324378047572569; 22586.011128585; 20492.96; 2111.05
810; 0.324092857200351; 22365.0032037948; 20296.51; 2087.65
811; 0.322513248028008; 22215.8325211603; 20143.72; 2100.94
812; 0.321476051705419; 21984.0619059868; 19971.4; 2046.59
813; 0.324442502517478; 21878.0483766417; 19891.31; 2001.18
814; 0.318419821015712; 21689.45993923; 19687.25; 2054.25
815; 0.322058343100503; 21586.0551090209; 19544.76; 2070.29
816; 0.327699194041351; 21416.1803495372; 19357.6; 2051.42
817; 0.329306075284552; 21239.400114187; 19185.46; 2036.48
818; 0.325626438286002; 21124.5593917578; 19062.77; 2067.03
819; 0.323902369495068; 20904.7980248034; 18892.41; 2027.85
820; 0.331932025982557; 20805.1125254282; 18771.83; 1998.89
821; 0.339549494236654; 20640.7483874053; 18597.61; 1962.95
822; 0.345984901632971; 20526.6448901088; 18527.12; 1884.77
823; 0.347115899265011; 20365.3817598837; 18367.8; 1876.32
824; 0.344785366741674; 20209.7546601938; 18277.58; 1826.68
825; 0.339705877984199; 20027.6860205211; 18105.75; 1844.11
826; 0.344515445348373; 19935.0625268551; 18028.67; 1803.66
827; 0.343527329792404; 19763.9022803237; 17847.08; 1818.92
828; 0.33932644953874; 19640.2810423036; 17749.83; 1816.28
829; 0.335646070946506; 19486.5804831374; 17576.76; 1854.83
830; 0.33081016261196; 19276.7095233117; 17411.07; 1838.29
831; 0.32407939275792; 19126.2665471902; 17313; 1822.91
832; 0.331860199938262; 18992.1718670994; 17152.56; 1805.16
833; 0.337183924686974; 18877.8268555542; 17044.19; 1770.03
834; 0.340418707440015; 18703.4818844948; 16936.18; 1689.02
835; 0.338124206762263; 18587.6325546008; 16885.97; 1636.9
836; 0.338279009182873; 18416.470546498; 16779.2; 1573.83
837; 0.339696640098489; 18322.1391819156; 16704.96; 1548.23
838; 0.345549956507627; 18159.8179363265; 16529.7; 1534.38
839; 0.34433659028979; 18014.3851598038; 16380.98; 1543.99
840; 0.341719174888686; 17931.5298131851; 16311.16; 1543.4
841; 0.337911439228414; 17815.3497661317; 16168.16; 1588.42
842; 0.337490877187476; 17725.6294576467; 16067.2; 1600.89
843; 0.336370385569594; 17571.2830437636; 15900.51; 1617.76
844; 0.340365361431431; 17480.1830277757; 15808.94; 1598.86
845; 0.337218561835154; 17324.8265851859; 15714.32; 1554.73
846; 0.345117133644623; 17253.4668605781; 15632; 1529.14
847; 0.347194369249808; 17123.2855292661; 15492.48; 1528.35
848; 0.356202244805768; 16979.7673670018; 15380.5; 1460.56
849; 0.35636652474801; 16867.8003903906; 15259.93; 1467.36
850; 0.36472247908235; 16709.1911183053; 15115.22; 1420.98
851; 0.360664379853037; 16596.9098842044; 15008.7; 1431.45
852; 0.364375478938417; 16449.6508136188; 14828.47; 1445.91
853; 0.358536652236074; 16325.9662305407; 14714.18; 1460.61
854; 0.357656501430283; 16130.5464580546; 14563.48; 1423.21
855; 0.352838448985776; 15945.2703024979; 14363.63; 1455.73
856; 0.359592643883135; 15853.3718270963; 14228.15; 1467.46
857; 0.369275420728663; 15705.5198655608; 14073.56; 1434.58
858; 0.3705838046972; 15592.847925136; 13971.8; 1419.68
859; 0.366910747698687; 15411.6404665604; 13840.97; 1389.06
860; 0.373022371955343; 15315.5408136587; 13723.07; 1384.95
861; 0.374619372286059; 15163.0798686576; 13585.32; 1366.04
862; 0.36862139776926; 14985.3180712681; 13409.1; 1386.64
863; 0.358168581545799; 14832.7231170376; 13319.24; 1370.04
864; 0.342165049154865; 14593.5495829302; 13146.57; 1370.79
865; 0.33795023385705; 14447.7159081004; 13034.1; 1355.62
866; 0.335741873423606; 14263.2380945816; 12836.96; 1376.49
867; 0.324423247987125; 14030.7447528456; 12655.48; 1373.25
868; 0.327702447623354; 13890.3303193516; 12498.93; 1375.19
869; 0.314475595127653; 13623.2032465354; 12279.35; 1383.79
870; 0.320563237354398; 13478.941508316; 12144.49; 1347.75
871; 0.326508964795839; 13236.0298096633; 11906.97; 1317.56
872; 0.32043746834133; 13032.3791020582; 11766.82; 1278.13
873; 0.323211676962219; 12744.4884562535; 11498.1; 1247.72
874; 0.328653895106723; 12472.0528728466; 11264.27; 1188.78
875; 0.333154862386672; 12299.653326312; 11092.56; 1171.82
876; 0.332630513562267; 12048.0315737704; 10854.74; 1160.02
877; 0.331350801504109; 11876.3583519816; 10731.66; 1116.86
878; 0.325120668583787; 11651.9491284986; 10529.15; 1116.23
879; 0.318281036735497; 11479.9235338133; 10353.69; 1143.48
880; 0.323242324233657; 11389.7848152495; 10265.02; 1124.24
881; 0.315442716289563; 11250.4112425813; 10124.4; 1153.05
882; 0.308158550210378; 11162.8265341998; 10051.99; 1164.17
883; 0.305959507257363; 11054.7596513968; 9956.93; 1158.58
884; 0.317037595250974; 10981.7556763712; 9877.48; 1124.44
885; 0.317575418046366; 10915.783834819; 9840.71; 1092.6
886; 0.320237337383963; 10818.1173137664; 9764.99; 1061.19
887; 0.3219731749606; 10754.0004064138; 9705.08; 1051.08
888; 0.327616423392937; 10683.0506537596; 9640.69; 1026.38
889; 0.326048919947299; 10605.8213398313; 9599.18; 995.81
890; 0.325873600846785; 10583.9828299561; 9591.44; 982.23
891; 0.321649405284612; 10540.1579444431; 9539.87; 1002.73
892; 0.315870292782184; 10542.8079620455; 9523.5; 1040.32
893; 0.319712334617662; 10606.5841350674; 9542.15; 1073.18
894; 0.319950234267281; 10707.5311680181; 9647.56; 1067.71
895; 0.31317777042421; 10785.9879640791; 9721.4; 1095.37
896; 0.316427994514106; 10953.5088210919; 9855.43; 1118.04
897; 0.322587385700005; 11069.7909867746; 9950.07; 1118.16
898; 0.323578399137728; 11243.0091235566; 10151.45; 1086.52
899; 0.32362743629505; 11454.5950898812; 10340.25; 1108.85
900; 0.320181452108075; 11576.2200535038; 10437.71; 1144.9
