# 05/03/2019 16:54:03
# NanoCalc data
# Original file name: C:\SVA_DATA\StudentProjects\2018_Nathan\Ambient_investigation\ambientinvest_1038.dat
# Fit Result : Fitness; Thickness 1; Thickness 2; Thickness 3 
# Fit Result : 0; 2; -1; -1
# comment:topsil blank wafer - Swelling starting 14:03
#
# WaveLength; Reflectance; Raw Intensity; Dark Intensity; Reference Intensity
450; 0.443799008442724; 11317.7028895133; 9974.11; 1268.18
451; 0.454434979240952; 11543.7256156955; 10150.55; 1281.62
452; 0.44131405953672; 11733.2398763892; 10349.46; 1308.15
453; 0.435925470927562; 12078.7344376598; 10705.82; 1311.33
454; 0.441799661333323; 12337.5103711133; 10938.89; 1315.51
455; 0.446315069818426; 12573.0705784288; 11145.32; 1326.73
456; 0.435224206835352; 12797.2828968649; 11393.78; 1334.84
457; 0.438610645041778; 13177.8468902459; 11743.21; 1351.36
458; 0.44072728020255; 13479.3473434292; 12004.4; 1380.01
459; 0.436967771108184; 13722.0717095089; 12218.31; 1416.43
460; 0.430928069550371; 13985.8245214205; 12467.56; 1447.42
461; 0.434858881846883; 14379.133709263; 12788.29; 1500.11
462; 0.430815453972006; 14595.7546143946; 12988.62; 1526.84
463; 0.420488469017905; 14807.3465517409; 13191.99; 1569.49
464; 0.429824268049625; 15224.416045171; 13534.43; 1603.41
465; 0.432762288579332; 15520.6914322472; 13775.24; 1641.95
466; 0.433240413924444; 15796.1952461998; 14013.09; 1672.58
467; 0.42796076935107; 16066.4879892825; 14271.38; 1701.75
468; 0.425440976413736; 16619.0908041515; 14763.44; 1766.58
469; 0.422886996758589; 16968.3071426748; 15068.75; 1816.3
470; 0.415160181338673; 17331.2815653451; 15397.56; 1880.3
471; 0.414581784151181; 17814.6324105485; 15786.55; 1971.57
472; 0.410238842037337; 18519.7264815074; 16412.26; 2067.07
473; 0.411755163935668; 19021.661238927; 16841; 2127.56
474; 0.410105034262572; 19547.7616301165; 17340.05; 2159.13
475; 0.413861703892901; 20505.0140549501; 18167.36; 2261.84
476; 0.421269412616053; 21129.5971653231; 18725.06; 2281.93
477; 0.417341744730112; 21780.5056072479; 19328.34; 2345.3
478; 0.414022956101686; 22556.5197236087; 20020.15; 2441.33
479; 0.407223108762002; 23674.8492679011; 21051.57; 2563.15
480; 0.411190243718076; 24487.1545490824; 21763.4; 2631.53
481; 0.406394675570904; 25230.3895958576; 22481.95; 2682.68
482; 0.408867590375156; 26435.1982377998; 23566.69; 2778.75
483; 0.407645663426715; 27213.6940390898; 24283.29; 2843.04
484; 0.403046328586318; 27970.3102328108; 24967.5; 2942.13
485; 0.40891931111657; 28766.6866492348; 25677.83; 2978.5
486; 0.415169366254793; 29830.2537055442; 26580.03; 3082.21
487; 0.417290008489524; 30497.365478035; 27178.25; 3126.82
488; 0.413547626717124; 31105.8859841067; 27754.35; 3181.11
489; 0.413986509353366; 31732.3707965007; 28305.67; 3244.36
490; 0.410339374555443; 32602.4657096658; 29080.08; 3359.77
491; 0.416381483805452; 33185.7590737814; 29541.63; 3420.99
492; 0.408330796744706; 33665.8521726244; 29981.87; 3521.98
493; 0.410410562526723; 34363.3806915176; 30574.72; 3599.14
494; 0.411736032728906; 34805.1151797458; 30974.31; 3622.94
495; 0.406967709764607; 35215.2081569574; 31348.54; 3695.08
496; 0.411020071705871; 35843.5582798267; 31888.68; 3737.51
497; 0.413065066973968; 36232.8102438086; 32203.41; 3784.41
498; 0.410540826595017; 36579.0909345345; 32522.6; 3828.54
499; 0.409871128316086; 36962.6166689505; 32888.61; 3846.49
500; 0.407858284549717; 37454.1905893337; 33404; 3838.1
501; 0.407317595552905; 37787.9170077267; 33757.12; 3819.85
502; 0.397813207015285; 38143.1574107342; 34104.08; 3913.98
503; 0.393124265128475; 38639.7023304467; 34594.64; 3961.47
504; 0.387036793681001; 39026.926348392; 34973.85; 4026.59
505; 0.385967863779115; 39435.5370519281; 35353.22; 4062.03
506; 0.389050943222585; 39894.8586643; 35768.07; 4068.88
507; 0.383755445964581; 40532.9321967239; 36370.57; 4155.8
508; 0.383939355325579; 40980.0750501516; 36741.22; 4225.27
509; 0.383550445098931; 41416.3762724077; 37140.99; 4261.28
510; 0.389028447729022; 42137.7696740652; 37783.05; 4274.38
511; 0.389788323117725; 42632.5921287083; 38240.47; 4297.8
512; 0.39231844195531; 43126.1082284348; 38680.47; 4317.19
513; 0.389703686091251; 43798.1947448764; 39294.3; 4398.19
514; 0.385076309932454; 44234.9848350938; 39685.29; 4491.16
515; 0.387579785935998; 44698.4805320401; 40091.53; 4513.23
516; 0.389531232803727; 45127.1773673848; 40463.87; 4540.33
517; 0.385364725368871; 45816.2094960016; 41103.87; 4632.33
518; 0.380288798568758; 46258.1703496792; 41495.43; 4739
519; 0.376740226736243; 46711.2584224971; 41923.66; 4803.15
520; 0.374159403346247; 47415.1348620343; 42544.3; 4914.89
521; 0.372797815191947; 47841.3993404704; 42937.46; 4961.07
522; 0.37310957655226; 48300.0753872524; 43342.89; 5005.39
523; 0.369997576915255; 49013.1300344354; 43960.31; 5139.48
524; 0.36467533685603; 49462.8701658538; 44373.07; 5247.14
525; 0.365474875247381; 49944.6820526227; 44755.89; 5332.01
526; 0.368478808614796; 50564.7939045684; 45261.17; 5400.02
527; 0.367818815125412; 50956.7367504926; 45576.28; 5482.69
528; 0.368365689641908; 51319.7215879042; 45905.48; 5503.37
529; 0.366455537830414; 51599.3438419458; 46153; 5559.37
530; 0.37283328517251; 52081.2995122662; 46536.92; 5557.27
531; 0.376399751215652; 52349.7928620001; 46723.03; 5581.29
532; 0.376342347795615; 52552.8910460425; 46892.47; 5610.38
533; 0.378652423343455; 52843.7940174807; 47110.61; 5642.64
534; 0.378385329007358; 53000.1646171524; 47313.66; 5595.49
535; 0.378700778384265; 53204.0326239691; 47486.22; 5615.72
536; 0.380749598308671; 53497.1464183808; 47682.92; 5673.86
537; 0.380486247833164; 53688.5935556129; 47842.65; 5702.61
538; 0.377687751726907; 53849.252465055; 48015.96; 5726.24
539; 0.374330230534455; 54145.8478987287; 48297.33; 5786.85
540; 0.378918916536411; 54379.1203834398; 48516.67; 5724.61
541; 0.381172627282555; 54667.4548307279; 48768.87; 5721.07
542; 0.380533225415766; 55044.4563037348; 49102.8; 5767.71
543; 0.38023387783137; 55294.9753327175; 49344.77; 5776.02
544; 0.381366091365156; 55588.3271776974; 49587.23; 5803.56
545; 0.379383539767545; 56013.5608861338; 49996.55; 5844.6
546; 0.375918571135683; 56306.7102476115; 50263.6; 5919.23
547; 0.377710396869967; 56579.1859176555; 50515.8; 5905.79
548; 0.372570805409775; 57038.6482869971; 50973.44; 5984.01
549; 0.369295590756886; 57267.6753750066; 51230.63; 6003.82
550; 0.367671023919874; 57534.2704448946; 51502.98; 6019.5
551; 0.36714449289478; 57835.5505917626; 51737.46; 6089.73
552; 0.36475777240723; 58286.919205701; 52212.42; 6100.68
553; 0.361627577562736; 58545.5110021563; 52434.14; 6185.73
554; 0.368327961134294; 58901.4807846235; 52753.85; 6104.03
555; 0.369738596171209; 59388.2943624469; 53190.84; 6124.79
556; 0.370915738637247; 59722.7239857679; 53534; 6091.38
557; 0.373443037596322; 60091.9680421219; 53871.51; 6075.97
558; 0.377475173398406; 60719.8737483985; 54434.92; 6068.18
559; 0.377118922821748; 61140.7667451172; 54926.61; 6000.33
560; 0.375684252076944; 61552.6716574136; 55331.79; 6024.57
561; 0.378234705235342; 62336.5219642939; 56104.62; 5989.53
562; 0.373447231775005; 62875.496638891; 56631.31; 6073.02
563; 0.371089984686712; 63424.3756486143; 57204.86; 6082.5
564; 0.366294886288529; 64305.5589491461; 57987.46; 6254.7
565; 0.36403599032755; 64900.0841373282; 58485.75; 6384.67
566; 0.365906716188481; 65448.4989717171; 58942.33; 6438.22
567; 0.366409137711601; 66158.9832209519; 59535.65; 6540.69
568; 0.369011246545864; 66535.1264959817; 59838.9; 6561.54
569; 0.370004285863446; 66763.3400055662; 60017.6; 6587.61
570; 0.373506811743857; 66950.2932286714; 60102.89; 6619.45
571; 0.373506859589823; 66968.9985198385; 60105.7; 6629.71
572; 0.373737416953492; 66883.7670634834; 60092.66; 6550.7
573; 0.370283430350879; 66584.1367349526; 59886.75; 6515.35
574; 0.366651614981711; 66302.8603711623; 59702.95; 6478.76
575; 0.365831759568308; 65979.2698391049; 59376.57; 6490.82
576; 0.361135274336197; 65768.8180883078; 59212.73; 6523.75
577; 0.358763603842316; 65566.5146499938; 59049.47; 6522.7
578; 0.357406009882932; 65279.3642401839; 58832.77; 6471.66
579; 0.357185361024252; 65130.5081699501; 58681.73; 6472.98
580; 0.355247481775263; 64984.2604215222; 58531.76; 6507.14
581; 0.357228300444678; 64795.9794439494; 58358.47; 6451.5
582; 0.361125730392561; 64719.4581148759; 58223.81; 6434.99
583; 0.361762259105154; 64621.0660141089; 58116.48; 6428.16
584; 0.362769613326637; 64448.6121871457; 58041.66; 6309.99
585; 0.364232480691235; 64420.1969457409; 58001.66; 6291.92
586; 0.365652100533025; 64374.4602777981; 57916.29; 6302.09
587; 0.370759151290358; 64293.4144276825; 57822.8; 6223.37
588; 0.372630875573211; 64214.4374511962; 57756.09; 6176.51
589; 0.371068239368309; 64175.2751104807; 57699.13; 6215.89
590; 0.366372186706962; 64114.5557486906; 57738.52; 6194.36
591; 0.366152777905492; 64083.1832566343; 57724.43; 6177.39
592; 0.36441700369786; 64112.9540280195; 57741.06; 6215.73
593; 0.362239840419409; 64143.5971393287; 57802.18; 6219.26
594; 0.359849586093227; 64176.4550489905; 57908.29; 6184.35
595; 0.354900777168701; 64371.9765026943; 58111.59; 6258.85
596; 0.355354956322233; 64625.3996174584; 58326.91; 6284.92
597; 0.356791119635854; 64930.5463756231; 58603.15; 6284.37
598; 0.357054479306367; 65462.0555596339; 59099.6; 6310.53
599; 0.354511717186431; 65879.3253797295; 59527.8; 6340.85
600; 0.351653603980782; 66384.8750584917; 59960.28; 6461.82
601; 0.348777271987705; 67234.5587393356; 60697.15; 6625.3
602; 0.346241274097106; 67935.9323177048; 61279.87; 6790.82
603; 0.342450575921977; 68585.9202876973; 61857.51; 6936.2
604; 0.343073669123418; 69516.7406146275; 62656.02; 7055.25
605; 0.343048847003069; 70119.6801449055; 63164.06; 7148.99
606; 0.343572276866346; 70743.24151231; 63665.24; 7259.25
607; 0.344540961012301; 71515.9055778288; 64229.46; 7447.46
608; 0.345085049459682; 71908.5854652099; 64605.07; 7448.57
609; 0.345989954734316; 72413.8008858096; 65012.16; 7524.28
610; 0.347628916758756; 72560.8763114464; 65131.3; 7512.45
611; 0.351198742149744; 72700.6484982984; 65239.15; 7463.65
612; 0.351251960891377; 72744.7089224765; 65282.26; 7458.87
613; 0.350019872145232; 72680.1915413621; 65221.73; 7476.51
614; 0.350449826232453; 72523.8895247614; 65048.2; 7480.17
615; 0.349741405035021; 72115.7058422055; 64730.84; 7399.89
616; 0.348272770643199; 71789.7281969137; 64404.11; 7427.25
617; 0.353597606185888; 71179.3283693875; 63844.38; 7261.12
618; 0.35071435234027; 70705.319556581; 63501.23; 7185.95
619; 0.346740363029927; 70201.3048270524; 63069.45; 7191.57
620; 0.341322570304318; 69450.137082826; 62453.03; 7163.84
621; 0.341891413051862; 68957.3862198309; 62036.47; 7070.44
622; 0.340929005784891; 68494.2764296424; 61653.69; 7004.53
623; 0.338905185228634; 67825.2830403289; 61131.32; 6892
624; 0.338959845820742; 67394.5434061506; 60832.15; 6752.19
625; 0.335194443717076; 66789.3517149475; 60360.05; 6686.33
626; 0.336441157771497; 66433.7806186619; 60030.06; 6631.84
627; 0.342062212616259; 66168.0996987998; 59716.95; 6568.18
628; 0.34537658008198; 65687.8851755141; 59254.98; 6483.61
629; 0.345030760695891; 65363.7246989187; 58966.16; 6451.51
630; 0.344542791121531; 65063.5910194292; 58767.56; 6355.21
631; 0.34719276220133; 64687.5298409914; 58338.17; 6357.4
632; 0.348623707425216; 64500.1514322197; 58079.03; 6400.12
633; 0.352943747954349; 64188.816570084; 57719.35; 6366.65
634; 0.356986262191124; 64018.341538268; 57485.65; 6353.16
635; 0.354689250100099; 63737.0842473204; 57286.55; 6310.45
636; 0.353923119460608; 63458.5198011903; 57071.09; 6258.83
637; 0.349734828824812; 63233.5161251425; 56913.78; 6262.88
638; 0.348048329426796; 63036.2285864916; 56743.68; 6262.37
639; 0.344495557490259; 62702.3442627516; 56591.41; 6140.81
640; 0.346461091719427; 62492.6740970722; 56432.61; 6051.48
641; 0.342233576135222; 62178.3223612309; 56168.28; 6072.51
642; 0.338724669434311; 61930.4691307349; 55997.94; 6053.14
643; 0.337437296377274; 61770.3644275298; 55836.36; 6074.76
644; 0.341103879088983; 61548.7656947286; 55534.33; 6087.92
645; 0.348004541960775; 61443.8867977533; 55329.21; 6064.02
646; 0.350575921411618; 61209.5153825371; 55001.21; 6108.88
647; 0.353810615314741; 61062.915043586; 54781.74; 6121.59
648; 0.351457046868892; 60869.165568703; 54626.46; 6122.35
649; 0.35336769293288; 60660.3114475875; 54474.03; 6031.58
650; 0.349887242961023; 60525.0111022135; 54352.64; 6075.23
651; 0.349050531953308; 60326.2591670891; 54273.44; 5969.06
652; 0.348048511946017; 60162.895181043; 54154.75; 5939.12
653; 0.345025923841921; 60024.0604952826; 54101.11; 5903.27
654; 0.344189239048149; 59887.7477892548; 53983.43; 5896.25
655; 0.342009831529235; 59753.1824158864; 53908.28; 5871.71
656; 0.342654004691622; 59639.9893285432; 53764.47; 5888.96
657; 0.338763284920372; 59539.6602169499; 53686.17; 5932.18
658; 0.338298436118394; 59461.6936705374; 53624.63; 5921.58
659; 0.338832691749647; 59403.9954198926; 53514.8; 5962.6
660; 0.335413762034279; 59316.2371946689; 53424.69; 6023.31
661; 0.335333440313338; 59184.811260445; 53212.89; 6103.54
662; 0.335188555368553; 59062.1996613885; 53140.75; 6051.37
663; 0.333853139172313; 58989.2754619617; 53072.34; 6067.73
664; 0.330949670059537; 58857.5825919991; 52928.49; 6130.11
665; 0.331381927345438; 58711.0625207653; 52798.77; 6102.43
666; 0.335519065633911; 58514.9614970987; 52572.34; 6055.78
667; 0.336195218670266; 58351.1167484394; 52458.72; 5990.58
668; 0.338274484181764; 58213.1206797287; 52331.11; 5941.51
669; 0.336693643260788; 57986.1214527363; 52188.17; 5881.84
670; 0.338635097470035; 57880.379760605; 52092.02; 5836.2
671; 0.33992432596664; 57613.9489694129; 51873.43; 5762.77
672; 0.342751614542546; 57472.3317580159; 51741.85; 5702.03
673; 0.342193090325268; 57345.6270884542; 51626.61; 5696.53
674; 0.33901128522159; 57095.9482724425; 51441.45; 5681.92
675; 0.336911003543254; 56901.189536557; 51261.25; 5700.08
676; 0.336864568699013; 56584.2323131241; 50975.02; 5667.28
677; 0.33857126983178; 56372.8605641099; 50757.05; 5643.5
678; 0.340395716592471; 56074.8803920575; 50373.64; 5696.61
679; 0.340896764782648; 55843.5239076453; 50127.55; 5700.9
680; 0.338471982828077; 55543.3476964394; 49878.14; 5688.88
681; 0.339965831625946; 55085.0178804142; 49448.09; 5633.59
682; 0.343239526687368; 54796.6736584678; 49140.95; 5596.29
683; 0.347357982877782; 54411.3847852356; 48755.69; 5527.76
684; 0.345519432849976; 54078.905825288; 48485.75; 5493.75
685; 0.344060034117666; 53597.0507114356; 48105.92; 5414.31
686; 0.347658200830554; 53338.5600685335; 47813.32; 5389.62
687; 0.350225715743246; 53142.1810407821; 47574.65; 5388.96
688; 0.349280012274756; 52761.4446054009; 47181.46; 5413.69
689; 0.34975411002602; 52540.0001127797; 46947.26; 5416.76
690; 0.352174088413468; 52212.0887694679; 46643.84; 5353.89
691; 0.346944782996585; 51883.8782290606; 46440.68; 5310.46
692; 0.346259417812927; 51660.2205330414; 46167.09; 5367.68
693; 0.343526224949759; 51247.1498651054; 45807.26; 5355.85
694; 0.336008253553008; 50905.7540810591; 45568.08; 5370.69
695; 0.325567664468206; 50359.8156048414; 45234.58; 5320.07
696; 0.324963659901421; 50080.4383507336; 45027.38; 5252.68
697; 0.321993084168849; 49648.0986332263; 44738.64; 5148.16
698; 0.319189509861862; 49342.0504620952; 44490.56; 5129.89
699; 0.318565919921166; 48941.4945503122; 44132.32; 5093.1
700; 0.317336988160846; 48699.5839109518; 43955.2; 5041.96
701; 0.318062845587691; 48433.7060475389; 43766.09; 4947.56
702; 0.323803204267724; 48111.41899756; 43453.72; 4847.91
703; 0.327496659461671; 47868.9362556671; 43223.74; 4778.92
704; 0.328732109327769; 47579.5731295811; 42889.4; 4805.6
705; 0.328612949678624; 47322.5683350165; 42611.68; 4826.67
706; 0.331285450181366; 47027.1891873174; 42298.65; 4803.92
707; 0.330825202350221; 46793.7853540805; 42080.75; 4792.79
708; 0.332598451046844; 46553.9941525733; 41840.5; 4765.67
709; 0.331249238670287; 46238.5484829974; 41507.26; 4801.39
710; 0.3262519674207; 45975.6606818166; 41300.17; 4815.68
711; 0.320533040652773; 45567.6147969303; 41009.04; 4778.01
712; 0.321548076747991; 45315.2607321339; 40798.52; 4718.21
713; 0.316481454647125; 44916.4121684391; 40548.3; 4635.01
714; 0.315522253437096; 44614.9784033053; 40308.07; 4583.12
715; 0.317713304641651; 44237.5062524311; 40002.06; 4474.49
716; 0.319412557895738; 43940.9395155185; 39761.92; 4390.05
717; 0.32173441153357; 43596.34770952; 39441.94; 4330.98
718; 0.324201319739516; 43044.1504187011; 39027.91; 4153.43
719; 0.324826079651033; 42668.7461272595; 38694.46; 4100.38
720; 0.329358996641956; 42098.1763984785; 38178.67; 3986.62
721; 0.335714878670025; 41767.6003179237; 37828.4; 3929.35
722; 0.332544363942098; 41147.092592793; 37306.48; 3866.11
723; 0.329503335056965; 40749.444728642; 36943.33; 3865.32
724; 0.324985999285061; 40228.4222181261; 36516.58; 3820.57
725; 0.325123043721951; 40002.8465484545; 36268.77; 3840.42
726; 0.331332348047757; 39749.3462630492; 35977.9; 3804.76
727; 0.332374404256257; 39635.0229703423; 35837.05; 3818.1
728; 0.331127895403513; 39506.9759402849; 35741.01; 3798.89
729; 0.327534244279039; 39353.1769235329; 35655.66; 3769.72
730; 0.330697592660878; 39352.6361548329; 35621.76; 3766.3
731; 0.335388324371606; 39414.072920082; 35669.57; 3726.84
732; 0.334350591480345; 39429.0564658689; 35675.81; 3746.67
733; 0.333559791148327; 39456.774771279; 35710.78; 3747.83
734; 0.326938415114789; 39416.0736999959; 35712.43; 3780.15
735; 0.322977000784891; 39367.9781908555; 35676.29; 3813.22
736; 0.328212606224659; 39392.9562857225; 35605.72; 3848.44
737; 0.325422835869527; 39310.0521972541; 35524.42; 3878.47
738; 0.325734626233536; 39246.3873323612; 35471.76; 3862.18
739; 0.321236345968926; 39151.8457059997; 35385.77; 3905.94
740; 0.321848229500795; 39082.4342276477; 35330.87; 3882.05
741; 0.322059026686728; 39032.8048647635; 35331.81; 3825.91
742; 0.32717273663549; 39060.2786985086; 35297.16; 3828.14
743; 0.33246087582878; 39124.4506104288; 35341.68; 3785.63
744; 0.33001154284256; 39264.4437143931; 35487.6; 3806.45
745; 0.326992947266098; 39397.1653127094; 35624.93; 3835.47
746; 0.324562860995078; 39619.6170189716; 35849.29; 3860.79
747; 0.329933283837463; 39819.2345022989; 35981.99; 3863.91
748; 0.334942247597803; 40059.9739347728; 36142.13; 3884.74
749; 0.334144095427051; 40143.9965333014; 36208.89; 3910.08
750; 0.325411575470415; 40060.1608325804; 36238.82; 3897.96
751; 0.32523551428354; 39968.651369475; 36152.15; 3895.01
752; 0.323280443036693; 39681.821202744; 35949.73; 3831.66
753; 0.328739434383299; 39444.603535801; 35751.94; 3728.11
754; 0.331316228375647; 38896.1071441632; 35256.44; 3645.8
755; 0.330241746524544; 38482.3217707308; 34856.42; 3642.92
756; 0.32766155794166; 37807.2751068648; 34228.38; 3622.99
757; 0.330286969512392; 37403.3550650912; 33843.34; 3573.78
758; 0.335018997458034; 36794.3108920857; 33266.37; 3490.14
759; 0.33972094746988; 36388.4587129167; 32888.78; 3412.66
760; 0.340308705294205; 36011.8048204563; 32507.23; 3409.93
761; 0.337317734070578; 35444.1221525431; 31922.24; 3455.53
762; 0.334585200100703; 35080.4765606471; 31584.61; 3456.39
763; 0.339183338994194; 34596.0237091064; 31156.01; 3353.69
764; 0.341481157538169; 34281.2003401834; 30882.61; 3289.77
765; 0.342935131484324; 33815.652268021; 30420.83; 3271.88
766; 0.339673276157642; 33491.6829471078; 30148.7; 3252.55
767; 0.337101138324048; 33044.4967560777; 29734.52; 3245.11
768; 0.335680440240738; 32724.8221205954; 29444.62; 3229.63
769; 0.34023713624103; 32350.6386670774; 29082.91; 3174.06
770; 0.334857122903681; 32077.3898561545; 28833.71; 3201.12
771; 0.331549063120903; 31686.6556996444; 28482.36; 3192.5
772; 0.327690306826741; 31440.6357636674; 28273.48; 3191.35
773; 0.32676860228706; 31049.1827856761; 27921.8; 3158.77
774; 0.329806447671981; 30833.2131399724; 27693.46; 3140.57
775; 0.329299783674721; 30507.4121954412; 27388.59; 3123.35
776; 0.328642768452022; 30250.535271847; 27168.16; 3091.85
777; 0.326957771883666; 29869.1113684393; 26881.2; 3011.78
778; 0.330655100824023; 29678.1590788252; 26683.71; 2983.77
779; 0.334408253725347; 29360.294038689; 26434.43; 2882.07
780; 0.340589210242064; 29172.5114020111; 26255.79; 2820.21
781; 0.341286418608789; 28881.9774355066; 25941.15; 2837.08
782; 0.342547655641464; 28637.9282577428; 25751.65; 2773.5
783; 0.347667477865592; 28289.8674842891; 25422.12; 2714.51
784; 0.345782070210253; 28099.9580116209; 25250.15; 2711.55
785; 0.348117483458848; 27776.753514552; 24936.62; 2683.45
786; 0.344626897918409; 27546.8318851714; 24719.46; 2697.68
787; 0.340975011023269; 27197.0894621256; 24424.62; 2672.78
788; 0.341224577879761; 27015.1021747568; 24259.38; 2653.85
789; 0.342678550986092; 26726.797973861; 23969.59; 2643.26
790; 0.338669830855941; 26540.6720522167; 23818.57; 2639.74
791; 0.33880546705419; 26283.7029200529; 23601.58; 2599.27
792; 0.340416238908234; 26110.8096143802; 23454.93; 2561.09
793; 0.337415427251805; 25818.7467236939; 23194.28; 2552.82
794; 0.344001685762169; 25658.3451705537; 23067.19; 2471.77
795; 0.347461448273217; 25390.2795734156; 22798.31; 2447.77
796; 0.338368320348783; 25117.9376405068; 22574.89; 2465.95
797; 0.346997693312963; 24942.6256103826; 22389.59; 2413.99
798; 0.351461548867818; 24710.5809149394; 22208.86; 2335.35
799; 0.351795557461575; 24563.849255341; 22036.92; 2356.34
800; 0.354251698672827; 24365.4694241998; 21843.9; 2334.74
801; 0.357705857732537; 24219.7703932349; 21702.95; 2307.03
802; 0.352670927019915; 24012.5814953747; 21500.64; 2334.61
803; 0.357353570913431; 23885.0845369569; 21393.65; 2284.26
804; 0.36276475833192; 23696.9071889765; 21220.84; 2235.45
805; 0.354808563993573; 23529.8819189749; 21080.53; 2260.34
806; 0.354152548120504; 23292.9162581196; 20884.88; 2225.76
807; 0.351361035939123; 23115.5896114774; 20764.5; 2190.04
808; 0.353312074416614; 22907.1731239644; 20604.27; 2132.9
809; 0.351585299627105; 22761.5660714814; 20492.96; 2111.05
810; 0.351476270756596; 22539.775351898; 20296.51; 2087.65
811; 0.347007204954931; 22373.2035288674; 20143.72; 2100.94
812; 0.348377777695779; 22152.4852731983; 19971.4; 2046.59
813; 0.34714259828569; 22017.0534424584; 19891.31; 2001.18
814; 0.336692627932602; 21804.3585517282; 19687.25; 2054.25
815; 0.334511494588814; 21664.986637328; 19544.76; 2070.29
816; 0.337284420329301; 21476.3939809438; 19357.6; 2051.42
817; 0.340622073632613; 21309.9799931615; 19185.46; 2036.48
818; 0.334672920362612; 21181.8395710837; 19062.77; 2067.03
819; 0.33793128432287; 20991.9589191323; 18892.41; 2027.85
820; 0.338704320245082; 20846.5968851862; 18771.83; 1998.89
821; 0.351230538702395; 20711.0356084379; 18597.61; 1962.95
822; 0.358148688954803; 20596.9421643343; 18527.12; 1884.77
823; 0.355937731203978; 20416.149617557; 18367.8; 1876.32
824; 0.35433745159052; 20263.2844734553; 18277.58; 1826.68
825; 0.345898580233696; 20062.7221452662; 18105.75; 1844.11
826; 0.348018597446474; 19954.4473848359; 18028.67; 1803.66
827; 0.354632356137219; 19825.8663806303; 17847.08; 1818.92
828; 0.350675778835507; 19703.5102760627; 17749.83; 1816.28
829; 0.343890893059295; 19533.4933819133; 17576.76; 1854.83
830; 0.34507883080245; 19357.1792135746; 17411.07; 1838.29
831; 0.342320203130576; 19228.3262645974; 17313; 1822.91
832; 0.353617685424446; 19112.7808720541; 17152.56; 1805.16
833; 0.358608927929037; 18994.3379721844; 17044.19; 1770.03
834; 0.363765169520112; 18824.6862881562; 16936.18; 1689.02
835; 0.367279670355213; 18734.3619506804; 16885.97; 1636.9
836; 0.370293478479461; 18571.4205913372; 16779.2; 1573.83
837; 0.371068378280312; 18471.4892663716; 16704.96; 1548.23
838; 0.373400149041902; 18291.2000925829; 16529.7; 1534.38
839; 0.36928512112773; 18132.7317432033; 16380.98; 1543.99
840; 0.35997214649243; 18018.0820653298; 16311.16; 1543.4
841; 0.348748634097739; 17868.1769699786; 16168.16; 1588.42
842; 0.346927080667461; 17771.9989416161; 16067.2; 1600.89
843; 0.34909002501096; 17634.4622997764; 15900.51; 1617.76
844; 0.348754385364603; 17521.3743455385; 15808.94; 1598.86
845; 0.348283346329866; 17377.6703794166; 15714.32; 1554.73
846; 0.353559078430356; 17293.1297239206; 15632; 1529.14
847; 0.347437669472275; 17124.4283339404; 15492.48; 1528.35
848; 0.358731275237427; 16991.1221405847; 15380.5; 1460.56
849; 0.366702506842676; 16914.4347356826; 15259.93; 1467.36
850; 0.375338645447259; 16755.5876623718; 15115.22; 1420.98
851; 0.370937243350263; 16642.1471304; 15008.7; 1431.45
852; 0.373393148348156; 16489.7722638141; 14828.47; 1445.91
853; 0.369703212912448; 16376.1650278699; 14714.18; 1460.61
854; 0.375933436112379; 16210.6265661522; 14563.48; 1423.21
855; 0.37555360159445; 16047.0936750542; 14363.63; 1455.73
856; 0.377322656316981; 15933.504732183; 14228.15; 1467.46
857; 0.375627876437666; 15733.5936343061; 14073.56; 1434.58
858; 0.378326598309566; 15626.7172938483; 13971.8; 1419.68
859; 0.370158619066874; 15425.5439449109; 13840.97; 1389.06
860; 0.375055112920319; 15324.2187935918; 13723.07; 1384.95
861; 0.381417512326997; 15191.7111497167; 13585.32; 1366.04
862; 0.375167507039864; 15013.3091097462; 13409.1; 1386.64
863; 0.364789318652606; 14860.6998139054; 13319.24; 1370.04
864; 0.360083726530748; 14669.3257628178; 13146.57; 1370.79
865; 0.364228728306375; 14557.6365238387; 13034.1; 1355.62
866; 0.361174849758911; 14371.2809093105; 12836.96; 1376.49
867; 0.353025128105652; 14151.9911734896; 12655.48; 1373.25
868; 0.349462674692285; 13982.7226316839; 12498.93; 1375.19
869; 0.340438450467013; 13734.1507031193; 12279.35; 1383.79
870; 0.340721191401751; 13562.8557225754; 12144.49; 1347.75
871; 0.342744609676067; 13302.1172541774; 11906.97; 1317.56
872; 0.335086982440985; 13090.2369612078; 11766.82; 1278.13
873; 0.33402199501469; 12786.1758598636; 11498.1; 1247.72
874; 0.344373750657107; 12529.8223762058; 11264.27; 1188.78
875; 0.352022787151782; 12368.0159667434; 11092.56; 1171.82
876; 0.349481051582627; 12108.481845809; 10854.74; 1160.02
877; 0.351721023114062; 11946.7301724226; 10731.66; 1116.86
878; 0.349501190132236; 11736.1468771874; 10529.15; 1116.23
879; 0.353354297878009; 11604.0298369849; 10353.69; 1143.48
880; 0.358194148947533; 11511.404354894; 10265.02; 1124.24
881; 0.349729671299923; 11372.802709627; 10124.4; 1153.05
882; 0.336881834132593; 11266.3669783679; 10051.99; 1164.17
883; 0.325666565120238; 11125.4715984044; 9956.93; 1158.58
884; 0.33091886360684; 11030.1056109915; 9877.48; 1124.44
885; 0.336183854240413; 10978.7781401786; 9840.71; 1092.6
886; 0.334963018749064; 10866.5439506667; 9764.99; 1061.19
887; 0.335690309633157; 10798.6879257307; 9705.08; 1051.08
888; 0.337505144958338; 10714.5131005106; 9640.69; 1026.38
889; 0.347839176810638; 10673.0964388187; 9599.18; 995.81
890; 0.348126397236001; 10651.7601934651; 9591.44; 982.23
891; 0.352097608693561; 10634.8479090429; 9539.87; 1002.73
892; 0.346817347366723; 10642.6735710017; 9523.5; 1040.32
893; 0.337038551451925; 10664.2691682459; 9542.15; 1073.18
894; 0.335448772588794; 10758.8766649353; 9647.56; 1067.71
895; 0.335473072016757; 10861.7765799147; 9721.4; 1095.37
896; 0.334806857486958; 11017.2877551184; 9855.43; 1118.04
897; 0.335225615179994; 11113.6590715532; 9950.07; 1118.16
898; 0.32846782808473; 11259.5031194176; 10151.45; 1086.52
899; 0.323443754435199; 11453.9626188491; 10340.25; 1108.85
900; 0.31620065606002; 11562.0650289331; 10437.71; 1144.9
