# 06/03/2019 19:04:09
# NanoCalc data
# Original file name: C:\SVA_DATA\StudentProjects\2018_Nathan\PS-b-PI\PSbPI_918.dat
# Fit Result : Fitness; Thickness 1; Thickness 2; Thickness 3 
# Fit Result : 1.74810284682881; 2; 106.3; -1
# comment:PSbPI id:370 slowslow script start 16:33
#
# WaveLength; Reflectance; Raw Intensity; Dark Intensity; Reference Intensity
400; 0.479005499651992; 4351.61432441657; 3706.58; 652.97
401; 0.464002326323591; 4487.8933849953; 3827.82; 686.82
402; 0.459404303485713; 4582.50941184647; 3922.88; 690.19
403; 0.451795020485028; 4676.29228892925; 4026.52; 688.46
404; 0.461189604524314; 4787.7257654316; 4116.57; 693.7
405; 0.458084577539462; 4962.65860817377; 4267.86; 720.2
406; 0.462677780552971; 5069.58429332922; 4392.4; 692.25
407; 0.464981166151403; 5194.24852329086; 4498.1; 705.33
408; 0.466204468963215; 5313.51039774764; 4602.23; 715.92
409; 0.47879175511558; 5434.77084378046; 4697.66; 719.74
410; 0.471429061297589; 5589.1990509038; 4851.48; 728.85
411; 0.465845813117873; 5674.17898895344; 4933.69; 737.74
412; 0.457543102125596; 5762.25131081085; 5006.35; 764.04
413; 0.433598196541108; 5815.31714879145; 5074.69; 787.31
414; 0.428159148206703; 5951.1145016085; 5187.46; 819.34
415; 0.423166049209285; 6031.48363853131; 5262.83; 831.69
416; 0.414999897369699; 6099.22187344013; 5333.87; 841.6
417; 0.406376537751983; 6177.75534779635; 5432.16; 834.5
418; 0.40655150681636; 6314.86140699118; 5554.94; 847.33
419; 0.396727713662745; 6389.4604715147; 5639.25; 854.66
420; 0.394965843513157; 6515.24611625113; 5731.78; 893.85
421; 0.397597964666905; 6630.98881925781; 5844.55; 888.7
422; 0.392740156923178; 6792.40608984955; 5986.26; 919.54
423; 0.392864130159928; 6920.80050215659; 6097.41; 936.13
424; 0.389514659587852; 7063.35882731279; 6222.48; 961.37
425; 0.3855928184921; 7207.20441590225; 6336.9; 1002.4
426; 0.385639820215285; 7423.06467174816; 6501.39; 1058.55
427; 0.389461997995524; 7594.7089421198; 6648.16; 1073.5
428; 0.385893562208844; 7744.48084414568; 6783.3; 1097.16
429; 0.388190507932601; 7873.69892797817; 6907.86; 1093.25
430; 0.386681437266153; 8088.9568616876; 7111.68; 1107.74
431; 0.380438660037435; 8219.38026582236; 7247.41; 1117.05
432; 0.37351498745497; 8326.66187591005; 7363.78; 1124.31
433; 0.365546370099361; 8419.97516358956; 7451.35; 1152.9
434; 0.35847470692084; 8571.78205166739; 7622.06; 1149.92
435; 0.352604762682608; 8670.00854843374; 7725.43; 1160.22
436; 0.350530968965644; 8749.98028699139; 7810.18; 1158.66
437; 0.340107117308298; 8836.4264953137; 7906.48; 1178.93
438; 0.32992549528767; 8991.57670955985; 8054.32; 1222.03
439; 0.324401676417225; 9067.00785115143; 8136.76; 1230.73
440; 0.324426484323125; 9169.90531351923; 8228.69; 1242.29
441; 0.326749512606829; 9277.77732996595; 8339.09; 1227.41
442; 0.320708291588413; 9436.08240912493; 8479.44; 1271.58
443; 0.318595122826178; 9542.28560216712; 8574.86; 1291.6
444; 0.319093509817819; 9690.38069543824; 8692.65; 1327.07
445; 0.321646125036309; 9833.65419599854; 8808.71; 1349.4
446; 0.322823896578982; 10058.0186615505; 8995.09; 1391.12
447; 0.326324920769537; 10244.9608924164; 9152.97; 1410.79
448; 0.321342461878241; 10424.0602515934; 9325.63; 1437.98
449; 0.320436505026185; 10700.0831485767; 9579.28; 1468.31
450; 0.323284642524839; 10904.6445091631; 9774.98; 1463.74
451; 0.3198065759716; 11085.872517147; 9949.44; 1485.53
452; 0.320433785709892; 11281.9608808683; 10146.84; 1477.89
453; 0.31340714983624; 11603.2243116483; 10453.15; 1527.91
454; 0.315233493096361; 11837.8809392738; 10674.94; 1533.01
455; 0.30867198840403; 12036.4133644297; 10869.94; 1567.29
456; 0.307991319397777; 12285.541539698; 11067.31; 1637.27
457; 0.307572403401389; 12662.681115065; 11406.59; 1687.26
458; 0.299032163707256; 12915.5357795268; 11668.57; 1719.54
459; 0.292077491634619; 13139.6568755648; 11888.18; 1763.56
460; 0.289941406579796; 13396.8265995719; 12120.23; 1808.82
461; 0.292354589392572; 13771.2562188218; 12477.98; 1813.95
462; 0.290774066073182; 13986.7204519393; 12696.02; 1816.78
463; 0.284911353993956; 14187.2256119779; 12920.83; 1815.95
464; 0.285569053081796; 14567.8461388926; 13251.1; 1880.37
465; 0.274059889465672; 14780.6515668401; 13499.29; 1903.39
466; 0.26696009165643; 15001.1596337534; 13714.15; 1959.18
467; 0.270891620266085; 15278.5681999655; 13941.45; 2002.55
468; 0.26613844407747; 15767.3202822311; 14419.99; 2050.42
469; 0.262278235044741; 16082.8806984187; 14715.46; 2108.14
470; 0.265899443567225; 16442.3958050146; 15030.91; 2142.93
471; 0.26283106390421; 16878.3224050225; 15439.32; 2206.59
472; 0.263383063639031; 17523.3016154595; 16033.97; 2275.28
473; 0.264315764197521; 18005.5349442496; 16472.79; 2329.59
474; 0.268016448795694; 18536.5124064043; 16951.53; 2371.89
475; 0.269009428172634; 19423.0050112709; 17780.12; 2445.55
476; 0.263980686367363; 19985.8295275826; 18330.84; 2506.42
477; 0.264585407500208; 20619.1626129834; 18892.02; 2605.57
478; 0.262968197383555; 21347.0910985749; 19567.89; 2696.25
479; 0.257174113974276; 22376.8803959119; 20540.83; 2840.66
480; 0.251582469524737; 23113.8593795696; 21247.71; 2946.79
481; 0.245600689310655; 23816.712840532; 21945.87; 3021.61
482; 0.240979781801574; 24906.1820869288; 23001.33; 3130.81
483; 0.234812755771505; 25606.686760099; 23698.95; 3213.18
484; 0.234473266959911; 26337.7594007566; 24387.59; 3284.49
485; 0.237037971556147; 27091.3979561086; 25047.89; 3399.35
486; 0.23038409173786; 28043.9694807422; 25989.21; 3511.42
487; 0.231248086687575; 28667.297076245; 26548.62; 3601.68
488; 0.231051665395623; 29296.469592558; 27137.19; 3668.26
489; 0.229113683133677; 29869.6456485561; 27674.23; 3755.82
490; 0.224238379278552; 30693.7420594095; 28469.58; 3882.15
491; 0.227055885924874; 31233.5683729317; 28962.28; 3910.11
492; 0.224496622673155; 31701.1318427132; 29398.31; 4004.35
493; 0.221361045678306; 32348.7010345971; 30045.96; 4055.79
494; 0.219659778961622; 32757.5100371471; 30450.65; 4089.41
495; 0.217806039996994; 33150.4893913541; 30849.74; 4108.15
496; 0.208984594079803; 33635.6798516139; 31406.65; 4142.99
497; 0.2087689617702; 33997.2700146592; 31767.86; 4142.86
498; 0.210380213392399; 34345.1906158447; 32067.12; 4195.67
499; 0.205936209511777; 34663.3380695497; 32404.94; 4243.83
500; 0.20716340449484; 35151.5998589764; 32863.49; 4268.88
501; 0.208106287558591; 35472.9379558783; 33146.16; 4315.77
502; 0.20744183172456; 35812.0252769864; 33476.28; 4340.55
503; 0.20601083900731; 36316.8061426407; 33974.55; 4377.29
504; 0.211091799371616; 36744.1554368539; 34328.61; 4399.96
505; 0.208321685397162; 37129.9045861526; 34741.28; 4403.53
506; 0.206432334145738; 37494.0049221587; 35107.34; 4434.89
507; 0.205322248624102; 38082.1043173711; 35715.47; 4416.36
508; 0.198884305947814; 38427.3992625686; 36120.4; 4439.31
509; 0.197701399522611; 38844.7204061797; 36537.16; 4462.01
510; 0.190066743693696; 39434.6812297354; 37164.54; 4560.8
511; 0.187480793543786; 39838.7235073786; 37577.28; 4600.76
512; 0.180367593250666; 40199.1800521421; 38001.86; 4641.31
513; 0.174834947526831; 40739.519357597; 38544.65; 4777.5
514; 0.172685093360883; 41150.7222657521; 38978.11; 4782.45
515; 0.170992467555193; 41571.8729939973; 39357.58; 4916.92
516; 0.169120622209376; 41942.2553233621; 39710.45; 5004.9
517; 0.171361162494483; 42622.3286990738; 40331.64; 5063.94
518; 0.169254000307238; 43035.5151577669; 40749.91; 5109.82
519; 0.171156622027515; 43481.5093625941; 41153.15; 5141.7
520; 0.171599399849942; 44121.1406564243; 41744.27; 5229.46
521; 0.171013121132973; 44540.898952289; 42147.85; 5277.47
522; 0.170723117408009; 44973.1681378218; 42528.95; 5393.7
523; 0.165630815583298; 45522.6950176735; 43144.91; 5402.76
524; 0.163695271819378; 45943.3606888435; 43568.3; 5454.65
525; 0.161642710456624; 46293.1427871096; 43928.06; 5495.06
526; 0.158520317268232; 46784.9420168926; 44426.05; 5582.88
527; 0.156510921602514; 47123.8853858192; 44754.61; 5673.87
528; 0.153753641808078; 47451.0349921699; 45083.01; 5766.75
529; 0.151492263096306; 47716.6842087939; 45349.17; 5845.8
530; 0.150610040240775; 48068.5242052452; 45699.78; 5877.43
531; 0.152778551893367; 48318.2127462265; 45874.99; 5970.71
532; 0.152105792661174; 48531.0094156133; 46081.55; 6006.91
533; 0.150806555610907; 48812.3025229272; 46374.85; 6023.42
534; 0.150607415428232; 48971.0191892912; 46512.86; 6077.02
535; 0.148047140909663; 49117.4528385847; 46705.25; 6060.18
536; 0.145683191636945; 49291.7589982273; 46893.06; 6117.76
537; 0.144295904417731; 49442.4839427889; 47060.97; 6125.72
538; 0.141744059295958; 49612.8076264795; 47278.55; 6105.66
539; 0.140671909402743; 49886.4006387097; 47591.89; 6041.35
540; 0.138953434720383; 50022.0370485474; 47751.12; 6047.07
541; 0.138488144911219; 50207.4300513238; 47934.66; 6067.28
542; 0.141353298687064; 50581.4519357418; 48265.44; 6052.34
543; 0.143781493402207; 50839.2399509855; 48472.17; 6076.53
544; 0.142351598066234; 51075.6610915267; 48742.04; 6046.08
545; 0.142495858163268; 51474.9961951878; 49147.92; 6018.12
546; 0.142199248411761; 51735.2906233906; 49400.39; 6046.02
547; 0.146379615960635; 52029.9068273596; 49589.44; 6133.58
548; 0.142017924678496; 52480.2982219358; 50065.48; 6250.24
549; 0.140599225118895; 52733.9102879205; 50321; 6302.83
550; 0.134009221682471; 52958.6233378307; 50631.34; 6372.71
551; 0.130900022610554; 53224.7022013183; 50941.36; 6395.47
552; 0.131370533996075; 53683.5037804821; 51381.82; 6418.3
553; 0.132010268148253; 53977.8207037416; 51642.05; 6476.44
554; 0.129053219723792; 54258.0401931309; 51958.5; 6516.52
555; 0.125673727990287; 54694.4680608441; 52472.31; 6461.05
556; 0.127168420632717; 55016.4129783011; 52774.37; 6436.57
557; 0.12841565741412; 55393.0084352292; 53127.07; 6436.47
558; 0.129378013095371; 55920.3156520615; 53628.3; 6456.57
559; 0.131922883117481; 56337.699684494; 53982.54; 6500.87
560; 0.129883348280172; 56709.5947892047; 54374.65; 6540.64
561; 0.127368951410273; 57418.1714020889; 55113.13; 6578.83
562; 0.128276012672654; 57942.581812031; 55594.48; 6648.59
563; 0.12786119199881; 58479.1112554619; 56111.99; 6718.72
564; 0.131072787097054; 59362.0938625375; 56872.57; 6887.39
565; 0.130233715647406; 59878.6709077251; 57392.16; 6918.28
566; 0.129945303203666; 60394.0291643928; 57887.77; 6983.55
567; 0.126842984514709; 61053.9628903764; 58581.27; 7053.7
568; 0.127544058861745; 61412.2298757313; 58892.28; 7144.09
569; 0.127666970422187; 61596.8785036457; 59048.64; 7212.18
570; 0.126941650318041; 61727.9353301811; 59201.32; 7186.7
571; 0.127520674072402; 61725.9102922751; 59179.33; 7205.05
572; 0.126853144797645; 61652.6129976775; 59136.17; 7151.54
573; 0.122984786226083; 61348.9244938398; 58913.77; 7132.5
574; 0.121118161514175; 61102.3542751412; 58730.17; 7049.31
575; 0.121206786626436; 60775.3463766029; 58409.27; 7020.39
576; 0.119624166621553; 60591.7976339139; 58286.82; 6924.21
577; 0.117544902954507; 60415.5433810022; 58156.17; 6901.91
578; 0.117078323227304; 60190.329695786; 57942.19; 6889.6
579; 0.116597470806609; 60069.3189817626; 57832.37; 6878.4
580; 0.115427048612093; 59961.0287433924; 57747.7; 6869.6
581; 0.11921425630168; 59842.6005157208; 57553.64; 6873.83
582; 0.120823560327917; 59780.1221847163; 57452.74; 6891.28
583; 0.119322751833148; 59655.7453239514; 57372.5; 6841
584; 0.11820248207308; 59515.419848799; 57257.56; 6824.62
585; 0.12005204871873; 59478.8199210752; 57205.45; 6761.24
586; 0.119485013220108; 59410.3324752837; 57145.37; 6763.8
587; 0.116415513320251; 59291.8980637335; 57079.59; 6776.52
588; 0.118975550242638; 59222.5839099225; 56937.13; 6845.66
589; 0.119242782037808; 59225.0521000103; 56955.2; 6779.63
590; 0.117923290348689; 59173.4226600806; 56919.06; 6804.44
591; 0.1197590219092; 59179.1407258782; 56871.59; 6853.91
592; 0.121617505061619; 59235.7011657057; 56866.08; 6926.36
593; 0.119848326229244; 59251.0985597902; 56885.37; 7012.64
594; 0.120033785213909; 59311.4531138821; 56949.44; 6986.4
595; 0.1212141578072; 59536.5285283762; 57139.71; 7015.88
596; 0.117715295227568; 59696.4971991887; 57370.84; 7005.49
597; 0.114133578630591; 59884.8291859928; 57620.87; 7029.2
598; 0.116067822958233; 60410.3370818938; 58084.9; 7095.26
599; 0.115357640262821; 60835.6616955992; 58524.45; 7090.77
600; 0.113042200706267; 61287.0083802124; 59020.31; 7092.14
601; 0.115319346492634; 62156.8179469969; 59811.73; 7187.95
602; 0.11117978643569; 62714.9602164668; 60413.01; 7313.98
603; 0.108624818414679; 63272.4682576896; 60992.44; 7410
604; 0.106463634947706; 64110.9087351499; 61857.75; 7466.56
605; 0.10825997093056; 64725.756106175; 62404.92; 7558.6
606; 0.105941611395066; 65236.0770462979; 62931.49; 7665.24
607; 0.103154765403629; 65839.6524077289; 63575.16; 7730.63
608; 0.104070358868326; 66214.7609346435; 63913.77; 7781.35
609; 0.102015813251101; 66568.9637814974; 64286.44; 7869.52
610; 0.10442246472468; 66731.0290995564; 64387.2; 7889.79
611; 0.106618218264425; 66862.7390552975; 64454.87; 7933.77
612; 0.103052804433471; 66802.1650505557; 64486.18; 7890.17
613; 0.102254076312574; 66695.3107371772; 64382.6; 7935.66
614; 0.102501575518343; 66555.3885555944; 64258.5; 7857.7
615; 0.102662944436757; 66226.9388142996; 63951.06; 7769
616; 0.101350067840483; 65888.81965597; 63649.54; 7738.29
617; 0.101399775208962; 65371.5044720998; 63191.8; 7524.48
618; 0.099680056086739; 64973.6039392223; 62865.79; 7397.46
619; 0.0990973775506662; 64600.3621879123; 62524.5; 7324.23
620; 0.10497923018173; 64088.5599340441; 61903.74; 7272.85
621; 0.105763910894611; 63691.7306849114; 61522.57; 7163.5
622; 0.107497894682416; 63317.438370307; 61120.28; 7135.28
623; 0.107539736133227; 62757.2860799447; 60595.35; 7014.78
624; 0.109149482717586; 62430.2466523163; 60252.71; 6957.84
625; 0.108592055121086; 61936.7646604725; 59771.23; 6951.65
626; 0.110714416737698; 61695.0471870689; 59483.48; 6959.96
627; 0.111162653896205; 61370.1034535407; 59165.07; 6908.27
628; 0.108440467152712; 60911.1299036685; 58794.21; 6795.41
629; 0.106014676990372; 60611.4766310219; 58562.43; 6724.97
630; 0.104975412663703; 60314.0071321797; 58288.09; 6711.82
631; 0.105038504990515; 59898.9128910343; 57859.83; 6748.49
632; 0.102981121176552; 59656.9509349076; 57682.5; 6662.28
633; 0.104577593170535; 59322.0386937802; 57342.16; 6575.79
634; 0.105486883605841; 59074.8018672311; 57084.01; 6552.04
635; 0.10637456521991; 58849.6518560758; 56861.14; 6486.39
636; 0.104514105990749; 58558.4395701903; 56610.25; 6464.46
637; 0.105854792216652; 58361.6788384403; 56396.33; 6434.92
638; 0.103453564344713; 58164.213087318; 56258.02; 6382.24
639; 0.102983878731343; 57914.590585822; 56020.93; 6365.53
640; 0.10340988269178; 57732.2318323136; 55817.61; 6405.6
641; 0.103427655715023; 57440.4942016702; 55521.74; 6414.99
642; 0.102315929862475; 57221.9864393154; 55345.1; 6339.9
643; 0.0995407128929815; 57038.2588014804; 55211.6; 6339.15
644; 0.103249064092198; 56816.1828008346; 54932.43; 6299.39
645; 0.102664696167216; 56658.1413570807; 54787.8; 6287.41
646; 0.104876883938978; 56440.3716667855; 54543.39; 6239.56
647; 0.104612765003629; 56275.0512958677; 54402.96; 6170.73
648; 0.104314483113154; 56078.8817015666; 54223.42; 6130.91
649; 0.107505991047133; 55890.7472144637; 53981.55; 6118.52
650; 0.107236481328474; 55773.6745828268; 53857.78; 6152.73
651; 0.106630809316214; 55584.3190445792; 53690.78; 6112.63
652; 0.108708298716804; 55466.6569502374; 53508.46; 6197.48
653; 0.11171392917834; 55382.4004345658; 53373.85; 6182.75
654; 0.114572439686658; 55239.9204208376; 53197.75; 6126.54
655; 0.116317696069372; 55166.3754908921; 53072.59; 6184.61
656; 0.120128742989738; 55093.7935231742; 52943.74; 6146.82
657; 0.118254597456264; 55002.216843329; 52900.86; 6100.67
658; 0.117274309642144; 54908.4056536321; 52840.08; 6052.84
659; 0.120151794278706; 54832.8179069427; 52741.87; 5970.05
660; 0.114093958258608; 54693.3359921754; 52729.32; 5902.95
661; 0.10895106492327; 54484.147341928; 52604.84; 5911.68
662; 0.106542444591862; 54360.0707632519; 52521.21; 5912.09
663; 0.104289640244937; 54238.7467741555; 52451.09; 5868.51
664; 0.102891610039849; 54049.0536578338; 52287.7; 5857.45
665; 0.103370309753104; 53909.9439535078; 52132.9; 5880.01
666; 0.101499035816558; 53716.3648400705; 51959.38; 5918.55
667; 0.103623778776933; 53586.2465170676; 51781.68; 5952.26
668; 0.104218911762832; 53422.2757181222; 51634.69; 5860.85
669; 0.105020742991573; 53241.2815513943; 51450.2; 5825.24
670; 0.10652675157538; 53118.4754540797; 51293.57; 5849.09
671; 0.106446967801685; 52894.3813514971; 51072.93; 5839.11
672; 0.105825834431677; 52736.5308588512; 50919.86; 5854.67
673; 0.103657315431346; 52565.2959048848; 50787.07; 5847.19
674; 0.100391233788389; 52271.4162852571; 50579.53; 5741.04
675; 0.0981525119309155; 52061.5961930761; 50427.07; 5670.38
676; 0.0991299762337775; 51766.3657164511; 50091.77; 5749.54
677; 0.100262911920673; 51567.5203408375; 49872.31; 5752.67
678; 0.0989160315081534; 51208.0494593006; 49530.92; 5766.75
679; 0.098380246793372; 50974.2140622637; 49327.37; 5691.42
680; 0.0972024792761021; 50688.4389194436; 49070.42; 5657.7
681; 0.0975815334512277; 50282.4066415798; 48667.39; 5623.25
682; 0.101161717151874; 50053.0862710265; 48374.21; 5636.53
683; 0.0996067906336446; 49694.5980087882; 48043.66; 5627.07
684; 0.100514402895076; 49476.4264985126; 47814.76; 5610.48
685; 0.0975968677339559; 49050.8331609062; 47448.75; 5568.84
686; 0.100336787740226; 48802.2684536712; 47154.8; 5568.22
687; 0.100154237105352; 48551.4041015798; 46914.24; 5541.32
688; 0.0991182229462224; 48152.7580572105; 46556.39; 5457.75
689; 0.0994816606671933; 47940.6171928201; 46363.53; 5370.2
690; 0.0974697431486527; 47573.8116108699; 46046.68; 5305.36
691; 0.0965414143339144; 47299.8447158748; 45810.71; 5221.06
692; 0.0983515004847094; 47094.2714466912; 45598.99; 5144.11
693; 0.0988939233387188; 46737.259060942; 45273.63; 5005.64
694; 0.0976089528896213; 46493.4356045522; 45056.87; 4975.81
695; 0.0991117356829815; 46153.689637374; 44704.09; 4942.74
696; 0.100774359442257; 45931.1626728107; 44432.28; 5024.34
697; 0.0981802639597978; 45518.0625618797; 44035.44; 5098.84
698; 0.0979543385942573; 45235.6057729512; 43744.03; 5139.29
699; 0.100391917947473; 44875.8003349827; 43359.07; 5097.07
700; 0.0995336261196572; 44629.422098405; 43110.29; 5147.14
701; 0.100801828093083; 44433.4878497665; 42902.64; 5120.03
702; 0.101664397350874; 44103.5187699306; 42569.63; 5084.98
703; 0.0985533999699427; 43826.621779585; 42344.57; 5066.69
704; 0.102106865701158; 43571.7744581447; 42087.37; 4896.64
705; 0.104083802089944; 43381.2284492332; 41885.5; 4838.37
706; 0.101209255987864; 43051.7451148237; 41620.16; 4760.67
707; 0.1003927971123; 42843.111806999; 41416.61; 4780.31
708; 0.0973410222334278; 42626.3634820848; 41271.22; 4681.56
709; 0.0971659180064512; 42323.1804468818; 40978.27; 4652.88
710; 0.097164147017994; 42110.6082616179; 40764.97; 4653.78
711; 0.0949070607444744; 41778.3217022218; 40463.52; 4654.28
712; 0.0935507860592717; 41547.5553046145; 40255.7; 4638.36
713; 0.0950682344891029; 41265.609676525; 39964.91; 4594.59
714; 0.0947989936997279; 40977.2888593915; 39680.95; 4591.35
715; 0.0926725797558359; 40544.7001600321; 39286.31; 4557.68
716; 0.0973233407853969; 40283.2722901471; 38975.93; 4507.33
717; 0.0962140443349337; 39949.965774372; 38672.49; 4453.37
718; 0.0925924622151862; 39429.6391029606; 38238.07; 4314.65
719; 0.092875293821353; 39097.9898593444; 37915.28; 4267.7
720; 0.0958490558261831; 38584.9568370703; 37379.7; 4212.45
721; 0.0939085978618683; 38206.461905522; 37030.83; 4192.27
722; 0.0913707327916871; 37702.8600386493; 36569.84; 4151.01
723; 0.0909513802278143; 37391.1683760938; 36281.38; 4083.14
724; 0.0890890197427525; 36930.4135046347; 35846.8; 4068.68
725; 0.0891874023584673; 36704.206800358; 35618.41; 4070.88
726; 0.0907293437148958; 36459.893092138; 35362.68; 4042.28
727; 0.0906486453868841; 36336.864535896; 35264.68; 3952.13
728; 0.0916103589819708; 36234.3995795584; 35147.92; 3961.44
729; 0.0998527206137337; 36214.6297751228; 35036.8; 3938.93
730; 0.107105691426984; 36238.8737078109; 34982.23; 3916.83
731; 0.107947713031393; 36257.2329630419; 34979.16; 3952.18
732; 0.110203475673399; 36281.5918470182; 34973.38; 3962.08
733; 0.1132713395958; 36344.424362899; 34983.99; 4008.15
734; 0.115601402430258; 36335.7150857843; 34934.58; 4044.48
735; 0.111700256424302; 36262.9698908733; 34904.98; 4055.84
736; 0.111830081721482; 36208.1078601846; 34849.66; 4051.37
737; 0.107375339888915; 36108.0806222869; 34798.35; 4066.75
738; 0.106954671564979; 36024.5046691464; 34719.07; 4067.97
739; 0.108393760534446; 35968.5991678052; 34662.43; 4014.73
740; 0.107941453953023; 35901.9672699716; 34599.66; 4018.14
741; 0.106668149656523; 35833.2381043699; 34559.08; 3976.86
742; 0.102219645823108; 35797.2179832198; 34577.6; 3971.06
743; 0.105123773773006; 35851.1352725001; 34597.75; 3966.91
744; 0.107949086491896; 36058.9527507492; 34756.32; 4013.5
745; 0.106210038209282; 36200.0029633602; 34929.32; 3977.68
746; 0.104453033012789; 36432.2655309131; 35180.48; 3982.95
747; 0.102186603189792; 36598.1430446218; 35380.24; 3959.61
748; 0.102561513406786; 36812.4183871057; 35579.02; 3993.96
749; 0.106436772579932; 36926.5539671054; 35638.56; 4017.77
750; 0.109664999966426; 36950.8055607631; 35621.81; 4022.63
751; 0.1102311359091; 36868.7696976734; 35526.21; 4042.69
752; 0.106636495856291; 36570.8640992674; 35272.84; 4040.09
753; 0.106257382373984; 36322.7799036012; 35021.98; 4063.05
754; 0.108148531069975; 35858.1907896403; 34535.94; 4057.58
755; 0.104218804951521; 35432.096866972; 34165.32; 4032.92
756; 0.105893408534939; 34860.0412215397; 33598.04; 3953.07
757; 0.100752790309987; 34438.1867178587; 33242.28; 3935.57
758; 0.101308667377115; 33853.5290431523; 32670.12; 3871.5
759; 0.103537813547803; 33482.179000959; 32281.18; 3842.65
760; 0.105616224663792; 33137.2803807725; 31924.78; 3801.32
761; 0.106425957840148; 32572.203164911; 31362.01; 3763.45
762; 0.104178981197583; 32202.6750370438; 31037.12; 3701.07
763; 0.108577375402362; 31754.0881764681; 30554.28; 3654.01
764; 0.107893019816638; 31444.4107850944; 30276.78; 3577.22
765; 0.110699963387191; 31019.6947570933; 29844.63; 3508.38
766; 0.108831659417203; 30736.3410154319; 29592.35; 3473.91
767; 0.10826868283979; 30323.9099912685; 29220.25; 3368.97
768; 0.11032978825876; 30079.4142852066; 28985.12; 3278.08
769; 0.113801011293569; 29723.4524358274; 28613.79; 3222.52
770; 0.117210689964026; 29523.5569521521; 28396.16; 3178.58
771; 0.115917774057256; 29161.1841329817; 28063.51; 3128.02
772; 0.11718175058924; 28944.2521370159; 27824.41; 3155.48
773; 0.116700267341045; 28607.7429128201; 27511.03; 3101.69
774; 0.12242293322831; 28397.4085140638; 27250.38; 3090.89
775; 0.118012665504033; 28046.6209447339; 26923.11; 3139.57
776; 0.117212110940694; 27814.601206078; 26692.28; 3156.47
777; 0.115280022597815; 27467.6978462575; 26378.67; 3113.38
778; 0.114371352831131; 27238.0966731248; 26156.79; 3114.98
779; 0.116595707883659; 26927.4833626402; 25833.84; 3089.73
780; 0.113594396707166; 26697.55143453; 25644.18; 3053.81
781; 0.118984030883535; 26466.6244027185; 25391.25; 2975.72
782; 0.11798021569985; 26270.709856796; 25220.98; 2928.73
783; 0.116018813215059; 25947.4988744888; 24943.53; 2847.78
784; 0.11493481196379; 25766.6616765217; 24783.44; 2814.52
785; 0.115462606066899; 25498.4438870156; 24512.17; 2809.55
786; 0.113083138737268; 25306.6376386875; 24354.29; 2769.2
787; 0.110151218850429; 25022.2373156717; 24111.29; 2718.46
788; 0.110303860276025; 24838.2341800936; 23935.54; 2689.25
789; 0.10919276036071; 24521.2875362553; 23629; 2684.53
790; 0.113820163651447; 24365.4761511061; 23429.19; 2701.61
791; 0.116589897645185; 24149.7604515979; 23215.9; 2629.93
792; 0.120979374815562; 23994.2449909995; 23023.05; 2635.25
793; 0.122050986127835; 23756.19556597; 22777.42; 2632
794; 0.124145881407874; 23585.4051480202; 22595.01; 2617.89
795; 0.124048785649576; 23333.0354882512; 22336.97; 2634.77
796; 0.134293224511056; 23205.5244170149; 22112.83; 2669.71
797; 0.130153876607554; 23040.8509136816; 21984.92; 2661.85
798; 0.130069707308243; 22821.1294433274; 21770.62; 2649.81
799; 0.131141271685331; 22677.3996126129; 21624.52; 2633.75
800; 0.126732311648834; 22438.3835751055; 21451.6; 2553.96
801; 0.127250263602212; 22278.212554507; 21296.11; 2530.61
802; 0.121511129079891; 22033.6941890777; 21094.24; 2534.16
803; 0.121128895565458; 21887.5224988446; 20965.53; 2493.87
804; 0.121280072301874; 21676.2118964359; 20777.34; 2427.37
805; 0.122045541688427; 21529.2922436937; 20626.73; 2421.43
806; 0.126988218659439; 21342.0800331596; 20408.68; 2406.08
807; 0.127123017465971; 21195.0431054475; 20262.29; 2401.48
808; 0.129836371844424; 21004.7157594606; 20069.98; 2355.84
809; 0.137658761882591; 20914.2337261609; 19935.88; 2325.21
810; 0.134032181015899; 20707.5276239214; 19758.37; 2316.34
811; 0.133357124843852; 20566.7342387071; 19629.76; 2297.52
812; 0.12909203345705; 20344.5554393094; 19440.29; 2289.84
813; 0.128324397727407; 20221.29713984; 19329.39; 2271.4
814; 0.118352334045446; 20009.9975861521; 19206.63; 2217.59
815; 0.118450934638335; 19904.6374990184; 19107.39; 2198.44
816; 0.115683480251567; 19722.4045697304; 18944.37; 2196.29
817; 0.116831260156781; 19567.4575834963; 18785.86; 2184.32
818; 0.119572053039082; 19478.2563463247; 18686.34; 2162.08
819; 0.123349022698448; 19277.1074377094; 18460.03; 2162.05
820; 0.126720251914008; 19155.432069411; 18313.57; 2167.88
821; 0.128331594077183; 18995.886995804; 18130.17; 2200.68
822; 0.131001170742607; 18883.652928819; 17998; 2204.84
823; 0.128611263332683; 18702.3609477125; 17836.87; 2194.12
824; 0.127711043256227; 18584.1011448866; 17730.5; 2178.67
825; 0.124562175671241; 18430.3341171276; 17610.23; 2146.02
826; 0.12663868157279; 18342.3643323599; 17535.63; 2076.42
827; 0.127893000364815; 18235.1288422553; 17428.2; 2056.75
828; 0.130947602510444; 18153.5551634895; 17337.68; 2031.24
829; 0.136676571685069; 18024.0257202031; 17185.3; 2000.41
830; 0.137221662681807; 17881.4347692116; 17061.23; 1948.34
831; 0.14072100993221; 17796.6649786368; 16971.77; 1909.83
832; 0.141197440534857; 17670.8764046359; 16860.01; 1870.11
833; 0.136638916755865; 17557.5179729216; 16770.25; 1875.35
834; 0.13218517961661; 17388.477898507; 16645.37; 1828.97
835; 0.132073289634749; 17292.8311186294; 16549.23; 1831.26
836; 0.120119271261655; 17111.5452103906; 16453.14; 1782.35
837; 0.120705967146159; 17033.6128437137; 16379.07; 1763.51
838; 0.117410160883615; 16868.4320504853; 16235.15; 1754.35
839; 0.117062005819445; 16713.876674424; 16074.2; 1778.6
840; 0.116586049351618; 16618.2759078023; 15981.44; 1777.93
841; 0.118541019113291; 16512.8157296183; 15866.44; 1776.81
842; 0.121092793614742; 16441.7196586893; 15776.56; 1789.51
843; 0.123088233159167; 16314.1191129962; 15646.69; 1766.05
844; 0.123918249672868; 16220.6787864425; 15542.12; 1783.07
845; 0.128074688383643; 16090.4814932525; 15390.02; 1780.43
846; 0.128813005421478; 16028.3834026752; 15331.09; 1761.82
847; 0.124335211191859; 15895.8343657336; 15227.78; 1748.28
848; 0.123557449399181; 15742.2404601325; 15098.25; 1695.53
849; 0.119823849423495; 15634.4317691358; 15011.88; 1689.72
850; 0.12074457352054; 15474.3559442965; 14856.35; 1664.16
851; 0.130925905226486; 15409.3739333644; 14747.7; 1642.82
852; 0.131500919141414; 15269.7253133902; 14619.18; 1607.71
853; 0.12889831412925; 15148.2536179109; 14518.29; 1587.92
854; 0.140020597559461; 15002.4940734426; 14338.6; 1540.12
855; 0.141732542614572; 14825.3944679798; 14151.45; 1544.2
856; 0.143710343917883; 14716.1565156456; 14045.55; 1515.11
857; 0.142407924601306; 14556.0750394898; 13919.7; 1450.59
858; 0.137053957411627; 14444.4496393659; 13825.47; 1465.77
859; 0.13646864350491; 14272.8399571013; 13648.99; 1483.35
860; 0.134070516797547; 14154.3032383133; 13531.11; 1507.95
861; 0.134750314842703; 14020.3516214408; 13401.13; 1490.49
862; 0.124415515408574; 13848.384475107; 13274.97; 1494.59
863; 0.128046028001172; 13751.7915716567; 13154.46; 1512.49
864; 0.136026097714271; 13604.9233432446; 12956.07; 1546.21
865; 0.137133915713456; 13473.4908860583; 12824.65; 1533.39
866; 0.144373655437453; 13311.6402897264; 12635.79; 1516.83
867; 0.148503117558169; 13127.8997668922; 12433.88; 1513.95
868; 0.147518862372753; 12968.883623853; 12293.84; 1482.09
869; 0.156110369161155; 12760.0252037935; 12058.37; 1455.45
870; 0.157649750715696; 12590.0495771368; 11894.82; 1427.76
871; 0.158101886470748; 12315.2496746694; 11642.25; 1377.84
872; 0.157961771636252; 12140.8903426106; 11469.19; 1376.13
873; 0.155769595002101; 11877.2081159428; 11235.69; 1332.53
874; 0.146422213956505; 11593.5875002847; 11012.1; 1284.65
875; 0.144026628006435; 11422.8387351293; 10866.29; 1249.76
876; 0.14599822093463; 11192.5114831379; 10645.77; 1210.92
877; 0.154207017681701; 11075.3491302033; 10509.02; 1187.3
878; 0.151831408285337; 10884.2996940309; 10330.64; 1178.63
879; 0.149605548116312; 10720.0487551043; 10193.75; 1136.83
880; 0.149116910731116; 10633.208281265; 10109.79; 1134.09
881; 0.154426646599082; 10517.8424988088; 9979.85; 1125.33
882; 0.156038093812678; 10432.2497503737; 9891.73; 1118.72
883; 0.158900628724082; 10350.8345498844; 9795.02; 1129.43
884; 0.152419974045993; 10218.8792835213; 9695.26; 1109.03
885; 0.148348997621542; 10154.5391213452; 9644.88; 1108.83
886; 0.141284262873139; 10070.4546380474; 9598.29; 1078.41
887; 0.14155811673547; 10011.8180177041; 9533.9; 1089.26
888; 0.144079159636155; 9949.61147912031; 9478.5; 1054.82
889; 0.145405856391299; 9919.43176069939; 9465.16; 1007.67
890; 0.142633263455035; 9879.88371822417; 9433.9; 1008.35
891; 0.140208348302377; 9853.40193212094; 9408.11; 1024.03
892; 0.14232054640896; 9883.95232795379; 9432.88; 1021.76
893; 0.137570346046938; 9899.93043807417; 9463.6; 1022.36
894; 0.132350553435222; 9981.1005394362; 9551.22; 1046.8
895; 0.130967385974652; 10040.0977578987; 9605.56; 1069.14
896; 0.133152889951974; 10180.3780791154; 9731.54; 1086.02
897; 0.127700293174382; 10262.2611587879; 9819.83; 1116.08
898; 0.128691936233702; 10459.3201349391; 10007.83; 1129.97
899; 0.129052410338828; 10658.0791404813; 10203.23; 1135.01
900; 0.129970661683116; 10778.7820964842; 10302.21; 1180.62
901; 0.140137296987028; 10941.7834600342; 10410.07; 1221.5
902; 0.136496000346608; 11032.2589028289; 10506.52; 1239.79
903; 0.137154966719773; 11090.7907347372; 10552.68; 1262.66
904; 0.148843432938659; 11144.9160931883; 10574.7; 1232.72
905; 0.149316781907255; 11121.0817769763; 10548.03; 1234.76
906; 0.14216911205278; 11016.931833893; 10477.21; 1221.21
907; 0.147682904282666; 10897.281109097; 10347.55; 1197.22
908; 0.150019451411197; 10799.2847938814; 10275.37; 1123.04
909; 0.144558134144504; 10590.4603756043; 10095.42; 1101.09
910; 0.134134862720935; 10296.0894253286; 9857.05; 1052.24
911; 0.129499455428631; 10076.9875630975; 9654.96; 1047.5
912; 0.129486457122188; 9748.79070610961; 9338.38; 1018.6
913; 0.132023363740086; 9500.5761050258; 9092.46; 993.31
914; 0.133936353990165; 9128.05617446655; 8733.46; 946.53
915; 0.136839680110577; 8747.25356934262; 8353.23; 924.95
916; 0.13951604661857; 8507.71542458397; 8121.34; 889.45
917; 0.152168029614124; 8164.97643318405; 7752.42; 870.64
918; 0.156783966659905; 7860.79835615684; 7459.75; 821.3
919; 0.155312324119081; 7651.72220671843; 7264.7; 799.98
920; 0.157543043795033; 7363.84356414173; 6995.79; 749.9
921; 0.164587738135505; 7094.09377766124; 6721.88; 725.82
922; 0.166616723350957; 6911.96107155055; 6539.28; 717.81
923; 0.165333175303341; 6645.09356495515; 6288.76; 691.56
924; 0.159217579921415; 6477.74782243713; 6145.76; 668.97
925; 0.165445709509134; 6228.94485608885; 5898.34; 641.02
926; 0.177087761230016; 5990.85557150339; 5662.37; 594.98
927; 0.177623942320169; 5843.75060808528; 5522.49; 580.06
928; 0.162804892309226; 5598.81358838718; 5315.76; 557.52
929; 0.161415367858079; 5350.78837672015; 5094.54; 509
930; 0.160443276606956; 5170.86845695734; 4918.46; 504.36
931; 0.176482488590969; 4883.16473876579; 4620.77; 476.6
932; 0.180359229433171; 4554.28096619679; 4308.68; 436.45
933; 0.185029738810087; 4302.65729589916; 4066.76; 408.57
934; 0.173890950602157; 3877.38316841494; 3675.65; 371.73
935; 0.18088412862653; 3442.52497791795; 3254.36; 333.29
936; 0.189295587580414; 3149.60427412292; 2974.81; 295.81
937; 0.185012327483119; 2709.73207964528; 2559.82; 259.54
938; 0.186842581652913; 2304.33549491432; 2188.07; 199.29
939; 0.19240410281587; 2068.78960267293; 1968.44; 167.02
940; 0.137942762946977; 1761.78698236346; 1694.3; 156.65
941; 0.133733655770085; 1549.20879475341; 1492.72; 135.23
942; 0.152072927721062; 1449.14820423081; 1387.37; 130.04
943; 0.153833085631839; 1350.28050050341; 1286.69; 132.31
944; 0.173680864958193; 1314.97676700968; 1244.67; 129.55
945; 0.137360711733341; 1303.73777452604; 1249.62; 126.07
946; 0.106645514260546; 1320.06545922189; 1278.41; 124.97
947; 0.156125577544533; 1375.87990760296; 1312.83; 129.19
948; 0.158833274348296; 1416.42595909333; 1348.84; 136.11
949; 0.160807353848302; 1486.90888591341; 1415.09; 142.84
950; 0.164600292340353; 1567.78998835661; 1490.69; 149.79
951; 0.155198795018586; 1624.04258759742; 1540.43; 172.26
952; 0.16740623954966; 1716.1576902065; 1616.44; 190.44
953; 0.179948338082921; 1811.82169944001; 1698.68; 200.99
954; 0.163466302210201; 1867.27423708841; 1761.94; 205.96
955; 0.169894482088056; 1970.68727667023; 1851.17; 224.82
956; 0.162776582734667; 2054.72515969709; 1937.02; 231.07
957; 0.150881995406031; 2106.24507425474; 1996.3; 232.82
958; 0.153765336596782; 2195.49853042041; 2090.68; 217.78
959; 0.152753810473361; 2261.57475531917; 2161.75; 208.75
960; 0.151264310040217; 2304.63233653826; 2195.68; 230.05
961; 0.157662761140909; 2354.57628826675; 2242.09; 227.85
962; 0.156514686579117; 2397.85588888352; 2286.61; 226.96
963; 0.158140603212299; 2421.22380488421; 2305.87; 232.89
964; 0.162590194243258; 2453.35183647253; 2338.55; 225.41
965; 0.187102395106733; 2482.79153163992; 2344.92; 235.21
966; 0.168064621855794; 2501.36368661835; 2370.41; 248.69
967; 0.17996337305121; 2511.84160094474; 2385.29; 224.41
968; 0.182055526013294; 2526.43192500705; 2395.91; 228.76
969; 0.185203204769358; 2523.91065682272; 2396.97; 218.68
970; 0.191009921091358; 2527.89098503632; 2398.3; 216.43
971; 0.195297633187015; 2526.29891296759; 2389.14; 224.01
972; 0.181552242589435; 2505.61522005553; 2381.04; 218.84
973; 0.207301856520978; 2500.31072998333; 2367.5; 204.3
974; 0.203390329870567; 2489.70015705674; 2349.98; 219.04
975; 0.187865926329341; 2466.48658087624; 2340.69; 213.48
976; 0.172223430445256; 2445.3751057925; 2329.67; 214.16
977; 0.152413220115107; 2416.17944985806; 2314.39; 212.87
978; 0.151506272881374; 2395.47139293104; 2293; 215.55
979; 0.114670631735577; 2351.90956003799; 2270.94; 225.01
980; 0.1060750318218; 2327.60792582775; 2253.53; 222.51
981; 0.105907234721923; 2284.45382904626; 2211.65; 219
982; 0.122417759597468; 2252.8372593023; 2166.45; 224.79
983; 0.141646807307741; 2237.95101404122; 2136.66; 227.76
984; 0.140159255959082; 2203.79177511901; 2107.27; 219.31
985; 0.142307537866899; 2163.64682848167; 2067.62; 214.87
986; 0.149542865663329; 2135.31255979288; 2036.48; 210.42
987; 0.148934857591745; 2109.10094219235; 2005.72; 220.98
988; 0.123459611719097; 2067.0508707057; 1984.27; 213.43
989; 0.115572314617646; 2030.19263100338; 1952.57; 213.76
990; 0.116299384702705; 2006.62664342506; 1930.05; 209.54
991; 0.131751450244892; 1971.47350920615; 1880.21; 220.41
992; 0.134421262250388; 1934.57583120322; 1848.35; 204.08
993; 0.150998871900724; 1897.9247614242; 1804.62; 196.57
994; 0.147643366732004; 1872.05916657868; 1785.01; 187.54
995; 0.182661425092417; 1852.19969612505; 1738.71; 197.61
996; 0.20043394708456; 1814.73289749077; 1698.8; 183.94
997; 0.214879211308291; 1778.03975741479; 1659.01; 176.14
998; 0.225802876288138; 1748.55786419716; 1637.37; 156.56
999; 0.218829838113475; 1710.38441120132; 1600.11; 160.2
1000; 0.242954625288084; 1678.87180942281; 1558.01; 158.13
1001; 0.237657576012073; 1655.49291953059; 1537.83; 157.36
1002; 0.199315861154081; 1599.79609277264; 1513.64; 137.37
1003; 0.147105641466537; 1546.60269603771; 1482.74; 137.95
1004; 0.154212014249287; 1519.60512107682; 1458.8; 125.28
1005; 0.15124681730047; 1499.68672840979; 1439.4; 126.63
1006; 0.123329903300477; 1453.3950318886; 1403.8; 127.74
1007; 0.105469750501845; 1416.07647756094; 1377.82; 115.21
1008; 0.126881943217001; 1384.35687214808; 1336.17; 120.61
1009; 0.138721075154436; 1361.58551886124; 1307.77; 123.19
1010; 0.175139801839935; 1335.86607851884; 1274.54; 111.18
1011; 0.130298903522996; 1291.00252465143; 1243.99; 114.55
1012; 0.118343936720086; 1253.08847710023; 1208.87; 118.61
1013; 0.123598268640372; 1235.52061504599; 1190.37; 115.95
1014; 0.0835865571968184; 1192.88106358499; 1163.01; 113.42
1015; 0.078769216776421; 1166.6037137081; 1137.11; 118.82
1016; 0.115940093412594; 1154.13178596789; 1113.5; 111.2
1017; 0.0925786699221414; 1127.55808038185; 1094.83; 112.16
1018; 0.117318731009593; 1104.20695336884; 1066.64; 101.58
1019; 0.12622808681559; 1081.25328982553; 1043.81; 94.09
1020; 0.154802807810833; 1062.45351354891; 1015.07; 97.08
1021; 0.18935347542561; 1055.46795662201; 986.98; 114.7
1022; 0.217844582974174; 1030.49408857756; 965.88; 94.05
1023; 0.209525152129805; 998.26102061801; 931.74; 100.66
1024; 0.234144858295586; 977.967985808232; 909.96; 92.08
1025; 0.229732903107201; 963.316995523579; 889.66; 101.63
1026; 0.213975493442829; 933.20714340409; 858.31; 110.94
1027; 0.241663593679527; 905.778347811793; 822.79; 108.83
1028; 0.212556777796745; 874.980144672983; 812.16; 93.65
1029; 0.202445387550012; 853.994877740058; 790.63; 99.17
1030; 0.185839831092734; 828.700229335929; 774.07; 93.13
1031; 0.139542347482395; 800.432013894169; 765.45; 79.41
1032; 0.167494884045171; 782.93346822159; 747.55; 66.91
1033; 0.136207446048406; 758.557959743885; 731.51; 62.89
1034; 0.0769799995676023; 744.148401966132; 729.22; 61.41
1035; 0.124848919279631; 732.297905166863; 712.65; 49.83
1036; 0.119550605324051; 710.471947014255; 692.97; 46.35
1037; 0.153766059871657; 700.906236760896; 674.92; 53.5
1038; 0.14775191317567; 689.582819144772; 662.79; 57.4
1039; 0.283903205213487; 660.888917241794; 596.18; 72.14
1040; 0.00242273596309961; 691.619736188404; 690.97; 84.87
1041; 0.877125221620624; 584.019672247829; 731.93; -53.36
