# 06/03/2019 16:53:19
# NanoCalc data
# Original file name: C:\SVA_DATA\StudentProjects\2018_Nathan\PS-b-PI\PSbPI_133.dat
# Fit Result : Fitness; Thickness 1; Thickness 2; Thickness 3 
# Fit Result : 1.92524968968959; 2; 106.7; -1
# comment:PSbPI id:370 slowslow script start 16:33
#
# WaveLength; Reflectance; Raw Intensity; Dark Intensity; Reference Intensity
400; 0.457770010718989; 4323.01837036696; 3706.58; 652.97
401; 0.439971557168239; 4453.70805824038; 3827.82; 686.82
402; 0.443606069359731; 4559.82573255643; 3922.88; 690.19
403; 0.451564366729262; 4675.96056234521; 4026.52; 688.46
404; 0.463191987552468; 4790.63977498595; 4116.57; 693.7
405; 0.458706325837027; 4963.60164330956; 4267.86; 720.2
406; 0.47217230811547; 5083.48067048012; 4392.4; 692.25
407; 0.479908801058127; 5216.59749514827; 4498.1; 705.33
408; 0.481753986109995; 5337.23403721755; 4602.23; 715.92
409; 0.485888901494055; 5445.69706274638; 4697.66; 719.74
410; 0.487880275135982; 5614.94284749044; 4851.48; 728.85
411; 0.473615083105176; 5686.5286950489; 4933.69; 737.74
412; 0.461235537852678; 5768.35153829373; 5006.35; 764.04
413; 0.456708441540758; 5854.79165537035; 5074.69; 787.31
414; 0.431815010563017; 5957.63501099702; 5187.46; 819.34
415; 0.42558290758714; 6035.87370476991; 5262.83; 831.69
416; 0.416090426367579; 6101.23305083284; 5333.87; 841.6
417; 0.410171039727464; 6184.71727290101; 5432.16; 834.5
418; 0.397435387815222; 6297.82166205974; 5554.94; 847.33
419; 0.401725028736477; 6398.91037372385; 5639.25; 854.66
420; 0.393430074736494; 6512.19971915459; 5731.78; 893.85
421; 0.393303697565112; 6622.49486644812; 5844.55; 888.7
422; 0.39488899949569; 6796.81684593597; 5986.26; 919.54
423; 0.395682129958317; 6926.70665161373; 6097.41; 936.13
424; 0.385988950222519; 7055.74757499253; 6222.48; 961.37
425; 0.378311650519518; 7190.77041522702; 6336.9; 1002.4
426; 0.380473103560596; 7410.71627921425; 6501.39; 1058.55
427; 0.378430777129407; 7567.89864870258; 6648.16; 1073.5
428; 0.367769414855443; 7699.33735133163; 6783.3; 1097.16
429; 0.367526245438838; 7822.28512798412; 6907.86; 1093.25
430; 0.374373299231428; 8057.84996760746; 7111.68; 1107.74
431; 0.365289835491131; 8180.67703040533; 7247.41; 1117.05
432; 0.362303185978835; 8297.75904523321; 7363.78; 1124.31
433; 0.368481631590029; 8427.75302263602; 7451.35; 1152.9
434; 0.374188801050059; 8613.41405924942; 7622.06; 1149.92
435; 0.370904292986591; 8719.03041541038; 7725.43; 1160.22
436; 0.370258783345645; 8802.87206334641; 7810.18; 1158.66
437; 0.365388171710069; 8905.55185830177; 7906.48; 1178.93
438; 0.360644689863095; 9078.84420370422; 8054.32; 1222.03
439; 0.355081198677641; 9154.98384428532; 8136.76; 1230.73
440; 0.35149321804645; 9248.4304201254; 8228.69; 1242.29
441; 0.352609249015541; 9352.06728599207; 8339.09; 1227.41
442; 0.345369592330713; 9509.64472969177; 8479.44; 1271.58
443; 0.346968938965289; 9628.44372009642; 8574.86; 1291.6
444; 0.347659823335747; 9779.70086954213; 8692.65; 1327.07
445; 0.344136373829716; 9905.32068961716; 8808.71; 1349.4
446; 0.337811874681374; 10107.3680178793; 8995.09; 1391.12
447; 0.335172815904481; 10274.5688698936; 9152.97; 1410.79
448; 0.331936727186934; 10460.2741445239; 9325.63; 1437.98
449; 0.331572748339583; 10739.0348172325; 9579.28; 1468.31
450; 0.335406380428053; 10947.0019097241; 9774.98; 1463.74
451; 0.331237364143121; 11126.4918175328; 9949.44; 1485.53
452; 0.329674720107959; 11314.6964351756; 10146.84; 1477.89
453; 0.320718640917281; 11630.0544528131; 10453.15; 1527.91
454; 0.320452075046933; 11857.1330261496; 10674.94; 1533.01
455; 0.317755348515494; 12070.7394387986; 10869.94; 1567.29
456; 0.310276521944636; 12294.5804496992; 11067.31; 1637.27
457; 0.305359136326255; 12653.6423811683; 11406.59; 1687.26
458; 0.297550174200626; 12909.3558750728; 11668.57; 1719.54
459; 0.293701582838179; 13146.6156883569; 11888.18; 1763.56
460; 0.294822391525747; 13418.3173168105; 12120.23; 1808.82
461; 0.297472501910553; 13793.8961047332; 12477.98; 1813.95
462; 0.299199006471244; 14024.1174403509; 12696.02; 1816.78
463; 0.29675307216317; 14239.8605797233; 12920.83; 1815.95
464; 0.294407703516893; 14608.6007609633; 13251.1; 1880.37
465; 0.286109370660589; 14836.9886767091; 13499.29; 1903.39
466; 0.285860405229308; 15092.2776937538; 13714.15; 1959.18
467; 0.284778616738359; 15347.1142690823; 13941.45; 2002.55
468; 0.274707026786414; 15810.69887415; 14419.99; 2050.42
469; 0.269843639844126; 16122.3238916857; 14715.46; 2108.14
470; 0.270209204321623; 16465.2734991016; 15030.91; 2142.93
471; 0.265593764972835; 16893.4482178662; 15439.32; 2206.59
472; 0.268793599040105; 17553.8961469303; 16033.97; 2275.28
473; 0.269286391771519; 18034.3591965863; 16472.79; 2329.59
474; 0.268398612089605; 18538.7724247724; 16951.53; 2371.89
475; 0.265959189827879; 19404.3767018788; 17780.12; 2445.55
476; 0.264626775245385; 19989.8800903026; 18330.84; 2506.42
477; 0.261289288910361; 20597.6464344164; 18892.02; 2605.57
478; 0.258780418117257; 21318.7572485302; 19567.89; 2696.25
479; 0.255423704436156; 22364.3836477913; 20540.83; 2840.66
480; 0.247013765305703; 23079.9703547901; 21247.71; 2946.79
481; 0.246947000180697; 23826.9682517013; 21945.87; 3021.61
482; 0.245848910303483; 24944.6706668381; 23001.33; 3130.81
483; 0.244877231241459; 25688.4556135927; 23698.95; 3213.18
484; 0.238959680070468; 26375.0739555491; 24387.59; 3284.49
485; 0.238490081433897; 27103.9166174389; 25047.89; 3399.35
486; 0.238663265956096; 28117.8101334943; 25989.21; 3511.42
487; 0.239614042509079; 28743.9453161237; 26548.62; 3601.68
488; 0.237059741978398; 29352.6177148124; 27137.19; 3668.26
489; 0.234827160995823; 29924.39339882; 27674.23; 3755.82
490; 0.226931499360506; 30720.4544158179; 28469.58; 3882.15
491; 0.2247813968974; 31210.8161748928; 28962.28; 3910.11
492; 0.223833091037491; 31694.3255258709; 29398.31; 4004.35
493; 0.218816806953431; 32322.2342147661; 30045.96; 4055.79
494; 0.217297905508953; 32732.7057170002; 30450.65; 4089.41
495; 0.215061906902288; 33121.5023047355; 30849.74; 4108.15
496; 0.211501336781604; 33662.5234313325; 31406.65; 4142.99
497; 0.209814836808344; 34008.4387452231; 31767.86; 4142.86
498; 0.210161354086465; 34342.8207306459; 32067.12; 4195.67
499; 0.211664088316757; 34726.1528143022; 32404.94; 4243.83
500; 0.21517011511102; 35240.0335934168; 32863.49; 4268.88
501; 0.217609040450121; 35579.1855671714; 33146.16; 4315.77
502; 0.215099259375111; 35898.2460759445; 33476.28; 4340.55
503; 0.212711018175601; 36392.9843470952; 33974.55; 4377.29
504; 0.215126626804102; 36790.3263872273; 34328.61; 4399.96
505; 0.212883524388211; 37182.2108103046; 34741.28; 4403.53
506; 0.21311453711274; 37571.2611305433; 35107.34; 4434.89
507; 0.207705468597887; 38109.5743563639; 35715.47; 4416.36
508; 0.203793911476322; 38484.3492379817; 36120.4; 4439.31
509; 0.20037983060047; 38875.982913784; 36537.16; 4462.01
510; 0.193299311117775; 39473.2907436603; 37164.54; 4560.8
511; 0.193309941583977; 39909.0362510995; 37577.28; 4600.76
512; 0.185681711302232; 40263.9190551066; 38001.86; 4641.31
513; 0.178985174939247; 40791.6211090113; 38544.65; 4777.5
514; 0.176242572085177; 41195.4801644284; 38978.11; 4782.45
515; 0.175351175963639; 41628.3167521914; 39357.58; 4916.92
516; 0.175335248862618; 42024.2668289148; 39710.45; 5004.9
517; 0.173593991346808; 42652.1762779798; 40331.64; 5063.94
518; 0.173294792617557; 43090.0819965368; 40749.91; 5109.82
519; 0.17306991194165; 43507.5371401476; 41153.15; 5141.7
520; 0.174685387341876; 44163.8855210456; 41744.27; 5229.46
521; 0.173675771953407; 44578.1583959734; 42147.85; 5277.47
522; 0.172141500585564; 44993.4749242817; 42528.95; 5393.7
523; 0.169431281274674; 45577.2542514085; 43144.91; 5402.76
524; 0.167741347749547; 46002.0653525702; 43568.3; 5454.65
525; 0.167744524583864; 46382.4217624604; 43928.06; 5495.06
526; 0.163798091566956; 46863.4789506735; 44426.05; 5582.88
527; 0.163667227760151; 47232.2181453421; 44754.61; 5673.87
528; 0.158927989176477; 47530.7273086734; 45083.01; 5766.75
529; 0.15934665082857; 47839.4322236261; 45349.17; 5845.8
530; 0.161618480557496; 48241.6612628234; 45699.78; 5877.43
531; 0.160785613411708; 48446.2610526779; 45874.99; 5970.71
532; 0.157593786338122; 48619.3861799012; 46081.55; 6006.91
533; 0.156072974893089; 48897.4224761954; 46374.85; 6023.42
534; 0.156296442949706; 49063.8734172207; 46512.86; 6077.02
535; 0.154846454946212; 49228.2373124936; 46705.25; 6060.18
536; 0.153567672738344; 49421.5783459981; 46893.06; 6117.76
537; 0.151856466613325; 49567.2663082814; 47060.97; 6125.72
538; 0.146238832363372; 49686.8280712447; 47278.55; 6105.66
539; 0.142916279675978; 49923.0087397229; 47591.89; 6041.35
540; 0.143315599588106; 50093.3279424114; 47751.12; 6047.07
541; 0.144468605939965; 50305.5771723496; 47934.66; 6067.28
542; 0.14202180615583; 50592.4051380454; 48265.44; 6052.34
543; 0.141005595111309; 50793.5404296083; 48472.17; 6076.53
544; 0.139177509450779; 51023.6271119998; 48742.04; 6046.08
545; 0.136892088774577; 51383.4819679265; 49147.92; 6018.12
546; 0.140501825135633; 51707.419064927; 49400.39; 6046.02
547; 0.144426467567629; 51997.3435921663; 49589.44; 6133.58
548; 0.140725441004382; 52458.3213261681; 50065.48; 6250.24
549; 0.139841483817985; 52720.9062206576; 50321; 6302.83
550; 0.138074881337336; 53029.2299860394; 50631.34; 6372.71
551; 0.136792820718421; 53327.4926694573; 50941.36; 6395.47
552; 0.136919383530473; 53780.7226665227; 51381.82; 6418.3
553; 0.137581340254657; 54076.3944525651; 51642.05; 6476.44
554; 0.134507346765802; 54355.2247839407; 51958.5; 6516.52
555; 0.132273594084161; 54811.1666411721; 52472.31; 6461.05
556; 0.133980765655488; 55136.5180346357; 52774.37; 6436.57
557; 0.130547694273816; 55430.628958793; 53127.07; 6436.47
558; 0.131149735728861; 55951.702870878; 53628.3; 6456.57
559; 0.132769661837636; 56352.8168427631; 53982.54; 6500.87
560; 0.131606074805766; 56740.5646662322; 54374.65; 6540.64
561; 0.127620216189775; 57422.71863054; 55113.13; 6578.83
562; 0.129880891975136; 57971.9592452684; 55594.48; 6648.59
563; 0.126711605033218; 58457.8287091418; 56111.99; 6718.72
564; 0.126726043803239; 59279.5342298789; 56872.57; 6887.39
565; 0.127250311770474; 59821.7097264729; 57392.16; 6918.28
566; 0.124932636011476; 60297.3496940407; 57887.77; 6983.55
567; 0.123912127371847; 60996.8283973054; 58581.27; 7053.7
568; 0.124382759695674; 61349.7705537387; 58892.28; 7144.09
569; 0.125237400348915; 61548.3841751006; 59048.64; 7212.18
570; 0.123823677984943; 61665.8759771149; 59201.32; 7186.7
571; 0.126410240572149; 61703.7350011845; 59179.33; 7205.05
572; 0.126483044852139; 61645.2711582789; 59136.17; 7151.54
573; 0.127153447422493; 61431.4658744222; 58913.77; 7132.5
574; 0.126201985889977; 61201.9245467759; 58730.17; 7049.31
575; 0.121221251902345; 60775.6287530982; 58409.27; 7020.39
576; 0.120890271189009; 60616.1935632031; 58286.82; 6924.21
577; 0.117089900370509; 60406.7976106563; 58156.17; 6901.91
578; 0.11611975293129; 60171.9232147717; 57942.19; 6889.6
579; 0.115140465242107; 60041.3659988087; 57832.37; 6878.4
580; 0.112642584304518; 59907.6362763666; 57747.7; 6869.6
581; 0.111162445964961; 59688.0025967087; 57553.64; 6873.83
582; 0.112219002637997; 59614.3755851248; 57452.74; 6891.28
583; 0.113832070622539; 59550.680933407; 57372.5; 6841
584; 0.114307162234038; 59441.0128980433; 57257.56; 6824.62
585; 0.117146473778265; 59423.7983971314; 57205.45; 6761.24
586; 0.11664835263927; 59356.5606289445; 57145.37; 6763.8
587; 0.115357120766192; 59271.7848475894; 57079.59; 6776.52
588; 0.118729799560492; 59217.8631764926; 56937.13; 6845.66
589; 0.117457160227016; 59191.0618043481; 56955.2; 6779.63
590; 0.118533447823995; 59185.0871601555; 56919.06; 6804.44
591; 0.117666742860745; 59138.8261010589; 56871.59; 6853.91
592; 0.117161974784308; 59148.8886723545; 56866.08; 6926.36
593; 0.119052743300579; 59235.3942665786; 56885.37; 7012.64
594; 0.120028588208611; 59311.3508477189; 56949.44; 6986.4
595; 0.12044749324225; 59521.3689474529; 57139.71; 7015.88
596; 0.116941623861778; 59681.2120624681; 57370.84; 7005.49
597; 0.117926325738081; 59960.06230106; 57620.87; 7029.2
598; 0.116870331902164; 60426.415474761; 58084.9; 7095.26
599; 0.116959522699173; 60867.7557070009; 58524.45; 7090.77
600; 0.113607782450747; 61298.3493061329; 59020.31; 7092.14
601; 0.109233138703482; 62033.0512680887; 59811.73; 7187.95
602; 0.105737139416859; 62602.2715444985; 60413.01; 7313.98
603; 0.103903372060515; 63173.3653891024; 60992.44; 7410
604; 0.10626530347041; 64106.7113178746; 61857.75; 7466.56
605; 0.103005680226631; 64613.1166192695; 62404.92; 7558.6
606; 0.10339647276394; 65180.711704549; 62931.49; 7665.24
607; 0.102276189011327; 65820.3655666199; 63575.16; 7730.63
608; 0.104293968750619; 66219.7049390425; 63913.77; 7781.35
609; 0.106986085783458; 66680.1697298115; 64286.44; 7869.52
610; 0.108937651184573; 66832.3753514623; 64387.2; 7889.79
611; 0.109420633409359; 66926.0288834097; 64454.87; 7933.77
612; 0.105589154885982; 66859.1664079014; 64486.18; 7890.17
613; 0.108339506424248; 66832.9467128481; 64382.6; 7935.66
614; 0.108254414742052; 66684.3000431329; 64258.5; 7857.7
615; 0.10798080642497; 66344.8275959115; 63951.06; 7769
616; 0.107791322605688; 66031.1359963729; 63649.54; 7738.29
617; 0.105661952440842; 65463.1248603508; 63191.8; 7524.48
618; 0.10417812186932; 65068.7191119888; 62865.79; 7397.46
619; 0.101247345520282; 64645.3990730818; 62524.5; 7324.23
620; 0.105021677423456; 64089.4433428832; 61903.74; 7272.85
621; 0.106070796222484; 63698.0247372244; 61522.57; 7163.5
622; 0.106285390632571; 63292.6558996362; 61120.28; 7135.28
623; 0.106680303504023; 62740.0083882173; 60595.35; 7014.78
624; 0.108299984883183; 62413.2991357141; 60252.71; 6957.84
625; 0.108107049007187; 61927.0927047386; 59771.23; 6951.65
626; 0.107555807062943; 61631.952626132; 59483.48; 6959.96
627; 0.112370152689424; 61394.0555196424; 59165.07; 6908.27
628; 0.109295429590942; 60927.8200475779; 58794.21; 6795.41
629; 0.105611230329064; 60603.6788331545; 58562.43; 6724.97
630; 0.107283581213292; 60358.5524032095; 58288.09; 6711.82
631; 0.108937410791311; 59974.6012503923; 57859.83; 6748.49
632; 0.105883012135128; 59712.5887183256; 57682.5; 6662.28
633; 0.106505962196409; 59358.5468656774; 57342.16; 6575.79
634; 0.110494523232577; 59169.3081025294; 57084.01; 6552.04
635; 0.109742306473665; 58912.6066930469; 56861.14; 6486.39
636; 0.107674166323201; 58617.344504816; 56610.25; 6464.46
637; 0.107043541739319; 58383.749709722; 56396.33; 6434.92
638; 0.105728986055575; 58206.1390776254; 56258.02; 6382.24
639; 0.10458912702343; 57944.1077826749; 56020.93; 6365.53
640; 0.107081165857031; 57800.2052089177; 55817.61; 6405.6
641; 0.105384980715774; 57476.8058200981; 55521.74; 6414.99
642; 0.104183208807151; 57256.2398594269; 55345.1; 6339.9
643; 0.102180190914681; 57086.6955226925; 55211.6; 6339.15
644; 0.102964905091597; 56810.9983924531; 54932.43; 6299.39
645; 0.104400071576161; 56689.7563573543; 54787.8; 6287.41
646; 0.10416822434482; 56427.553644285; 54543.39; 6239.56
647; 0.103047807669395; 56247.0456982361; 54402.96; 6170.73
648; 0.101837743146272; 56034.8274531426; 54223.42; 6130.91
649; 0.105951377959941; 55863.1388649501; 53981.55; 6118.52
650; 0.105009805464726; 55733.8926338835; 53857.78; 6152.73
651; 0.107267835863006; 55595.6312970747; 53690.78; 6112.63
652; 0.110953745556664; 55507.1048940065; 53508.46; 6197.48
653; 0.112123419546811; 55389.7628294219; 53373.85; 6182.75
654; 0.116063608604463; 55266.4994224259; 53197.75; 6126.54
655; 0.115714038282883; 55155.5093032222; 53072.59; 6184.61
656; 0.116570202450414; 55030.1030821231; 52943.74; 6146.82
657; 0.116694952832832; 54974.5023191319; 52900.86; 6100.67
658; 0.117062463529228; 54904.6693984258; 52840.08; 6052.84
659; 0.117251691727649; 54782.3487200658; 52741.87; 5970.05
660; 0.11215061500267; 54659.8832371724; 52729.32; 5902.95
661; 0.107747059303023; 54463.3793338003; 52604.84; 5911.68
662; 0.106195280705142; 54354.0789160387; 52521.21; 5912.09
663; 0.104688353160987; 54245.581219491; 52451.09; 5868.51
664; 0.10464745980915; 54079.111234079; 52287.7; 5857.45
665; 0.105307073596693; 53943.2389536471; 52132.9; 5880.01
666; 0.104539659729157; 53768.9991343356; 51959.38; 5918.55
667; 0.104357432711715; 53599.0228058833; 51781.68; 5952.26
668; 0.104202158972231; 53421.9883705698; 51634.69; 5860.85
669; 0.104111877191175; 53225.7812538206; 51450.2; 5825.24
670; 0.106388464288066; 53116.106460178; 51293.57; 5849.09
671; 0.109195746975689; 52941.4166747652; 51072.93; 5839.11
672; 0.107558630867581; 52766.2770999872; 50919.86; 5854.67
673; 0.103988909573046; 52570.9843533096; 50787.07; 5847.19
674; 0.0999002179187615; 52263.1412299129; 50579.53; 5741.04
675; 0.0981010729944829; 52060.7395844444; 50427.07; 5670.38
676; 0.1012591730771; 51802.3340889735; 50091.77; 5749.54
677; 0.100503416559897; 51571.5867093842; 49872.31; 5752.67
678; 0.097991370646447; 51192.3717582507; 49530.92; 5766.75
679; 0.0965901446736476; 50944.2485037009; 49327.37; 5691.42
680; 0.0976630993673821; 50696.10633727; 49070.42; 5657.7
681; 0.10095198248201; 50338.1890327945; 48667.39; 5623.25
682; 0.103814785690903; 50097.1165024321; 48374.21; 5636.53
683; 0.1029841542136; 49750.5762997077; 48043.66; 5627.07
684; 0.0996605323340765; 49462.3106298967; 47814.76; 5610.48
685; 0.101448050903616; 49114.0515392101; 47448.75; 5568.84
686; 0.101697365017475; 48824.6082972473; 47154.8; 5568.22
687; 0.100134739930976; 48551.0853924079; 46914.24; 5541.32
688; 0.100399773704228; 48173.3983252961; 46556.39; 5457.75
689; 0.100629873944025; 47958.8198689855; 46363.53; 5370.2
690; 0.0992113269932691; 47601.0983119135; 46046.68; 5305.36
691; 0.0995347442786099; 47346.0163155709; 45810.71; 5221.06
692; 0.0999884051703678; 47119.1580340275; 45598.99; 5144.11
693; 0.0976930306783631; 46719.4858617662; 45273.63; 5005.64
694; 0.0939131519646006; 46439.0424333012; 45056.87; 4975.81
695; 0.0943306840442401; 46083.7623913821; 44704.09; 4942.74
696; 0.0956670626293477; 45855.198521412; 44432.28; 5024.34
697; 0.0947954390113179; 45466.9482377353; 44035.44; 5098.84
698; 0.0937506493542876; 45171.5951214851; 43744.03; 5139.29
699; 0.100059093612858; 44870.771994307; 43359.07; 5097.07
700; 0.101080749179737; 44653.0350661263; 43110.29; 5147.14
701; 0.101716070952818; 44447.3721883987; 42902.64; 5120.03
702; 0.104663461971505; 44148.7679590445; 42569.63; 5084.98
703; 0.103363327237914; 43898.953746512; 42344.57; 5066.69
704; 0.10303188285731; 43585.2221296703; 42087.37; 4896.64
705; 0.101085289849446; 43338.1385546153; 41885.5; 4838.37
706; 0.0969853594344428; 42991.9989248788; 41620.16; 4760.67
707; 0.0933841414293512; 42743.5243835589; 41416.61; 4780.31
708; 0.0886968504894646; 42506.0227179539; 41271.22; 4681.56
709; 0.0898930211748496; 42222.5135141898; 40978.27; 4652.88
710; 0.0915035757256431; 42032.2143113042; 40764.97; 4653.78
711; 0.0925648573944472; 41745.8738218701; 40463.52; 4654.28
712; 0.0912531694695187; 41515.8272101273; 40255.7; 4638.36
713; 0.0926113641601401; 41231.9953945378; 39964.91; 4594.59
714; 0.0929112720932303; 40951.4750107554; 39680.95; 4591.35
715; 0.0953606342981217; 40581.2009393841; 39286.31; 4557.68
716; 0.0984886844671208; 40298.9263261202; 38975.93; 4507.33
717; 0.0956689111689701; 39942.7278038851; 38672.49; 4453.37
718; 0.0935820697006579; 39442.3743264932; 38238.07; 4314.65
719; 0.0916911471760736; 39082.9104786538; 37915.28; 4267.7
720; 0.0949004614954721; 38573.0287091108; 37379.7; 4212.45
721; 0.0956810287627884; 38228.6507824182; 37030.83; 4192.27
722; 0.0990659055405003; 37798.282113737; 36569.84; 4151.01
723; 0.0984768790574725; 37482.9944825755; 36281.38; 4083.14
724; 0.100105257265854; 37064.4069393449; 35846.8; 4068.68
725; 0.100231890687248; 36838.6660375581; 35618.41; 4070.88
726; 0.0993005255896229; 36563.5465804471; 35362.68; 4042.28
727; 0.100992356518309; 36459.2090791768; 35264.68; 3952.13
728; 0.102243825568714; 36360.5102556303; 35147.92; 3961.44
729; 0.105517386059829; 36281.4483013233; 35036.8; 3938.93
730; 0.105749875863534; 36222.966270269; 34982.23; 3916.83
731; 0.106018040326976; 36234.386138021; 34979.16; 3952.18
732; 0.105573099843328; 36226.6252274989; 34973.38; 3962.08
733; 0.104688726244967; 36241.3437233691; 34983.99; 4008.15
734; 0.105960810056672; 36218.8672626748; 34934.58; 4044.48
735; 0.102196036994911; 36147.4228516908; 34904.98; 4055.84
736; 0.101095468607185; 36077.7099208238; 34849.66; 4051.37
737; 0.101229068910031; 36033.1103421254; 34798.35; 4066.75
738; 0.101524110326819; 35958.221983131; 34719.07; 4067.97
739; 0.100997815167756; 35879.4763644527; 34662.43; 4014.73
740; 0.102330656628145; 35834.273331462; 34599.66; 4018.14
741; 0.104212282515308; 35803.9026088981; 34559.08; 3976.86
742; 0.103618297361579; 35813.9057789447; 34577.6; 3971.06
743; 0.107786650317736; 35882.8846106741; 34597.75; 3966.91
744; 0.111624633627255; 36103.3059567932; 34756.32; 4013.5
745; 0.108648681341541; 36229.1785698671; 34929.32; 3977.68
746; 0.113122031525751; 36536.1565007876; 35180.48; 3982.95
747; 0.112138765424953; 36716.7571124978; 35380.24; 3959.61
748; 0.113499512717615; 36943.9580871356; 35579.02; 3993.96
749; 0.113378597833485; 37010.5571629046; 35638.56; 4017.77
750; 0.114255539971485; 37006.4368678355; 35621.81; 4022.63
751; 0.115341467904513; 36931.0109666414; 35526.21; 4042.69
752; 0.110355378552088; 36616.1318973391; 35272.84; 4040.09
753; 0.109807756653118; 36366.2434862424; 35021.98; 4063.05
754; 0.107977831321424; 35856.1037721369; 34535.94; 4057.58
755; 0.103395895976276; 35422.094429754; 34165.32; 4032.92
756; 0.10549187463006; 34855.2558785664; 33598.04; 3953.07
757; 0.104120095192918; 34478.1556608347; 33242.28; 3935.57
758; 0.103264031980364; 33876.3700913474; 32670.12; 3871.5
759; 0.107524407400009; 33528.4219635025; 32281.18; 3842.65
760; 0.110522468907966; 33193.6052781371; 31924.78; 3801.32
761; 0.110941462375598; 32623.549968227; 31362.01; 3763.45
762; 0.110717427030756; 32275.8272063939; 31037.12; 3701.07
763; 0.1154950458482; 31830.5302301858; 30554.28; 3654.01
764; 0.114675896672777; 31517.8158658141; 30276.78; 3577.22
765; 0.114251208455857; 31057.3907309338; 29844.63; 3508.38
766; 0.115653502488109; 30808.0492593712; 29592.35; 3473.91
767; 0.111578193322429; 30357.6461947077; 29220.25; 3368.97
768; 0.109777359117102; 30073.9350754461; 28985.12; 3278.08
769; 0.115115313798927; 29736.2680699148; 28613.79; 3222.52
770; 0.116610206938814; 29517.7811757903; 28396.16; 3178.58
771; 0.120238549661326; 29202.0993735786; 28063.51; 3128.02
772; 0.12143723673307; 28984.9194992407; 27824.41; 3155.48
773; 0.117682842330827; 28616.9768477858; 27511.03; 3101.69
774; 0.121819743734176; 28391.7569949333; 27250.38; 3090.89
775; 0.117725890118839; 28043.8907692687; 26923.11; 3139.57
776; 0.118640170580492; 27828.275062853; 26692.28; 3156.47
777; 0.116632763325616; 27480.4769235698; 26378.67; 3113.38
778; 0.116985711331879; 27262.8137305244; 26156.79; 3114.98
779; 0.117107419207916; 26932.2831078754; 25833.84; 3089.73
780; 0.115609026413851; 26716.2332836854; 25644.18; 3053.81
781; 0.122114553348984; 26494.917978768; 25391.25; 2975.72
782; 0.123463399102934; 26319.4965223768; 25220.98; 2928.73
783; 0.123564574242848; 26012.7961223773; 24943.53; 2847.78
784; 0.122429288689611; 25830.7739489056; 24783.44; 2814.52
785; 0.118991355566629; 25528.5862300993; 24512.17; 2809.55
786; 0.115778614098603; 25329.3380131569; 24354.29; 2769.2
787; 0.115151960382785; 25063.5932999523; 24111.29; 2718.46
788; 0.11388222713742; 24867.5184765084; 23935.54; 2689.25
789; 0.111716077670912; 24541.9072602963; 23629; 2684.53
790; 0.116576045046664; 24388.1460674166; 23429.19; 2701.61
791; 0.119214448182601; 24170.7825469905; 23215.9; 2629.93
792; 0.12396970434455; 24018.2506784517; 23023.05; 2635.25
793; 0.124429256619243; 23775.2678661628; 22777.42; 2632
794; 0.130279866478781; 23634.3400702533; 22595.01; 2617.89
795; 0.128733936456182; 23370.6555020326; 22336.97; 2634.77
796; 0.137355382121725; 23230.4400636336; 22112.83; 2669.71
797; 0.133451414452517; 23067.6036485235; 21984.92; 2661.85
798; 0.131042647205354; 22828.9874032695; 21770.62; 2649.81
799; 0.131520490032571; 22680.4442015619; 21624.52; 2633.75
800; 0.123444391669524; 22412.7826420077; 21451.6; 2553.96
801; 0.118632167610275; 22211.6991041685; 21296.11; 2530.61
802; 0.11965489188788; 22019.3428303243; 21094.24; 2534.16
803; 0.113600419865383; 21830.2182685798; 20965.53; 2493.87
804; 0.115002778866557; 21629.6874959504; 20777.34; 2427.37
805; 0.114996285183552; 21477.1609435299; 20626.73; 2421.43
806; 0.12038829326408; 21293.5686779495; 20408.68; 2406.08
807; 0.123912970164344; 21171.489687279; 20262.29; 2401.48
808; 0.127640392830758; 20988.9061671103; 20069.98; 2355.84
809; 0.137808975569778; 20915.3013089182; 19935.88; 2325.21
810; 0.132048588704666; 20693.4806857108; 19758.37; 2316.34
811; 0.131596012146339; 20554.3605674019; 19629.76; 2297.52
812; 0.12964838433108; 20348.4525726494; 19440.29; 2289.84
813; 0.132311837079606; 20249.0114770267; 19329.39; 2271.4
814; 0.127891569756647; 20074.7492687349; 19206.63; 2217.59
815; 0.126570807339702; 19959.2892265314; 19107.39; 2198.44
816; 0.119432076803844; 19747.6159283384; 18944.37; 2196.29
817; 0.119024413677847; 19582.1297139689; 18785.86; 2184.32
818; 0.114647394695183; 19445.6407196504; 18686.34; 2162.08
819; 0.120209913117315; 19256.3136319935; 18460.03; 2162.05
820; 0.120631151424029; 19114.9793188686; 18313.57; 2167.88
821; 0.12075186312569; 18944.754599643; 18130.17; 2200.68
822; 0.121164591410569; 18817.1512689819; 17998; 2204.84
823; 0.124372909214404; 18673.8388958524; 17836.87; 2194.12
824; 0.124163351297486; 18560.3889126436; 17730.5; 2178.67
825; 0.130936633491179; 18472.3028694749; 17610.23; 2146.02
826; 0.133530652690418; 18386.2686880368; 17535.63; 2076.42
827; 0.130621070471032; 18252.3413436911; 17428.2; 2056.75
828; 0.130491042555255; 18150.7105453297; 17337.68; 2031.24
829; 0.135876418102554; 18019.1155195631; 17185.3; 2000.41
830; 0.135578900719737; 17871.6156111455; 17061.23; 1948.34
831; 0.133969506101848; 17757.0882188438; 16971.77; 1909.83
832; 0.129586261978955; 17604.1959140155; 16860.01; 1870.11
833; 0.125581435312732; 17493.8084441283; 16770.25; 1875.35
834; 0.128465950321597; 17367.5694375623; 16645.37; 1828.97
835; 0.1250221551617; 17253.1317100945; 16549.23; 1831.26
836; 0.120775215514134; 17115.1406127688; 16453.14; 1782.35
837; 0.116226065539098; 17009.3200303029; 16379.07; 1763.51
838; 0.114021322479908; 16850.15347462; 16235.15; 1754.35
839; 0.117695181280181; 16717.3366149078; 16074.2; 1778.6
840; 0.121381030270997; 16644.467858243; 15981.44; 1777.93
841; 0.11869932888214; 16513.6789547965; 15866.44; 1776.81
842; 0.122394924128974; 16448.8722287355; 15776.56; 1789.51
843; 0.121227519606153; 16304.0296481923; 15646.69; 1766.05
844; 0.122792405384576; 16214.513822557; 15542.12; 1783.07
845; 0.127823350726428; 16089.10688635; 15390.02; 1780.43
846; 0.128239864544896; 16025.2808638381; 15331.09; 1761.82
847; 0.12416033098819; 15894.8947326046; 15227.78; 1748.28
848; 0.128713366983804; 15769.1134795568; 15098.25; 1695.53
849; 0.122658310224629; 15649.1583748556; 15011.88; 1689.72
850; 0.126294123780547; 15502.7601611392; 14856.35; 1664.16
851; 0.137940824484787; 15444.8259641129; 14747.7; 1642.82
852; 0.13687086242003; 15296.2908420259; 14619.18; 1607.71
853; 0.141812956254788; 15211.3712368836; 14518.29; 1587.92
854; 0.146463783136787; 15033.0438125056; 14338.6; 1540.12
855; 0.142664355365555; 14829.8252785553; 14151.45; 1544.2
856; 0.146437991335462; 14728.884744392; 14045.55; 1515.11
857; 0.147956122628671; 14580.8681452713; 13919.7; 1450.59
858; 0.143786001500789; 14474.8537101509; 13825.47; 1465.77
859; 0.153059818051172; 14348.6845120343; 13648.99; 1483.35
860; 0.149440737986088; 14225.7478642077; 13531.11; 1507.95
861; 0.146076120037405; 14072.3973881982; 13401.13; 1490.49
862; 0.145331503059754; 13944.7834655461; 13274.97; 1494.59
863; 0.150622126280627; 13857.1085149282; 13154.46; 1512.49
864; 0.153814611649272; 13689.7757129886; 12956.07; 1546.21
865; 0.156996393323195; 13567.4690059461; 12824.65; 1533.39
866; 0.159203335548003; 13381.0618442953; 12635.79; 1516.83
867; 0.155864569994496; 13162.3030413006; 12433.88; 1513.95
868; 0.15449422677331; 13000.8027641372; 12293.84; 1482.09
869; 0.154312347942554; 12751.9437999038; 12058.37; 1455.45
870; 0.154909928370655; 12577.9670618031; 11894.82; 1427.76
871; 0.159246178979151; 12320.1206379645; 11642.25; 1377.84
872; 0.158939927454003; 12145.049751505; 11469.19; 1376.13
873; 0.155986529257552; 11878.1015332676; 11235.69; 1332.53
874; 0.151838539524409; 11615.097389598; 11012.1; 1284.65
875; 0.153698493658474; 11460.2128281667; 10866.29; 1249.76
876; 0.161028612595527; 11248.7980500304; 10645.77; 1210.92
877; 0.16417009611188; 11111.9387849825; 10509.02; 1187.3
878; 0.165206299736202; 10933.0718050981; 10330.64; 1178.63
879; 0.164996063020947; 10774.191191242; 10193.75; 1136.83
880; 0.162869824931684; 10681.4826632781; 10109.79; 1134.09
881; 0.16198256345496; 10544.1658483058; 9979.85; 1125.33
882; 0.168459127631483; 10475.276513487; 9891.73; 1118.72
883; 0.169465607178199; 10387.7895247713; 9795.02; 1129.43
884; 0.171793259405805; 10285.4337220918; 9695.26; 1109.03
885; 0.164932776704682; 10211.5133807713; 9644.88; 1108.83
886; 0.1583107319376; 10127.3562096702; 9598.29; 1078.41
887; 0.157777035325161; 10066.5751280729; 9533.9; 1089.26
888; 0.156097133566432; 9988.90797063664; 9478.5; 1054.82
889; 0.154785233690609; 9948.73447481123; 9465.16; 1007.67
890; 0.151153751430126; 9906.5254623459; 9433.9; 1008.35
891; 0.151589523684643; 9889.54775109062; 9408.11; 1024.03
892; 0.145727523792829; 9894.75044009293; 9432.88; 1021.76
893; 0.14184842496022; 9913.49917654134; 9463.6; 1022.36
894; 0.133683793612376; 9985.43096338741; 9551.22; 1046.8
895; 0.139758948095997; 10069.2673535519; 9605.56; 1069.14
896; 0.140019164800976; 10203.5232441585; 9731.54; 1086.02
897; 0.13291315989609; 10280.3216863479; 9819.83; 1116.08
898; 0.134465516637971; 10479.5755967194; 10007.83; 1129.97
899; 0.133362484290272; 10673.2701270508; 10203.23; 1135.01
900; 0.130200835946556; 10779.6260918126; 10302.21; 1180.62
901; 0.139856084802994; 10940.7164756796; 10410.07; 1221.5
902; 0.141615684625013; 11051.9782879282; 10506.52; 1239.79
903; 0.141913951527904; 11109.4620294992; 10552.68; 1262.66
904; 0.153454226309985; 11162.5799466133; 10574.7; 1232.72
905; 0.151486200626354; 11129.4076278023; 10548.03; 1234.76
906; 0.155518018566932; 11067.6087791187; 10477.21; 1221.21
907; 0.166868758264682; 10968.6980468917; 10347.55; 1197.22
908; 0.164572827984581; 10850.1097316878; 10275.37; 1123.04
909; 0.144661098952998; 10590.8129793355; 10095.42; 1101.09
910; 0.142676204683416; 10324.046257659; 9857.05; 1052.24
911; 0.139157494805151; 10108.4622809555; 9654.96; 1047.5
912; 0.127796429650494; 9743.43411991969; 9338.38; 1018.6
913; 0.12831385761211; 9489.10912562434; 9092.46; 993.31
914; 0.118368089563184; 9082.18978044464; 8733.46; 946.53
915; 0.117836541330856; 8692.53490466401; 8353.23; 924.95
916; 0.120677210448541; 8455.5431942185; 8121.34; 889.45
917; 0.123425806893252; 8087.05080769245; 7752.42; 870.64
918; 0.116636476095947; 7758.10236346376; 7459.75; 821.3
919; 0.127057373011153; 7581.31379843186; 7264.7; 799.98
920; 0.131413504650564; 7302.7994851406; 6995.79; 749.9
921; 0.143009719615893; 7045.29527129246; 6721.88; 725.82
922; 0.14621689602154; 6866.33162118284; 6539.28; 717.81
923; 0.152971143500487; 6618.45035282112; 6288.76; 691.56
924; 0.152677147864659; 6464.11023419221; 6145.76; 668.97
925; 0.167153816248862; 6232.35811101427; 5898.34; 641.02
926; 0.177728060817372; 5992.04328303368; 5662.37; 594.98
927; 0.177640704317905; 5843.78092477297; 5522.49; 580.06
928; 0.164492757581614; 5601.74812134432; 5315.76; 557.52
929; 0.168506075540651; 5362.04494019094; 5094.54; 509
930; 0.167349362750518; 5181.7330726893; 4918.46; 504.36
931; 0.175648387481648; 4881.92459452014; 4620.77; 476.6
932; 0.175148387001251; 4547.18519438627; 4308.68; 436.45
933; 0.171449483345323; 4285.34361669083; 4066.76; 408.57
934; 0.163077622702689; 3864.83848514813; 3675.65; 371.73
935; 0.169432804341815; 3430.61272117367; 3254.36; 333.29
936; 0.166177794788652; 3128.25745953516; 2974.81; 295.81
937; 0.156283591249228; 2686.45371407368; 2559.82; 259.54
938; 0.166840822432512; 2291.88911136329; 2188.07; 199.29
939; 0.160115358183567; 2051.94919933829; 1968.44; 167.02
940; 0.158430434513785; 1771.81035075306; 1694.3; 156.65
941; 0.146521841062608; 1554.61049539562; 1492.72; 135.23
942; 0.175150726675254; 1458.52334416107; 1387.37; 130.04
943; 0.176220012416181; 1359.53465979627; 1286.69; 132.31
944; 0.175026929111858; 1315.52165961402; 1244.67; 129.55
945; 0.158443677531018; 1312.04410298766; 1249.62; 126.07
946; 0.135096941464654; 1331.17851234862; 1278.41; 124.97
947; 0.161441904165289; 1378.02685820195; 1312.83; 129.19
948; 0.173305620947028; 1422.58416132911; 1348.84; 136.11
949; 0.173689774621667; 1492.66236102304; 1415.09; 142.84
950; 0.188241706376034; 1578.86380068689; 1490.69; 149.79
951; 0.194586249996123; 1645.26238527145; 1540.43; 172.26
952; 0.189366644032715; 1729.23868896104; 1616.44; 190.44
953; 0.178913205515893; 1811.17086454469; 1698.68; 200.99
954; 0.170758564550831; 1871.9732171223; 1761.94; 205.96
955; 0.146490999392624; 1954.22340755583; 1851.17; 224.82
956; 0.155255962667407; 2049.28693405575; 1937.02; 231.07
957; 0.13845256500651; 2097.18796545563; 1996.3; 232.82
958; 0.12953020107328; 2178.97795857804; 2090.68; 217.78
959; 0.139080588472012; 2252.63929219403; 2161.75; 208.75
960; 0.129105106783795; 2288.67155259675; 2195.68; 230.05
961; 0.167301875307987; 2361.45342378681; 2242.09; 227.85
962; 0.202998446436744; 2430.8951345737; 2286.61; 226.96
963; 0.200505849352388; 2452.12663589565; 2305.87; 232.89
964; 0.212344700258474; 2488.48254463064; 2338.55; 225.41
965; 0.198787832394875; 2491.40226661143; 2344.92; 235.21
966; 0.179964155324512; 2510.63564260504; 2370.41; 248.69
967; 0.201085672973247; 2526.69496152278; 2385.29; 224.41
968; 0.170772166623719; 2518.34249306107; 2395.91; 228.76
969; 0.147091080145424; 2497.78811677977; 2396.97; 218.68
970; 0.151923282469645; 2501.37259284075; 2398.3; 216.43
971; 0.134502659210411; 2483.60217154554; 2389.14; 224.01
972; 0.150632682373921; 2484.39922755149; 2381.04; 218.84
973; 0.161970588863883; 2471.26864203657; 2367.5; 204.3
974; 0.148554180953672; 2452.03014912701; 2349.98; 219.04
975; 0.14983096605874; 2441.01805633168; 2340.69; 213.48
976; 0.159417705718016; 2436.77181801404; 2329.67; 214.16
977; 0.156627631806713; 2418.99405247087; 2314.39; 212.87
978; 0.143285549176866; 2389.91129965648; 2293; 215.55
979; 0.137277723944566; 2367.87255145257; 2270.94; 225.01
980; 0.139395373577992; 2350.87732073415; 2253.53; 222.51
981; 0.159825268265509; 2321.51871235592; 2211.65; 219
982; 0.1630870300393; 2281.53658220158; 2166.45; 224.79
983; 0.159675135343666; 2250.84299277999; 2136.66; 227.76
984; 0.148667851680823; 2209.65128655272; 2107.27; 219.31
985; 0.173052262753361; 2184.39287235005; 2067.62; 214.87
986; 0.154180103971278; 2138.37730066374; 2036.48; 210.42
987; 0.155090427080139; 2113.37374027152; 2005.72; 220.98
988; 0.151078213282185; 2085.56941173487; 1984.27; 213.43
989; 0.132613693967002; 2041.63825018476; 1952.57; 213.76
990; 0.123961044425881; 2011.67141804846; 1930.05; 209.54
991; 0.13538659546254; 1973.9915544225; 1880.21; 220.41
992; 0.13025296708418; 1931.90203756828; 1848.35; 204.08
993; 0.156599612424021; 1901.38555389071; 1804.62; 196.57
994; 0.152177073874571; 1874.73219847309; 1785.01; 187.54
995; 0.14039761602969; 1825.94069346376; 1738.71; 197.61
996; 0.152927398029802; 1787.25465859054; 1698.8; 183.94
997; 0.160682455851766; 1748.01811588241; 1659.01; 176.14
998; 0.178647591477023; 1725.33807404238; 1637.37; 156.56
999; 0.165589116806496; 1683.55493838045; 1600.11; 160.2
1000; 0.182056866596083; 1648.57720895336; 1558.01; 158.13
1001; 0.158930362198464; 1616.5155219687; 1537.83; 157.36
1002; 0.165677468534247; 1585.25559178844; 1513.64; 137.37
1003; 0.166558301602736; 1555.04764287332; 1482.74; 137.95
1004; 0.191889971861375; 1534.46137456448; 1458.8; 125.28
1005; 0.152604079445956; 1500.2277308309; 1439.4; 126.63
1006; 0.145628681711818; 1462.36210797308; 1403.8; 127.74
1007; 0.11763611135749; 1420.48951645463; 1377.82; 115.21
1008; 0.135326680585795; 1387.5639910619; 1336.17; 120.61
1009; 0.147717508201217; 1365.07559931062; 1307.77; 123.19
1010; 0.128490456644096; 1319.53157673068; 1274.54; 111.18
1011; 0.0890883802213863; 1276.13355269363; 1243.99; 114.55
1012; 0.100365511705291; 1246.37095023026; 1208.87; 118.61
1013; 0.0740270896064201; 1217.4121961615; 1190.37; 115.95
1014; 0.0719558681314218; 1188.72464101824; 1163.01; 113.42
1015; 0.0898729821501895; 1170.76131854941; 1137.11; 118.82
1016; 0.10559677495139; 1150.5069182492; 1113.5; 111.2
1017; 0.132444537284602; 1141.65131927401; 1094.83; 112.16
1018; 0.171425485833716; 1121.53262607195; 1066.64; 101.58
1019; 0.218122649354228; 1108.51215768393; 1043.81; 94.09
1020; 0.235964692608643; 1087.29631402752; 1015.07; 97.08
1021; 0.226480860686223; 1068.8966974756; 986.98; 114.7
1022; 0.220554274874586; 1031.29780042608; 965.88; 94.05
1023; 0.204831212924725; 996.770766949337; 931.74; 100.66
1024; 0.195258436865845; 966.673323111055; 909.96; 92.08
1025; 0.176078340590123; 946.114262185482; 889.66; 101.63
1026; 0.145994157500636; 909.411858322883; 858.31; 110.94
1027; 0.191159112007647; 888.434885243747; 822.79; 108.83
1028; 0.177946042277477; 864.751106412731; 812.16; 93.65
1029; 0.182677893261358; 847.807703638507; 790.63; 99.17
1030; 0.184458478452147; 828.294161319695; 774.07; 93.13
1031; 0.172848426526134; 808.781548934171; 765.45; 79.41
1032; 0.178982823687601; 785.360307402898; 747.55; 66.91
1033; 0.172838078517974; 765.83203984137; 731.51; 62.89
1034; 0.0985256797199277; 748.326663537375; 729.22; 61.41
1035; 0.120540544469976; 731.619881358793; 712.65; 49.83
1036; 0.127850549883481; 711.687040735501; 692.97; 46.35
1037; 0.0812027011764331; 688.643136433075; 674.92; 53.5
1038; 0.0846238262557393; 678.13539095621; 662.79; 57.4
1039; 0.49146480340104; 708.197598627033; 596.18; 72.14
1040; -0.260469164001683; 621.116642311501; 690.97; 84.87
1041; 0.520397213929939; 644.17500153869; 731.93; -53.36
