# 06/03/2019 18:20:19
# NanoCalc data
# Original file name: C:\SVA_DATA\StudentProjects\2018_Nathan\PS-b-PI\PSbPI_655.dat
# Fit Result : Fitness; Thickness 1; Thickness 2; Thickness 3 
# Fit Result : 0.138373786810983; 2; 143.8; -1
# comment:PSbPI id:370 slowslow script start 16:33
#
# WaveLength; Reflectance; Raw Intensity; Dark Intensity; Reference Intensity
400; 0.497409265803773; 4376.39704794492; 3706.58; 652.97
401; 0.488108811803829; 4522.18642313017; 3827.82; 686.82
402; 0.483825086237548; 4617.57366013758; 3922.88; 690.19
403; 0.476837733819398; 4712.30875751894; 4026.52; 688.46
404; 0.491772459122381; 4832.23210075549; 4116.57; 693.7
405; 0.486448863380182; 5005.68006597929; 4267.86; 720.2
406; 0.493183997154774; 5114.23379153281; 4392.4; 692.25
407; 0.493062215646791; 5236.29018553812; 4498.1; 705.33
408; 0.475337151451713; 5327.44397939556; 4602.23; 715.92
409; 0.482517867353351; 5440.50727868406; 4697.66; 719.74
410; 0.480260229688771; 5603.01856628536; 4851.48; 728.85
411; 0.487371710141603; 5708.39565308258; 4933.69; 737.74
412; 0.483716927806734; 5805.49276511186; 5006.35; 764.04
413; 0.475608667290781; 5887.07504681528; 5074.69; 787.31
414; 0.47088983588309; 6027.32794265624; 5187.46; 819.34
415; 0.463808945903831; 6105.30882011923; 5262.83; 831.69
416; 0.474528619009446; 6209.00604186822; 5333.87; 841.6
417; 0.479260745125555; 6311.47892900055; 5432.16; 834.5
418; 0.471407199022897; 6436.08892194721; 5554.94; 847.33
419; 0.490835900047001; 6567.4186641222; 5639.25; 854.66
420; 0.467600510480347; 6659.32642438057; 5731.78; 893.85
421; 0.475192309900362; 6784.46849136228; 5844.55; 888.7
422; 0.477056502010069; 6965.47546079115; 5986.26; 919.54
423; 0.475375528824518; 7093.73332234667; 6097.41; 936.13
424; 0.469772931483549; 7236.61926794734; 6222.48; 961.37
425; 0.462593939416256; 7381.00022421575; 6336.9; 1002.4
426; 0.461139517609596; 7603.50806780135; 6501.39; 1058.55
427; 0.459995100337674; 7766.13268500101; 6648.16; 1073.5
428; 0.454412369573043; 7915.14698515409; 6783.3; 1097.16
429; 0.457040733385206; 8045.00200361583; 6907.86; 1093.25
430; 0.456983669667885; 8266.63475989999; 7111.68; 1107.74
431; 0.45700821835378; 8415.00532123423; 7247.41; 1117.05
432; 0.45322936775633; 8532.15706250101; 7363.78; 1124.31
433; 0.455692054852693; 8658.84329574296; 7451.35; 1152.9
434; 0.451257736055213; 8817.59601591137; 7622.06; 1149.92
435; 0.448230036358823; 8926.17520232538; 7725.43; 1160.22
436; 0.44294927983308; 8997.76083355128; 7810.18; 1158.66
437; 0.43950870290429; 9108.21779708121; 7906.48; 1178.93
438; 0.43113258971633; 9279.08716165635; 8054.32; 1222.03
439; 0.432873636587096; 9378.05990542142; 8136.76; 1230.73
440; 0.433987436787412; 9487.7599006325; 8228.69; 1242.29
441; 0.432657537026502; 9582.03033365472; 8339.09; 1227.41
442; 0.429363448305891; 9760.19043380754; 8479.44; 1271.58
443; 0.432929101599234; 9889.46485990809; 8574.86; 1291.6
444; 0.431398133093905; 10041.5309584008; 8692.65; 1327.07
445; 0.433323910842933; 10189.5219944107; 8808.71; 1349.4
446; 0.427520795042254; 10402.7432477146; 8995.09; 1391.12
447; 0.42687008018402; 10581.4181819738; 9152.97; 1410.79
448; 0.420960232788781; 10764.5791252115; 9325.63; 1437.98
449; 0.428342575209526; 11077.5103808521; 9579.28; 1468.31
450; 0.430514234700193; 11279.3405159591; 9774.98; 1463.74
451; 0.435633265911501; 11497.4626053161; 9949.44; 1485.53
452; 0.435501561878898; 11689.5828023681; 10146.84; 1477.89
453; 0.429894692067358; 12030.6852997498; 10453.15; 1527.91
454; 0.435995314111068; 12283.3883762526; 10674.94; 1533.01
455; 0.437253707719304; 12522.32448163; 10869.94; 1567.29
456; 0.433701649769418; 12782.7772722636; 11067.31; 1637.27
457; 0.426803347150712; 13149.6068841787; 11406.59; 1687.26
458; 0.424073855830972; 13436.9603285096; 11668.57; 1719.54
459; 0.416451886047995; 13672.56914364; 11888.18; 1763.56
460; 0.418347331456495; 13962.1910606062; 12120.23; 1808.82
461; 0.423502219730482; 14351.4082589292; 12477.98; 1813.95
462; 0.425396004936559; 14584.286114099; 12696.02; 1816.78
463; 0.425701305507854; 14813.0194749054; 12920.83; 1815.95
464; 0.418687687081112; 15181.6502098927; 13251.1; 1880.37
465; 0.414312337885452; 15436.399102208; 13499.29; 1903.39
466; 0.407709882024901; 15679.7117537689; 13714.15; 1959.18
467; 0.408929687956619; 15959.9226560973; 13941.45; 2002.55
468; 0.402942391112975; 16459.8925305156; 14419.99; 2050.42
469; 0.39793259509926; 16790.1318347459; 14715.46; 2108.14
470; 0.402704931093302; 17168.606439759; 15030.91; 2142.93
471; 0.396103832596837; 17607.9919951536; 15439.32; 2206.59
472; 0.401484287836843; 18304.2118094929; 16033.97; 2275.28
473; 0.401401812925196; 18800.4854412524; 16472.79; 2329.59
474; 0.404635616553016; 19344.4440771878; 16951.53; 2371.89
475; 0.405693524200595; 20257.7573624017; 17780.12; 2445.55
476; 0.406965139655383; 20882.25030766; 18330.84; 2506.42
477; 0.404327292008293; 21531.3601745678; 18892.02; 2605.57
478; 0.404564777524496; 22305.1110928092; 19567.89; 2696.25
479; 0.404740636640761; 23430.4062278012; 20540.83; 2840.66
480; 0.397670077321157; 24197.4853538558; 21247.71; 2946.79
481; 0.40054066191169; 24996.9552057569; 21945.87; 3021.61
482; 0.397993007985043; 26147.3109871835; 23001.33; 3130.81
483; 0.398434816744438; 26936.0345608844; 23698.95; 3213.18
484; 0.397148697176055; 27690.7692784954; 24387.59; 3284.49
485; 0.398070401724086; 28479.6609845143; 25047.89; 3399.35
486; 0.395973560520443; 29520.8359098671; 25989.21; 3511.42
487; 0.395961568812931; 30176.3892539415; 26548.62; 3601.68
488; 0.392565127144033; 30805.8840400998; 27137.19; 3668.26
489; 0.392225650255688; 31432.6189297176; 27674.23; 3755.82
490; 0.382252625802374; 32261.0442005291; 28469.58; 3882.15
491; 0.380280275363591; 32766.304565892; 28962.28; 3910.11
492; 0.378119338263193; 33276.9495133099; 29398.31; 4004.35
493; 0.37602009922575; 33957.564725516; 30045.96; 4055.79
494; 0.379165998250275; 34432.639297009; 30450.65; 4089.41
495; 0.377482686510116; 34837.2008676914; 30849.74; 4108.15
496; 0.376381149358468; 35421.1316473141; 31406.65; 4142.99
497; 0.375859776026807; 35781.6058254168; 31767.86; 4142.86
498; 0.373833933785862; 36115.1247340516; 32067.12; 4195.67
499; 0.378741898503712; 36558.4105065524; 32404.94; 4243.83
500; 0.382085983613437; 37083.6113492048; 32863.49; 4268.88
501; 0.379608546491033; 37390.4565476941; 33146.16; 4315.77
502; 0.379471805173275; 37749.0415221787; 33476.28; 4340.55
503; 0.374084691143597; 38227.7347834854; 33974.55; 4377.29
504; 0.378528601030282; 38660.152189982; 34328.61; 4399.96
505; 0.374945812895871; 39040.4233438656; 34741.28; 4403.53
506; 0.377106309803715; 39467.2500172836; 35107.34; 4434.89
507; 0.374988280562259; 40037.7494379939; 35715.47; 4416.36
508; 0.370611764839388; 40419.3871126788; 36120.4; 4439.31
509; 0.368783702419278; 40841.5841072748; 36537.16; 4462.01
510; 0.36256486599771; 41494.9843205557; 37164.54; 4560.8
511; 0.360275463521646; 41923.0190618446; 37577.28; 4600.76
512; 0.358217659590028; 42365.8304464798; 38001.86; 4641.31
513; 0.349027110457988; 42926.3192289012; 38544.65; 4777.5
514; 0.347515855044858; 43350.329943941; 38978.11; 4782.45
515; 0.344123454697474; 43813.8590729995; 39357.58; 4916.92
516; 0.341017711826739; 44210.7003814906; 39710.45; 5004.9
517; 0.342492858235873; 44909.9499767408; 40331.64; 5063.94
518; 0.342858088506772; 45379.8638802667; 40749.91; 5109.82
519; 0.342894694897745; 45817.7785945084; 41153.15; 5141.7
520; 0.346020985959222; 46537.1021937763; 41744.27; 5229.46
521; 0.344099832366569; 46962.9644068493; 42147.85; 5277.47
522; 0.341635787751017; 47420.1000775519; 42528.95; 5393.7
523; 0.341157391696399; 48042.5429180502; 43144.91; 5402.76
524; 0.340236563684526; 48504.8047525987; 43568.3; 5454.65
525; 0.338250893847809; 48877.1935829745; 43928.06; 5495.06
526; 0.337331409750598; 49445.7748101728; 44426.05; 5582.88
527; 0.335664934598913; 49835.9337778227; 44754.61; 5673.87
528; 0.329071057238616; 50151.1727997696; 45083.01; 5766.75
529; 0.326348920957698; 50449.3361180592; 45349.17; 5845.8
530; 0.328267076501686; 50862.65449358; 45699.78; 5877.43
531; 0.326553586326903; 51097.2096119033; 45874.99; 5970.71
532; 0.326397178338179; 51337.7379973304; 46081.55; 6006.91
533; 0.325581084563746; 51637.1440214535; 46374.85; 6023.42
534; 0.322915244924276; 51783.3646057382; 46512.86; 6077.02
535; 0.324411594736706; 51991.0431932044; 46705.25; 6060.18
536; 0.321653639578534; 52189.1429205058; 46893.06; 6117.76
537; 0.320711795081699; 52354.1182337351; 47060.97; 6125.72
538; 0.317027492735889; 52499.3955606403; 47278.55; 6105.66
539; 0.316298265261424; 52751.0560177863; 47591.89; 6041.35
540; 0.313621241664695; 52876.6343560585; 47751.12; 6047.07
541; 0.313431551142075; 53078.478216587; 47934.66; 6067.28
542; 0.308864255810445; 53326.0456570682; 48265.44; 6052.34
543; 0.305072987092445; 53494.5764552165; 48472.17; 6076.53
544; 0.302716646712509; 53704.5831756365; 48742.04; 6046.08
545; 0.301018515387585; 54063.8033842498; 49147.92; 6018.12
546; 0.304769290294231; 54404.6780946723; 49400.39; 6046.02
547; 0.304649288801682; 54668.6067843913; 49589.44; 6133.58
548; 0.296292740921692; 55103.5279184213; 50065.48; 6250.24
549; 0.293561554020911; 55358.9914486441; 50321; 6302.83
550; 0.293238476583712; 55723.89267657; 50631.34; 6372.71
551; 0.292279170889314; 56039.7041572308; 50941.36; 6395.47
552; 0.292230807466067; 56501.8639645158; 51381.82; 6418.3
553; 0.289076576095303; 56756.9293730427; 51642.05; 6476.44
554; 0.283176686160025; 57004.2956258379; 51958.5; 6516.52
555; 0.280671651005496; 57435.1354186945; 52472.31; 6461.05
556; 0.284010199786125; 57781.6121362805; 52774.37; 6436.57
557; 0.282345665416208; 58109.1563605733; 53127.07; 6436.47
558; 0.282091368372052; 58625.7320686435; 53628.3; 6456.57
559; 0.279272250965867; 58968.2614376294; 53982.54; 6500.87
560; 0.279145355749088; 59392.9144847671; 54374.65; 6540.64
561; 0.277203227962084; 60129.7758165074; 55113.13; 6578.83
562; 0.278000802979211; 60683.3050704157; 55594.48; 6648.59
563; 0.276127399055724; 61223.9948648247; 56111.99; 6718.72
564; 0.275333272416943; 62102.0975549834; 56872.57; 6887.39
565; 0.277674512551763; 62693.7111446091; 57392.16; 6918.28
566; 0.273876196332835; 63170.0288431103; 57887.77; 6983.55
567; 0.272910479925547; 63901.4207832928; 58581.27; 7053.7
568; 0.269746275525001; 64221.7880896322; 58892.28; 7144.09
569; 0.268153996926193; 64401.0059064997; 59048.64; 7212.18
570; 0.267056142413169; 64516.739657375; 59201.32; 7186.7
571; 0.265323979950267; 64477.8341313828; 59179.33; 7205.05
572; 0.264647598713012; 64386.1036748479; 59136.17; 7151.54
573; 0.258368105573546; 64029.5755614757; 58913.77; 7132.5
574; 0.258262463737167; 63788.4217739492; 58730.17; 7049.31
575; 0.256194245910617; 63410.4351157701; 58409.27; 7020.39
576; 0.256400664342398; 63227.2748706248; 58286.82; 6924.21
577; 0.25405395866654; 63039.4336475235; 58156.17; 6901.91
578; 0.252919902010092; 62798.7617025112; 57942.19; 6889.6
579; 0.252019503037018; 62667.4214535435; 57832.37; 6878.4
580; 0.251227089040117; 62565.0122675948; 57747.7; 6869.6
581; 0.250880252995602; 62370.639334608; 57553.64; 6873.83
582; 0.249214065072164; 62253.2637857211; 57452.74; 6891.28
583; 0.249908247110494; 62154.5036654017; 57372.5; 6841
584; 0.249426551132127; 62022.0132090066; 57257.56; 6824.62
585; 0.253583710447277; 62007.4470167786; 57205.45; 6761.24
586; 0.24981572027857; 61880.8863373051; 57145.37; 6763.8
587; 0.245612527195071; 61747.1000162368; 57079.59; 6776.52
588; 0.244170565132067; 61627.5102641047; 56937.13; 6845.66
589; 0.24491803873091; 61617.3499015974; 56955.2; 6779.63
590; 0.244986076915026; 61602.5068611231; 56919.06; 6804.44
591; 0.242379174386356; 61541.8205252381; 56871.59; 6853.91
592; 0.241537822742217; 61572.2539738737; 56866.08; 6926.36
593; 0.238355914263746; 61590.3618134865; 56885.37; 7012.64
594; 0.241851939494091; 61708.5788681515; 56949.44; 6986.4
595; 0.24079506572907; 61901.0521197792; 57139.71; 7015.88
596; 0.23836647013062; 62080.1574785213; 57370.84; 7005.49
597; 0.236804871646149; 62318.1428874677; 57620.87; 7029.2
598; 0.23403620276203; 62773.8521190061; 58084.9; 7095.26
599; 0.232301912117692; 63178.6618491089; 58524.45; 7090.77
600; 0.22970299012709; 63626.265938561; 59020.31; 7092.14
601; 0.226411141516598; 64415.9361040494; 59811.73; 7187.95
602; 0.221269456772275; 64994.3398464019; 60413.01; 7313.98
603; 0.218399818921636; 65576.6387667555; 60992.44; 7410
604; 0.216480475120198; 66439.2662496195; 61857.75; 7466.56
605; 0.21231200764134; 66956.3841180217; 62404.92; 7558.6
606; 0.210620638293124; 67513.1986251715; 62931.49; 7665.24
607; 0.211705310739036; 68222.5950163911; 63575.16; 7730.63
608; 0.212217688803692; 68605.8935154586; 63913.77; 7781.35
609; 0.210929617575265; 69005.8247011997; 64286.44; 7869.52
610; 0.21311658827505; 69170.7383172984; 64387.2; 7889.79
611; 0.212796289867538; 69260.6678251276; 64454.87; 7933.77
612; 0.211335914228293; 69235.6947821448; 64486.18; 7890.17
613; 0.21437623857248; 69231.2108976887; 64382.6; 7935.66
614; 0.214202381176287; 69058.4164443754; 64258.5; 7857.7
615; 0.212648035413476; 68665.1383011352; 63951.06; 7769
616; 0.213137777457836; 68358.713848124; 63649.54; 7738.29
617; 0.212001686439089; 67749.019412683; 63191.8; 7524.48
618; 0.209594893539845; 67297.8404576029; 62865.79; 7397.46
619; 0.208497512223584; 66892.0434466209; 62524.5; 7324.23
620; 0.208821124951142; 66249.7097280402; 61903.74; 7272.85
621; 0.205614277498048; 65739.6077705648; 61522.57; 7163.5
622; 0.206175882574968; 65334.3259354422; 61120.28; 7135.28
623; 0.202722316407302; 64670.7988137106; 60595.35; 7014.78
624; 0.199209422614177; 64226.9461432121; 60252.71; 6957.84
625; 0.195244412873336; 63664.7795130777; 59771.23; 6951.65
626; 0.194353999325792; 63365.7831385593; 59483.48; 6959.96
627; 0.194165024902822; 63016.5467362253; 59165.07; 6908.27
628; 0.188944060004012; 62482.680289778; 58794.21; 6795.41
629; 0.185776046037204; 62153.100575657; 58562.43; 6724.97
630; 0.185453493367392; 61867.1510382185; 58288.09; 6711.82
631; 0.186637835976628; 61482.9777037299; 57859.83; 6748.49
632; 0.186626933794683; 61260.6871444002; 57682.5; 6662.28
633; 0.188474076462472; 60910.3795105545; 57342.16; 6575.79
634; 0.189014678340141; 60651.1727747853; 57084.01; 6552.04
635; 0.190323527956397; 60418.9509395708; 56861.14; 6486.39
636; 0.188341528597715; 60121.0201316436; 56610.25; 6464.46
637; 0.191911936207333; 59959.455419357; 56396.33; 6434.92
638; 0.189528757927445; 59750.1994188305; 56258.02; 6382.24
639; 0.187259815680553; 59464.2508054595; 56020.93; 6365.53
640; 0.185218384818347; 59246.9066405933; 55817.61; 6405.6
641; 0.182193765632439; 58901.7359102677; 55521.74; 6414.99
642; 0.18137343568918; 58672.2196611772; 55345.1; 6339.9
643; 0.179042147865279; 58497.1793948922; 55211.6; 6339.15
644; 0.179991256356178; 58216.3244959726; 54932.43; 6299.39
645; 0.176616153855542; 58005.3860760015; 54787.8; 6287.41
646; 0.174963917159924; 57708.0849331033; 54543.39; 6239.56
647; 0.173768550955256; 57512.6244059413; 54402.96; 6170.73
648; 0.172895234157111; 57298.7406629412; 54223.42; 6130.91
649; 0.17809870645409; 57144.4021438649; 53981.55; 6118.52
650; 0.176796416669605; 57016.4373222498; 53857.78; 6152.73
651; 0.176323532117266; 56821.9153133601; 53690.78; 6112.63
652; 0.177372193880429; 56703.5214002193; 53508.46; 6197.48
653; 0.179391414484002; 56599.2016295538; 53373.85; 6182.75
654; 0.180064065094838; 56407.2610185148; 53197.75; 6126.54
655; 0.178063830943279; 56277.8414645695; 53072.59; 6184.61
656; 0.176717424267729; 56106.6126913888; 52943.74; 6146.82
657; 0.17617927742071; 56031.5250077405; 52900.86; 6100.67
658; 0.175664677631596; 55938.2159881046; 52840.08; 6052.84
659; 0.175452069382383; 55795.1838472563; 52741.87; 5970.05
660; 0.169108686572849; 55640.3607765154; 52729.32; 5902.95
661; 0.160528241875152; 55373.8070014261; 52604.84; 5911.68
662; 0.160407667419813; 55289.7532493407; 52521.21; 5912.09
663; 0.159461830649281; 55184.4681295047; 52451.09; 5868.51
664; 0.159879858920483; 55024.6090075905; 52287.7; 5857.45
665; 0.159213894859144; 54869.9537038115; 52132.9; 5880.01
666; 0.154735657411133; 54637.9099200384; 51959.38; 5918.55
667; 0.154839683127619; 54478.1509353724; 51781.68; 5952.26
668; 0.155538120777782; 54302.5140889586; 51634.69; 5860.85
669; 0.15594746655839; 54109.8139237163; 51450.2; 5825.24
670; 0.156427367529238; 53973.3208790028; 51293.57; 5849.09
671; 0.1551891664573; 53728.4261857437; 51072.93; 5839.11
672; 0.151992034831024; 53529.0480299161; 50919.86; 5854.67
673; 0.146771200708386; 53304.9082259336; 50787.07; 5847.19
674; 0.144651364504849; 53017.329103708; 50579.53; 5741.04
675; 0.142255857216133; 52796.0457925087; 50427.07; 5670.38
676; 0.14239866205136; 52497.3005827696; 50091.77; 5749.54
677; 0.141154556371089; 52258.9020012967; 49872.31; 5752.67
678; 0.137372567661914; 51860.0831964286; 49530.92; 5766.75
679; 0.1356308478776; 51597.773498338; 49327.37; 5691.42
680; 0.13605029402227; 51335.0942280988; 49070.42; 5657.7
681; 0.139894284052926; 50982.7009898635; 48667.39; 5623.25
682; 0.140569910922492; 50707.1032575726; 48374.21; 5636.53
683; 0.137992790298677; 50330.8287863204; 48043.66; 5627.07
684; 0.137811065495524; 50093.0009690807; 47814.76; 5610.48
685; 0.135091143696288; 49666.3134477671; 47448.75; 5568.84
686; 0.136827585632197; 49401.4249518038; 47154.8; 5568.22
687; 0.137054458126079; 49154.5909356221; 46914.24; 5541.32
688; 0.13450705553426; 48722.7198689368; 46556.39; 5457.75
689; 0.130660493191693; 48434.8966120788; 46363.53; 5370.2
690; 0.128077514754856; 48053.3665378469; 46046.68; 5305.36
691; 0.129819117978438; 47813.1475725147; 45810.71; 5221.06
692; 0.127399126639483; 47535.8953796826; 45598.99; 5144.11
693; 0.129894406146613; 47196.0658916252; 45273.63; 5005.64
694; 0.127440778131313; 46932.4872775241; 45056.87; 4975.81
695; 0.126498118682191; 46554.2404963724; 44704.09; 4942.74
696; 0.124598460870928; 46285.5140477473; 44432.28; 5024.34
697; 0.12526223773496; 45927.0281087205; 44035.44; 5098.84
698; 0.125123270963809; 45649.3140566366; 43744.03; 5139.29
699; 0.124051269637407; 45233.2479975816; 43359.07; 5097.07
700; 0.124566711435539; 45011.4895956722; 43110.29; 5147.14
701; 0.123049120500738; 44771.3509658395; 42902.64; 5120.03
702; 0.121156392214119; 44397.6094526412; 42569.63; 5084.98
703; 0.12030254385734; 44153.6866744805; 42344.57; 5066.69
704; 0.11926539343549; 43821.2209071091; 42087.37; 4896.64
705; 0.118055403293679; 43582.0062934525; 41885.5; 4838.37
706; 0.116146000271262; 43263.0224389313; 41620.16; 4760.67
707; 0.11445519857302; 43042.9273482676; 41416.61; 4780.31
708; 0.105852222497042; 42744.8530694891; 41271.22; 4681.56
709; 0.103039692588686; 42404.481596095; 40978.27; 4652.88
710; 0.103458470043408; 42197.7791178846; 40764.97; 4653.78
711; 0.100530181565868; 41856.222005632; 40463.52; 4654.28
712; 0.0978319291065073; 41606.6741809848; 40255.7; 4638.36
713; 0.0963241399235241; 41282.7926588437; 39964.91; 4594.59
714; 0.0925188560508866; 40946.1088761069; 39680.95; 4591.35
715; 0.0946148053597028; 40571.0734151515; 39286.31; 4557.68
716; 0.097947104148263; 40291.6512896424; 38975.93; 4507.33
717; 0.0978980390755645; 39972.3249060372; 38672.49; 4453.37
718; 0.093263180915864; 39438.2705580638; 38238.07; 4314.65
719; 0.089472589566248; 39054.6585092581; 37915.28; 4267.7
720; 0.0897384730987782; 38508.1191306661; 37379.7; 4212.45
721; 0.0910516920185596; 38170.6966003536; 37030.83; 4192.27
722; 0.0910800932058465; 37699.2560347771; 36569.84; 4151.01
723; 0.0878146496311093; 37352.8940019563; 36281.38; 4083.14
724; 0.085286045634352; 36884.1569164094; 35846.8; 4068.68
725; 0.0846813560405676; 36649.3487089139; 35618.41; 4070.88
726; 0.088645077096114; 36434.6875243691; 35362.68; 4042.28
727; 0.0892907001564226; 36320.8028741857; 35264.68; 3952.13
728; 0.0893223986949121; 36207.2648520193; 35147.92; 3961.44
729; 0.0935032167167816; 36139.7331203184; 35036.8; 3938.93
730; 0.0971921237007135; 36122.5603509837; 34982.23; 3916.83
731; 0.0983225903100807; 36143.274002999; 34979.16; 3952.18
732; 0.0998108804884388; 36158.2226333055; 34973.38; 3962.08
733; 0.0993952380390059; 36177.7668001978; 34983.99; 4008.15
734; 0.100239304885461; 36149.5203389321; 34934.58; 4044.48
735; 0.100547222682376; 36127.3774799072; 34904.98; 4055.84
736; 0.0991440344036725; 36054.0050144404; 34849.66; 4051.37
737; 0.0953851253655106; 35961.8277569145; 34798.35; 4066.75
738; 0.0950276271478847; 35878.9291925945; 34719.07; 4067.97
739; 0.0947391653611472; 35804.0582281211; 34662.43; 4014.73
740; 0.0928194135472893; 35719.5207451567; 34599.66; 4018.14
741; 0.0927418110235071; 35666.8870680897; 34559.08; 3976.86
742; 0.0887705431707346; 35636.752083334; 34577.6; 3971.06
743; 0.0924746614152769; 35700.320565509; 34597.75; 3966.91
744; 0.0936221091332721; 35886.0676385812; 34756.32; 4013.5
745; 0.0949593478535767; 36065.4011799312; 34929.32; 3977.68
746; 0.093078176419773; 36295.9470297777; 35180.48; 3982.95
747; 0.091293948693039; 36468.3197932219; 35380.24; 3959.61
748; 0.091624488178183; 36680.8904013281; 35579.02; 3993.96
749; 0.0912323585993788; 36742.5649846734; 35638.56; 4017.77
750; 0.0935299298747645; 36755.2697331883; 35621.81; 4022.63
751; 0.0908704718041097; 36632.9665633486; 35526.21; 4042.69
752; 0.0890280817802771; 36356.5271066927; 35272.84; 4040.09
753; 0.0901409194546402; 36125.4826152294; 35021.98; 4063.05
754; 0.0859994686111394; 35587.3908533283; 34535.94; 4057.58
755; 0.0853031732774421; 35202.1778553308; 34165.32; 4032.92
756; 0.0874897929928799; 34640.7132613186; 33598.04; 3953.07
757; 0.0802208403889327; 34194.4783623305; 33242.28; 3935.57
758; 0.0778489385894799; 33579.490741041; 32670.12; 3871.5
759; 0.0741704095226056; 33141.5283566537; 32281.18; 3842.65
760; 0.076512134835261; 32803.1582313446; 31924.78; 3801.32
761; 0.078118531694654; 32250.3131454765; 31362.01; 3763.45
762; 0.0763452049684927; 31891.2705895167; 31037.12; 3701.07
763; 0.0736566647925867; 31368.20526152; 30554.28; 3654.01
764; 0.0757282730891451; 31096.3201622014; 30276.78; 3577.22
765; 0.0830571343563416; 30726.2699610354; 29844.63; 3508.38
766; 0.0805633469143059; 30439.1968232188; 29592.35; 3473.91
767; 0.0809676545047401; 30045.6111156974; 29220.25; 3368.97
768; 0.0798351389785649; 29776.9563455753; 28985.12; 3278.08
769; 0.0843033042877036; 29435.8232044578; 28613.79; 3222.52
770; 0.0854006291976751; 29217.5902731165; 28396.16; 3178.58
771; 0.0888796078774982; 28905.1483709068; 28063.51; 3128.02
772; 0.0875137859623294; 28660.7315654111; 27824.41; 3155.48
773; 0.0835207955892146; 28295.9325293491; 27511.03; 3101.69
774; 0.0864730473350422; 28060.5799223161; 27250.38; 3090.89
775; 0.0845335839438047; 27727.8914728428; 26923.11; 3139.57
776; 0.0790791979936689; 27449.4736052994; 26692.28; 3156.47
777; 0.0764815648311535; 27101.1763974619; 26378.67; 3113.38
778; 0.077043940280027; 26885.1902915628; 26156.79; 3114.98
779; 0.0761783182634784; 26548.3766982897; 25833.84; 3089.73
780; 0.0772698791559086; 26360.7107956364; 25644.18; 3053.81
781; 0.0774968987556788; 26091.664842169; 25391.25; 2975.72
782; 0.0799474349349797; 25932.3129038066; 25220.98; 2928.73
783; 0.0782233524274881; 25620.4358303483; 24943.53; 2847.78
784; 0.0784049909710118; 25454.1635636708; 24783.44; 2814.52
785; 0.0794488521185741; 25190.8168006145; 24512.17; 2809.55
786; 0.0750088476379751; 24985.9889404995; 24354.29; 2769.2
787; 0.0678178988409173; 24672.1420136987; 24111.29; 2718.46
788; 0.0637517314033584; 24457.2653209878; 23935.54; 2689.25
789; 0.0621530416610879; 24136.8943350396; 23629; 2684.53
790; 0.0656554687909098; 23969.2727428218; 23429.19; 2701.61
791; 0.0613781020428002; 23707.5256318052; 23215.9; 2629.93
792; 0.0623882398708975; 23523.8886442091; 23023.05; 2635.25
793; 0.0636331655257761; 23287.7197491288; 22777.42; 2632
794; 0.0727736711695072; 23175.5744940657; 22595.01; 2617.89
795; 0.0795515342884141; 22975.7391538227; 22336.97; 2634.77
796; 0.080703899160241; 22769.4878497523; 22112.83; 2669.71
797; 0.0776901357202874; 22615.2156018938; 21984.92; 2661.85
798; 0.0776559121697048; 22397.8088416813; 21770.62; 2649.81
799; 0.0774317881087861; 22246.1881447433; 21624.52; 2633.75
800; 0.0720384154196878; 22012.5171346116; 21451.6; 2553.96
801; 0.0686981337303582; 21826.3141089467; 21296.11; 2530.61
802; 0.0628592410015121; 21580.231511463; 21094.24; 2534.16
803; 0.0587647181094948; 21412.8273111886; 20965.53; 2493.87
804; 0.0589476350190579; 21214.2326524723; 20777.34; 2427.37
805; 0.0611668010638937; 21079.0762671724; 20626.73; 2421.43
806; 0.0612738455099265; 20859.0604371346; 20408.68; 2406.08
807; 0.066221566503812; 20748.1844747796; 20262.29; 2401.48
808; 0.0679633555622337; 20559.2710813395; 20069.98; 2355.84
809; 0.075759495593949; 20474.3098376127; 19935.88; 2325.21
810; 0.0734908895273084; 20278.8005231393; 19758.37; 2316.34
811; 0.0724667821605143; 20138.9154585172; 19629.76; 2297.52
812; 0.0733899906691386; 19954.3730954175; 19440.29; 2289.84
813; 0.0755774890682011; 19854.6845137861; 19329.39; 2271.4
814; 0.0697662529309769; 19680.1985752553; 19206.63; 2217.59
815; 0.0663017368966032; 19553.6413874018; 19107.39; 2198.44
816; 0.0652123849592192; 19382.9588958605; 18944.37; 2196.29
817; 0.0580088964826994; 19173.9377563412; 18785.86; 2184.32
818; 0.0585774129903234; 19074.2936203772; 18686.34; 2162.08
819; 0.0668682664857451; 18902.9727217905; 18460.03; 2162.05
820; 0.0724970544369304; 18795.2019361162; 18313.57; 2167.88
821; 0.070711699729254; 18607.186752562; 18130.17; 2200.68
822; 0.075851446507453; 18510.805002991; 17998; 2204.84
823; 0.0749070721575538; 18340.9579872575; 17836.87; 2194.12
824; 0.073702194030943; 18223.1142297596; 17730.5; 2178.67
825; 0.0760486072520381; 18110.9259421922; 17610.23; 2146.02
826; 0.0740637222149561; 18007.442772773; 17535.63; 2076.42
827; 0.0700806246957971; 17870.367102101; 17428.2; 2056.75
828; 0.067388934595275; 17757.5499096145; 17337.68; 2031.24
829; 0.0746550746130867; 17643.4262936998; 17185.3; 2000.41
830; 0.0747471185587581; 17508.0103547089; 17061.23; 1948.34
831; 0.0749701337324918; 17411.2387537664; 16971.77; 1909.83
832; 0.0674623953609517; 17247.4319657753; 16860.01; 1870.11
833; 0.0685889370329091; 17165.4366328041; 16770.25; 1875.35
834; 0.0659876125891949; 17016.3337968559; 16645.37; 1828.97
835; 0.0647708756495016; 16913.9040057795; 16549.23; 1831.26
836; 0.0576656278772967; 16769.220421202; 16453.14; 1782.35
837; 0.0587412142293986; 16697.6014058115; 16379.07; 1763.51
838; 0.0562459762424718; 16538.527211123; 16235.15; 1754.35
839; 0.0550123996901422; 16374.8111901085; 16074.2; 1778.6
840; 0.0577530533834048; 16296.9084319807; 15981.44; 1777.93
841; 0.0587825163285032; 16186.9669548453; 15866.44; 1776.81
842; 0.0596550736910197; 16104.2438139654; 15776.56; 1789.51
843; 0.0608185109514015; 15976.4700591999; 15646.69; 1766.05
844; 0.0633804774384399; 15889.182518784; 15542.12; 1783.07
845; 0.0591001639353008; 15713.2484974029; 15390.02; 1780.43
846; 0.0558228636350314; 15633.2715569304; 15331.09; 1761.82
847; 0.0517062994144886; 15505.598477394; 15227.78; 1748.28
848; 0.0531406448771965; 15375.2229264615; 15098.25; 1695.53
849; 0.0476767697108951; 15259.5874261343; 15011.88; 1689.72
850; 0.0435434462112732; 15079.2180578274; 14856.35; 1664.16
851; 0.045960424131904; 14979.9749998317; 14747.7; 1642.82
852; 0.044507714813111; 14839.3631399387; 14619.18; 1607.71
853; 0.0446703401372299; 14736.6069677296; 14518.29; 1587.92
854; 0.0531773473534301; 14590.735231278; 14338.6; 1540.12
855; 0.0549138404902667; 14412.5677244917; 14151.45; 1544.2
856; 0.0597577274650387; 14324.4020318421; 14045.55; 1515.11
857; 0.0602870443412578; 14189.1033378466; 13919.7; 1450.59
858; 0.0604911118777727; 14098.6672671354; 13825.47; 1465.77
859; 0.063822792156906; 13940.7482026653; 13648.99; 1483.35
860; 0.067292084430076; 13843.9004106773; 13531.11; 1507.95
861; 0.0697567645755189; 13721.6850719294; 13401.13; 1490.49
862; 0.0617824504620862; 13559.7170533414; 13274.97; 1494.59
863; 0.0650658111022846; 13457.9904086628; 13154.46; 1512.49
864; 0.0703764926894208; 13291.7704525946; 12956.07; 1546.21
865; 0.0765808122294254; 13186.9875136886; 12824.65; 1533.39
866; 0.0844552213920785; 13031.1466575134; 12635.79; 1516.83
867; 0.0882607253330673; 12846.3608221444; 12433.88; 1513.95
868; 0.0853978146690598; 12684.6188424891; 12293.84; 1482.09
869; 0.0831827368277544; 12432.243948762; 12058.37; 1455.45
870; 0.082380701906977; 12258.1158522992; 11894.82; 1427.76
871; 0.0797226294119358; 11981.6090352127; 11642.25; 1377.84
872; 0.0819719568887353; 11817.7590933717; 11469.19; 1376.13
873; 0.0738700590821546; 11539.9148464877; 11235.69; 1332.53
874; 0.065221588657731; 11271.1149235447; 11012.1; 1284.65
875; 0.0563014604220111; 11083.8505095913; 10866.29; 1249.76
876; 0.0593995514917895; 10868.2124289039; 10645.77; 1210.92
877; 0.0713225757503752; 10770.9539437064; 10509.02; 1187.3
878; 0.0691644348149036; 10582.8510559989; 10330.64; 1178.63
879; 0.0639299724105885; 10418.6498470791; 10193.75; 1136.83
880; 0.0653748632735974; 10339.263628476; 10109.79; 1134.09
881; 0.0690107760316828; 10220.2701649111; 9979.85; 1125.33
882; 0.0782103665636123; 10162.6526111308; 9891.73; 1118.72
883; 0.0801518673555392; 10075.3812196775; 9795.02; 1129.43
884; 0.0787060858696122; 9965.64466939626; 9695.26; 1109.03
885; 0.0781926048712551; 9913.51393034876; 9644.88; 1108.83
886; 0.0758873349035316; 9851.90151545435; 9598.29; 1078.41
887; 0.0822543603930989; 9811.60107269828; 9533.9; 1089.26
888; 0.0737737475330366; 9719.72613852209; 9478.5; 1054.82
889; 0.0600736041343778; 9652.83979914264; 9465.16; 1007.67
890; 0.0636898772656726; 9633.04462859598; 9433.9; 1008.35
891; 0.0632673021733134; 9609.04253765515; 9408.11; 1024.03
892; 0.0589473867168822; 9619.70850525862; 9432.88; 1021.76
893; 0.0528599408127956; 9631.2553253966; 9463.6; 1022.36
894; 0.0395449559632232; 9679.6637923395; 9551.22; 1046.8
895; 0.0463793350159235; 9759.44237384956; 9605.56; 1069.14
896; 0.0528518782187891; 9909.69561874713; 9731.54; 1086.02
897; 0.0507963517706169; 9995.81932796014; 9819.83; 1116.08
898; 0.0516479624066253; 10189.0266328174; 10007.83; 1129.97
899; 0.0463872781775381; 10366.7233710492; 10203.23; 1135.01
900; 0.0496512939698421; 10484.2697121992; 10302.21; 1180.62
901; 0.0628086390908042; 10648.380567772; 10410.07; 1221.5
902; 0.0629421719097436; 10748.9530992664; 10506.52; 1239.79
903; 0.065797311650185; 10810.8277037441; 10552.68; 1262.66
904; 0.0694577348260664; 10840.7911362516; 10574.7; 1232.72
905; 0.0677579118456395; 10808.0730527056; 10548.03; 1234.76
906; 0.0676823360195347; 10734.1549438853; 10477.21; 1221.21
907; 0.0787691653347657; 10640.7583495544; 10347.55; 1197.22
908; 0.0725333273572823; 10528.6790402241; 10275.37; 1123.04
909; 0.0567165178603506; 10289.6461255011; 10095.42; 1101.09
910; 0.0453606714356162; 10005.5208950055; 9857.05; 1052.24
911; 0.0476665295010728; 9810.30111105001; 9654.96; 1047.5
912; 0.0485846188825075; 9492.37021785591; 9338.38; 1018.6
913; 0.049718311596931; 9246.15130964838; 9092.46; 993.31
914; 0.0497518998801456; 8880.03640573514; 8733.46; 946.53
915; 0.0492093795778444; 8494.92614669319; 8353.23; 924.95
916; 0.0527377858998345; 8267.39190522905; 8121.34; 889.45
917; 0.0660847655522685; 7931.58835246658; 7752.42; 870.64
918; 0.0567315734888362; 7604.86754469921; 7459.75; 821.3
919; 0.0543627251450504; 7400.16627396248; 7264.7; 799.98
920; 0.0552658348085024; 7124.902571311; 6995.79; 749.9
921; 0.0614581978363017; 6860.86719457502; 6721.88; 725.82
922; 0.0695876572385546; 6694.93065825794; 6539.28; 717.81
923; 0.0732882867615603; 6446.71424265752; 6288.76; 691.56
924; 0.0632362278377786; 6277.61514808958; 6145.76; 668.97
925; 0.0686885806909896; 6035.5981882097; 5898.34; 641.02
926; 0.0836831651358273; 5817.59649410622; 5662.37; 594.98
927; 0.0750700679781533; 5658.26592847362; 5522.49; 580.06
928; 0.0614177073670415; 5422.54120426342; 5315.76; 557.52
929; 0.0492378352602611; 5172.70551500691; 5094.54; 509
930; 0.0442408504954767; 4988.05945623274; 4918.46; 504.36
931; 0.0574001140237468; 4706.11267645837; 4620.77; 476.6
932; 0.0651937761042669; 4397.45646268254; 4308.68; 436.45
933; 0.0619544659040792; 4145.74671353933; 4066.76; 408.57
934; 0.0616867462854216; 3747.21360198316; 3675.65; 371.73
935; 0.0670492038682483; 3324.10803185377; 3254.36; 333.29
936; 0.0640932233974459; 3033.99325198782; 2974.81; 295.81
937; 0.0943269069753308; 2636.25135451322; 2559.82; 259.54
938; 0.0994593122689558; 2249.9599935041; 2188.07; 199.29
939; 0.0890712380637126; 2014.89567957474; 1968.44; 167.02
940; 0.058441898757908; 1722.89205736134; 1694.3; 156.65
941; 0.0543013861073566; 1515.65678309309; 1492.72; 135.23
942; 0.0715389132698933; 1416.43201426295; 1387.37; 130.04
943; 0.086614079107362; 1322.49395347631; 1286.69; 132.31
944; 0.0805816103295749; 1277.28978516787; 1244.67; 129.55
945; 0.0712509416539714; 1277.69165416181; 1249.62; 126.07
946; 0.0283550852794322; 1289.48542222268; 1278.41; 124.97
947; 0.0774545950321736; 1344.10934024014; 1312.83; 129.19
948; 0.0829325670745854; 1384.12906086465; 1348.84; 136.11
949; 0.0837731039393958; 1452.50427770842; 1415.09; 142.84
950; 0.0897221015682535; 1532.71649271084; 1490.69; 149.79
951; 0.0864086529768829; 1586.98223686072; 1540.43; 172.26
952; 0.0832804762602646; 1666.0470920314; 1616.44; 190.44
953; 0.0901967861471993; 1755.39081921312; 1698.68; 200.99
954; 0.0711870969776117; 1807.81146371632; 1761.94; 205.96
955; 0.064560724570491; 1896.58714295655; 1851.17; 224.82
956; 0.0614589635701198; 1981.46150995374; 1937.02; 231.07
957; 0.0507106724107283; 2033.2519811075; 1996.3; 232.82
958; 0.0252884872193676; 2107.91861909034; 2090.68; 217.78
959; 0.0123019299103935; 2169.78932248533; 2161.75; 208.75
960; 0.0266572846522045; 2214.88065247282; 2195.68; 230.05
961; 0.0397565827384492; 2270.45478566059; 2242.09; 227.85
962; 0.0449345090391447; 2318.54808522932; 2286.61; 226.96
963; 0.0629027033070118; 2351.75363782972; 2305.87; 232.89
964; 0.0465279698308305; 2371.40251247026; 2338.55; 225.41
965; 0.0789928569239554; 2403.12805322404; 2344.92; 235.21
966; 0.0629544902858554; 2419.463289747; 2370.41; 248.69
967; 0.0631341734954444; 2429.68642686569; 2385.29; 224.41
968; 0.0587724914803511; 2438.04603889681; 2395.91; 228.76
969; 0.0616696574481933; 2439.23917580749; 2396.97; 218.68
970; 0.0437147329364011; 2427.95833015092; 2398.3; 216.43
971; 0.0520645586851675; 2425.70530884098; 2389.14; 224.01
972; 0.0298945603663415; 2401.55267108015; 2381.04; 218.84
973; 0.0546042842568098; 2402.48297108415; 2367.5; 204.3
974; 0.0534338750441925; 2386.68670782665; 2349.98; 219.04
975; 0.0337888654376867; 2363.31530426245; 2340.69; 213.48
976; 0.0330860383686139; 2351.89823897885; 2329.67; 214.16
977; 0.0134128030941735; 2323.34776525802; 2314.39; 212.87
978; 0.00519477609797747; 2296.51349110899; 2293; 215.55
979; 0.00385186065938372; 2273.6598198719; 2270.94; 225.01
980; -0.00694537907298715; 2248.67966654284; 2253.53; 222.51
981; 0.00127149957395324; 2212.52406717641; 2211.65; 219
982; 0.0253575282385929; 2184.3441958619; 2166.45; 224.79
983; 0.0415904474573062; 2166.40114755884; 2136.66; 227.76
984; 0.0387381878878387; 2133.94735808272; 2107.27; 219.31
985; 0.054923241331583; 2104.68131631578; 2067.62; 214.87
986; 0.0518496985614022; 2070.74735478541; 2036.48; 210.42
987; 0.0668376637983904; 2052.11438187368; 2005.72; 220.98
988; 0.0584919399231872; 2023.48941474369; 1984.27; 213.43
989; 0.0522530214524543; 1987.66505729322; 1952.57; 213.76
990; 0.0351185255824773; 1953.17358589014; 1930.05; 209.54
991; 0.056086507588955; 1919.06081714221; 1880.21; 220.41
992; 0.0514461359225624; 1881.35062622425; 1848.35; 204.08
993; 0.0616073007116536; 1842.68819496419; 1804.62; 196.57
994; 0.0557644874095607; 1817.88822718444; 1785.01; 187.54
995; 0.0703353378002556; 1782.4101742966; 1738.71; 197.61
996; 0.104427928632561; 1759.20210513953; 1698.8; 183.94
997; 0.114368119166156; 1722.362845524; 1659.01; 176.14
998; 0.131396957405372; 1702.07133284426; 1637.37; 156.56
999; 0.135829305968852; 1668.55814614281; 1600.11; 160.2
1000; 0.141662219905625; 1628.48222173418; 1558.01; 158.13
1001; 0.132642281954805; 1603.50044236456; 1537.83; 157.36
1002; 0.106473121851591; 1559.66397476509; 1513.64; 137.37
1003; 0.0817794197138531; 1518.24274599438; 1482.74; 137.95
1004; 0.0584914923654148; 1481.86293898408; 1458.8; 125.28
1005; 0.0525109971536316; 1460.33079563875; 1439.4; 126.63
1006; 0.0490898251082209; 1423.54064177863; 1403.8; 127.74
1007; 0.0515042495989834; 1396.50186053064; 1377.82; 115.21
1008; 0.0273101051194235; 1346.54175590454; 1336.17; 120.61
1009; 0.0712913520718318; 1335.4268005099; 1307.77; 123.19
1010; 0.0587578976099664; 1295.11437204208; 1274.54; 111.18
1011; 0.0399132295550605; 1258.39090160117; 1243.99; 114.55
1012; 0.0209773949034419; 1216.70807334679; 1208.87; 118.61
1013; 0.00859917300044213; 1193.51128955145; 1190.37; 115.95
1014; 0.00881405561780772; 1166.15985117979; 1163.01; 113.42
1015; 0.0539325563672252; 1157.30407380367; 1137.11; 118.82
1016; 0.0296884860583967; 1123.90447851756; 1113.5; 111.2
1017; 0.0161676042923368; 1100.54551366321; 1094.83; 112.16
1018; 0.0245312979788927; 1074.495234363; 1066.64; 101.58
1019; 0.00926153331737802; 1046.55726714933; 1043.81; 94.09
1020; 0.0594515025516023; 1033.26748050113; 1015.07; 97.08
1021; 0.0525654068364351; 1005.99257579318; 986.98; 114.7
1022; 0.0383162581464971; 977.244845818232; 965.88; 94.05
1023; 0.0591109669286596; 950.506824936492; 931.74; 100.66
1024; 0.0863646758656567; 935.04484573763; 909.96; 92.08
1025; 0.12394335818962; 929.398736836883; 889.66; 101.63
1026; 0.159301890160257; 914.069920539981; 858.31; 110.94
1027; 0.153041857321072; 875.345251255456; 822.79; 108.83
1028; 0.165976745048666; 861.21363754751; 812.16; 93.65
1029; 0.180391822016859; 847.092169307664; 790.63; 99.17
1030; 0.165995084047644; 822.8665871301; 774.07; 93.13
1031; 0.163002836591414; 806.31334791773; 765.45; 79.41
1032; 0.180057462022045; 785.587325867213; 747.55; 66.91
1033; 0.160442179649749; 763.370472700188; 731.51; 62.89
1034; 0.133043124760485; 755.020483975199; 729.22; 61.41
1035; 0.226446840943861; 748.286720620989; 712.65; 49.83
1036; 0.300581571276414; 736.974484290829; 692.97; 46.35
1037; 0.248375886275082; 716.895157533652; 674.92; 53.5
1038; 0.235221590207226; 705.444266803806; 662.79; 57.4
1039; 0.503679472013186; 710.981638982495; 596.18; 72.14
1040; -0.316964301542587; 605.9656164101; 690.97; 84.87
1041; 0.488686031025179; 649.522483678339; 731.93; -53.36
