# 06/03/2019 19:03:19
# NanoCalc data
# Original file name: C:\SVA_DATA\StudentProjects\2018_Nathan\PS-b-PI\PSbPI_913.dat
# Fit Result : Fitness; Thickness 1; Thickness 2; Thickness 3 
# Fit Result : 1.69291218549385; 2; 106.6; -1
# comment:PSbPI id:370 slowslow script start 16:33
#
# WaveLength; Reflectance; Raw Intensity; Dark Intensity; Reference Intensity
400; 0.462896616569202; 4329.92191686809; 3706.58; 652.97
401; 0.467131650013598; 4492.34505078149; 3827.82; 686.82
402; 0.475067454403051; 4604.99913375128; 3922.88; 690.19
403; 0.478177078538769; 4714.23500514122; 4026.52; 688.46
404; 0.478494838613594; 4812.90956731531; 4116.57; 693.7
405; 0.461240370497641; 4967.4451490497; 4267.86; 720.2
406; 0.462466218610943; 5069.27464711272; 4392.4; 692.25
407; 0.452191174103084; 5175.09993249732; 4498.1; 705.33
408; 0.444857529817247; 5280.94172803882; 4602.23; 715.92
409; 0.442860117200342; 5379.45326644306; 4697.66; 719.74
410; 0.423524044228564; 5514.23455120067; 4851.48; 728.85
411; 0.417941136312989; 5598.03172156475; 4933.69; 737.74
412; 0.412396329579802; 5687.66488520919; 5006.35; 764.04
413; 0.40598274432838; 5768.14731783261; 5074.69; 787.31
414; 0.411757672089378; 5921.86121781793; 5187.46; 819.34
415; 0.410425769108947; 6008.34174736748; 5262.83; 831.69
416; 0.412935667361276; 6095.41497538022; 5333.87; 841.6
417; 0.411569030757219; 6187.28222316564; 5432.16; 834.5
418; 0.413309010561132; 6327.49245537589; 5554.94; 847.33
419; 0.408533053004172; 6411.78431955636; 5639.25; 854.66
420; 0.402474923628306; 6530.14135322177; 5731.78; 893.85
421; 0.408572537133142; 6652.69624882033; 5844.55; 888.7
422; 0.401354099917475; 6810.08723688947; 5986.26; 919.54
423; 0.39096338012042; 6916.81678511714; 6097.41; 936.13
424; 0.38275721572123; 7048.77095151831; 6222.48; 961.37
425; 0.371972613828607; 7176.46285720184; 6336.9; 1002.4
426; 0.36328002130654; 7369.62501318783; 6501.39; 1058.55
427; 0.3590103229546; 7520.69915183444; 6648.16; 1073.5
428; 0.353311354878677; 7663.32532196884; 6783.3; 1097.16
429; 0.362804302925963; 7810.53668024669; 6907.86; 1093.25
430; 0.352799143562489; 8003.32466301884; 7111.68; 1107.74
431; 0.35473204103629; 8153.70326732416; 7247.41; 1117.05
432; 0.353177190983394; 8274.23320162348; 7363.78; 1124.31
433; 0.356731379483984; 8396.61719200161; 7451.35; 1152.9
434; 0.355639639536075; 8564.27098893049; 7622.06; 1149.92
435; 0.353440571650892; 8672.24756306311; 7725.43; 1160.22
436; 0.353565590829693; 8758.116339869; 7810.18; 1158.66
437; 0.347936769665314; 8857.83492047856; 7906.48; 1178.93
438; 0.341112927054812; 9023.35811365339; 8054.32; 1222.03
439; 0.336598965887651; 9101.98455794607; 8136.76; 1230.73
440; 0.336877629930519; 9206.02816255539; 8228.69; 1242.29
441; 0.332106453280325; 9293.16677094008; 8339.09; 1227.41
442; 0.337161916277586; 9485.16201066416; 8479.44; 1271.58
443; 0.33747654083669; 9599.61971019286; 8574.86; 1291.6
444; 0.333047992304105; 9734.01309499244; 8692.65; 1327.07
445; 0.334593425956182; 9874.91152788828; 8808.71; 1349.4
446; 0.323453225173411; 10060.0907863456; 8995.09; 1391.12
447; 0.328348050800862; 10251.7309532599; 9152.97; 1410.79
448; 0.326926103289742; 10443.1465578494; 9325.63; 1437.98
449; 0.335952935830633; 10754.3555683152; 9579.28; 1468.31
450; 0.326835949270948; 10917.0539609728; 9774.98; 1463.74
451; 0.322073922270163; 11093.9295311515; 9949.44; 1485.53
452; 0.321031074219124; 11284.0767459518; 10146.84; 1477.89
453; 0.319242448190599; 11624.6374374869; 10453.15; 1527.91
454; 0.326446110236199; 11879.2458696948; 10674.94; 1533.01
455; 0.326511350345518; 12103.8284241854; 10869.94; 1567.29
456; 0.323844114679109; 12348.2458238378; 11067.31; 1637.27
457; 0.310768831723049; 12675.7349689556; 11406.59; 1687.26
458; 0.307754281049928; 12951.9070571729; 11668.57; 1719.54
459; 0.305789266617117; 13198.4083021726; 11888.18; 1763.56
460; 0.305308740597315; 13464.488154307; 12120.23; 1808.82
461; 0.29537361014802; 13784.6113289819; 12477.98; 1813.95
462; 0.294189868069591; 14001.8826610043; 12696.02; 1816.78
463; 0.290099696338564; 14210.2871498441; 12920.83; 1815.95
464; 0.281103307721768; 14547.2547866553; 13251.1; 1880.37
465; 0.279568582999467; 14806.4073539838; 13499.29; 1903.39
466; 0.278110506270138; 15054.9155750971; 13714.15; 1959.18
467; 0.276191953718482; 15304.730590364; 13941.45; 2002.55
468; 0.27375249069065; 15805.8665193515; 14419.99; 2050.42
469; 0.268596573310372; 16115.8221528347; 14715.46; 2108.14
470; 0.26936762176535; 16460.8060891063; 15030.91; 2142.93
471; 0.265704485681415; 16894.0544147273; 15439.32; 2206.59
472; 0.264921129874145; 17531.9987983345; 16033.97; 2275.28
473; 0.260278885763631; 17982.1254248481; 16472.79; 2329.59
474; 0.258216741113688; 18478.5593802611; 16951.53; 2371.89
475; 0.253246122040043; 19326.7358970275; 17780.12; 2445.55
476; 0.246401473428111; 19875.6191416715; 18330.84; 2506.42
477; 0.24343199446641; 20481.0788032756; 18892.02; 2605.57
478; 0.244713410900555; 21223.5821097011; 19567.89; 2696.25
479; 0.240442181580803; 22257.4256396743; 20540.83; 2840.66
480; 0.238218150723103; 23014.7276106226; 21247.71; 2946.79
481; 0.234264901649389; 23730.3634200666; 21945.87; 3021.61
482; 0.235821661389007; 24865.4091376006; 23001.33; 3130.81
483; 0.237195034594324; 25626.0415897298; 23698.95; 3213.18
484; 0.241392811300253; 26395.3108812075; 24387.59; 3284.49
485; 0.242112368052344; 27135.1444054405; 25047.89; 3399.35
486; 0.238962362130102; 28120.4777252302; 25989.21; 3511.42
487; 0.238137481063405; 28730.4171744148; 26548.62; 3601.68
488; 0.237561046856794; 29357.3026297283; 27137.19; 3668.26
489; 0.234014485043281; 29916.6061663901; 27674.23; 3755.82
490; 0.22390487245462; 30690.4340921172; 28469.58; 3882.15
491; 0.223338629437024; 31196.3838647844; 28962.28; 3910.11
492; 0.216745962210379; 31621.6277949613; 29398.31; 4004.35
493; 0.211657264530041; 32247.7560152402; 30045.96; 4055.79
494; 0.211424593256346; 32671.0243778617; 30450.65; 4089.41
495; 0.210302730017194; 33071.229716694; 30849.74; 4108.15
496; 0.204689558655528; 33589.8690002609; 31406.65; 4142.99
497; 0.204212839868386; 33948.6159249431; 31767.86; 4142.86
498; 0.206505521990685; 34303.2341006127; 32067.12; 4195.67
499; 0.205784613028541; 34661.6755877263; 32404.94; 4243.83
500; 0.20688965721246; 35148.5763333822; 32863.49; 4268.88
501; 0.208792805281122; 35480.6137177299; 33146.16; 4315.77
502; 0.208553685226466; 35824.5444807756; 33476.28; 4340.55
503; 0.203753115527518; 36291.1367811916; 33974.55; 4377.29
504; 0.204511184660452; 36668.85277761; 34328.61; 4399.96
505; 0.199443239603382; 37028.1039797039; 34741.28; 4403.53
506; 0.199041016973881; 37408.5502985135; 35107.34; 4434.89
507; 0.195097764966064; 37964.2524330056; 35715.47; 4416.36
508; 0.190402087146008; 38329.0080273857; 36120.4; 4439.31
509; 0.188653650378591; 38739.1155508767; 36537.16; 4462.01
510; 0.182084885902048; 39339.3465903841; 37164.54; 4560.8
511; 0.181358259868954; 39764.8718676136; 37577.28; 4600.76
512; 0.176721018202211; 40154.7558164399; 38001.86; 4641.31
513; 0.177831493407522; 40777.1378476369; 38544.65; 4777.5
514; 0.176789103568866; 41202.3562704197; 38978.11; 4782.45
515; 0.177668513151348; 41658.3254629424; 39357.58; 4916.92
516; 0.176769875299506; 42043.1989193782; 39710.45; 5004.9
517; 0.173027315552739; 42644.6011785896; 40331.64; 5063.94
518; 0.173589776580065; 43094.0654584635; 40749.91; 5109.82
519; 0.172570303660589; 43500.7406305819; 41153.15; 5141.7
520; 0.175842812660123; 44179.9173386297; 41744.27; 5229.46
521; 0.175054730109517; 44597.454660195; 42147.85; 5277.47
522; 0.170308197053145; 44967.2277832143; 42528.95; 5393.7
523; 0.16565540399772; 45523.0480073223; 43144.91; 5402.76
524; 0.165480832364798; 45969.267452135; 43568.3; 5454.65
525; 0.16597132602586; 46356.4771258243; 43928.06; 5495.06
526; 0.165728586986947; 46892.2060584243; 44426.05; 5582.88
527; 0.164476053473461; 47244.4622164544; 44754.61; 5673.87
528; 0.159626304009995; 47541.4823513425; 45083.01; 5766.75
529; 0.158579806153569; 47827.4480098656; 45349.17; 5845.8
530; 0.161543456272108; 48240.4813060225; 45699.78; 5877.43
531; 0.161453680664998; 48456.9447323503; 45874.99; 5970.71
532; 0.162760763097504; 48702.5933980623; 46081.55; 6006.91
533; 0.159934048423728; 48959.8281413891; 46374.85; 6023.42
534; 0.156510043532741; 49067.3597278683; 46512.86; 6077.02
535; 0.154343869006374; 49220.048439522; 46705.25; 6060.18
536; 0.152723760543377; 49407.683185452; 46893.06; 6117.76
537; 0.149368366635368; 49526.2017693226; 47060.97; 6125.72
538; 0.143540169478094; 49642.3861775065; 47278.55; 6105.66
539; 0.140394914535057; 49881.8825535179; 47591.89; 6041.35
540; 0.14099149640388; 50055.3451062601; 47751.12; 6047.07
541; 0.142177932607558; 50267.9842523881; 47934.66; 6067.28
542; 0.144414043542974; 50631.6009006715; 48265.44; 6052.34
543; 0.146557734613105; 50884.9451178432; 48472.17; 6076.53
544; 0.146404173919963; 51142.0964292099; 48742.04; 6046.08
545; 0.146728120580279; 51544.1125698626; 49147.92; 6018.12
546; 0.149214799974387; 51850.4854355993; 49400.39; 6046.02
547; 0.152403212124049; 52130.3332871625; 49589.44; 6133.58
548; 0.147046236805393; 52565.7977092513; 50065.48; 6250.24
549; 0.145275677335274; 52814.1657776241; 50321; 6302.83
550; 0.139725057304904; 53057.8879170803; 50631.34; 6372.71
551; 0.13932713871837; 53371.6998065184; 50941.36; 6395.47
552; 0.137155250418935; 53784.8551837243; 51381.82; 6418.3
553; 0.136998479534349; 54066.0813987856; 51642.05; 6476.44
554; 0.133738080876313; 54341.5175875153; 51958.5; 6516.52
555; 0.129846343544971; 54768.2480897962; 52472.31; 6461.05
556; 0.129625389513112; 55059.7305708197; 52774.37; 6436.57
557; 0.127157739742707; 55370.8120453387; 53127.07; 6436.47
558; 0.128820343836055; 55910.4361784134; 53628.3; 6456.57
559; 0.127491521355918; 56258.5885832081; 53982.54; 6500.87
560; 0.125975719705751; 56639.3463924794; 54374.65; 6540.64
561; 0.123194638633305; 57342.6273729543; 55113.13; 6578.83
562; 0.123817770182327; 57860.9733565459; 55594.48; 6648.59
563; 0.123964590851326; 58406.9726553434; 56111.99; 6718.72
564; 0.123755051312639; 59223.1048453775; 56872.57; 6887.39
565; 0.126752650721935; 59812.2080423706; 57392.16; 6918.28
566; 0.1250652782539; 60299.9079691569; 57887.77; 6983.55
567; 0.122546578060956; 60970.208209477; 58581.27; 7053.7
568; 0.123692703042328; 61336.1367695125; 58892.28; 7144.09
569; 0.12534800121623; 61550.5917734143; 59048.64; 7212.18
570; 0.124572753253852; 61680.7853866992; 59201.32; 7186.7
571; 0.123457164185792; 61644.7622410279; 59179.33; 7205.05
572; 0.123519414872909; 61586.4802948688; 59136.17; 7151.54
573; 0.118428449149505; 61258.7069551673; 58913.77; 7132.5
574; 0.117218289102591; 61025.9725344166; 58730.17; 7049.31
575; 0.118422594463192; 60720.9961913639; 58409.27; 7020.39
576; 0.115577587367097; 60513.8261425438; 58286.82; 6924.21
577; 0.113599839738455; 60339.7138844211; 58156.17; 6901.91
578; 0.11319678717048; 60115.7963829623; 57942.19; 6889.6
579; 0.115132646664856; 60041.2159976268; 57832.37; 6878.4
580; 0.112055549502442; 59896.3798073117; 57747.7; 6869.6
581; 0.114367930462414; 59749.5491572967; 57553.64; 6873.83
582; 0.114633779101608; 59660.8905835757; 57452.74; 6891.28
583; 0.1150615729663; 59574.2075067893; 57372.5; 6841
584; 0.115751563074145; 59468.6033056664; 57257.56; 6824.62
585; 0.118361445544853; 59446.8057535122; 57205.45; 6761.24
586; 0.118351650374144; 59388.8484058778; 57145.37; 6763.8
587; 0.116130287029445; 59286.4777515677; 57079.59; 6776.52
588; 0.121403842420264; 59269.230047221; 56937.13; 6845.66
589; 0.120786203289071; 59254.4319744858; 56955.2; 6779.63
590; 0.122621570297623; 59263.2405989472; 56919.06; 6804.44
591; 0.124604905803321; 59272.5125881324; 56871.59; 6853.91
592; 0.1229607776075; 59261.8737718155; 56866.08; 6926.36
593; 0.122635530142983; 59306.1161650264; 56885.37; 7012.64
594; 0.123797724857137; 59385.5195509383; 56949.44; 6986.4
595; 0.124931374640468; 59610.0306203854; 57139.71; 7015.88
596; 0.121361390076886; 59768.5317357275; 57370.84; 7005.49
597; 0.120527837247737; 60011.6660091923; 57620.87; 7029.2
598; 0.119906498421098; 60487.2455483334; 58084.9; 7095.26
599; 0.118234167585014; 60893.2934534491; 58524.45; 7090.77
600; 0.116813189725437; 61362.6234571319; 59020.31; 7092.14
601; 0.115541063012289; 62161.3266851549; 59811.73; 7187.95
602; 0.11262240843991; 62744.829351328; 60413.01; 7313.98
603; 0.109498392795433; 63290.8045302135; 60992.44; 7410
604; 0.107733304515943; 64137.779573064; 61857.75; 7466.56
605; 0.106197028670353; 64681.5315341444; 62404.92; 7558.6
606; 0.104929128001273; 65214.0521206507; 62931.49; 7665.24
607; 0.101644752923496; 65806.5040429058; 63575.16; 7730.63
608; 0.102519135326408; 66180.4634521867; 63913.77; 7781.35
609; 0.102163826798497; 66572.2754684913; 64286.44; 7869.52
610; 0.103534862291563; 66711.1062944679; 64387.2; 7889.79
611; 0.103992591820661; 66803.4418285418; 64454.87; 7933.77
612; 0.102840438624204; 66797.3923901491; 64486.18; 7890.17
613; 0.104122035329253; 66737.5589196485; 64382.6; 7935.66
614; 0.103957432432208; 66588.0118695984; 64258.5; 7857.7
615; 0.104676935106331; 66271.5858748552; 63951.06; 7769
616; 0.1057882558771; 65986.8792270342; 63649.54; 7738.29
617; 0.104792635271249; 65444.4378906969; 63191.8; 7524.48
618; 0.103094282980989; 65045.8004780476; 62865.79; 7397.46
619; 0.103122533643542; 64684.6799523191; 62524.5; 7324.23
620; 0.103995536052176; 64068.0873649508; 61903.74; 7272.85
621; 0.104847512034014; 63672.9358392661; 61522.57; 7163.5
622; 0.105600988021753; 63278.6673380047; 61120.28; 7135.28
623; 0.105441545616621; 62715.1048923804; 60595.35; 7014.78
624; 0.103767558356966; 62322.8770408123; 60252.71; 6957.84
625; 0.103215902201347; 61829.5538200964; 59771.23; 6951.65
626; 0.104543067534055; 61571.7718829045; 59483.48; 6959.96
627; 0.103940657996853; 61226.8472249311; 59165.07; 6908.27
628; 0.101779083774471; 60781.0897495671; 58794.21; 6795.41
629; 0.100045653498371; 60496.1076290687; 58562.43; 6724.97
630; 0.0995460703831932; 60209.2264291232; 58288.09; 6711.82
631; 0.101168571244929; 59823.7869580179; 57859.83; 6748.49
632; 0.10100662230971; 59619.0939851185; 57682.5; 6662.28
633; 0.100447118220898; 59243.8399219396; 57342.16; 6575.79
634; 0.100108544017372; 58973.2996297403; 57084.01; 6552.04
635; 0.102715194853782; 58781.2454532504; 56861.14; 6486.39
636; 0.102327557656614; 58517.6813335972; 56610.25; 6464.46
637; 0.104045229286239; 58328.0816594284; 56396.33; 6434.92
638; 0.102985721996754; 58155.5928154571; 56258.02; 6382.24
639; 0.103279582481126; 57920.0279663416; 56020.93; 6365.53
640; 0.102293360062796; 57711.5595469761; 55817.61; 6405.6
641; 0.105305603421516; 57475.3332399084; 55521.74; 6414.99
642; 0.107546233351789; 57317.9312810013; 55345.1; 6339.9
643; 0.106821628859856; 57171.8699526084; 55211.6; 6339.15
644; 0.110814773073044; 56954.2172286357; 54932.43; 6299.39
645; 0.109211189535357; 56777.4051132443; 54787.8; 6287.41
646; 0.108885682623705; 56512.8816167873; 54543.39; 6239.56
647; 0.108159203806383; 56338.5163731337; 54402.96; 6170.73
648; 0.109636752867941; 56173.5499336346; 54223.42; 6130.91
649; 0.110218454326201; 55938.9178074352; 53981.55; 6118.52
650; 0.108872222509699; 55802.8988508109; 53857.78; 6152.73
651; 0.109586783139585; 55636.8109264772; 53690.78; 6112.63
652; 0.109812890657044; 55486.5543140464; 53508.46; 6197.48
653; 0.110858235100867; 55367.0155606848; 53373.85; 6182.75
654; 0.116100041544174; 55267.1488130824; 53197.75; 6126.54
655; 0.115999351721095; 55160.645109359; 53072.59; 6184.61
656; 0.119194023158414; 55077.0639910364; 52943.74; 6146.82
657; 0.118304984867353; 55003.1122159689; 52900.86; 6100.67
658; 0.115264606620273; 54872.9612299642; 52840.08; 6052.84
659; 0.114307773296816; 54731.1170250411; 52741.87; 5970.05
660; 0.107400131427513; 54578.1083048747; 52729.32; 5902.95
661; 0.10521819774362; 54419.7587588325; 52604.84; 5911.68
662; 0.10206845516264; 54282.8523021201; 52521.21; 5912.09
663; 0.101770008956363; 54195.5570965344; 52451.09; 5868.51
664; 0.100571920609786; 54009.3439724562; 52287.7; 5857.45
665; 0.0983112455893809; 53822.9733387924; 52132.9; 5880.01
666; 0.0967123831608734; 53633.5061598568; 51959.38; 5918.55
667; 0.0987837300898158; 53501.9590117784; 51781.68; 5952.26
668; 0.101561374902943; 53376.6930608505; 51634.69; 5860.85
669; 0.100335411483304; 53161.3753291797; 51450.2; 5825.24
670; 0.10295841173055; 53057.3463691453; 51293.57; 5849.09
671; 0.104379114392757; 52858.9975875048; 51072.93; 5839.11
672; 0.104191767813607; 52708.4794740224; 50919.86; 5854.67
673; 0.106217548643482; 52609.2163267231; 50787.07; 5847.19
674; 0.1056370429566; 52359.8235321038; 50579.53; 5741.04
675; 0.105899936537368; 52190.6134560988; 50427.07; 5670.38
676; 0.108944266784347; 51932.1578364576; 50091.77; 5749.54
677; 0.104874046557701; 51645.4837968148; 49872.31; 5752.67
678; 0.102133951763709; 51262.609562208; 49530.92; 5766.75
679; 0.0988687189746826; 50982.390881672; 49327.37; 5691.42
680; 0.0986221753507552; 50712.0709823885; 49070.42; 5657.7
681; 0.0965090197238087; 50264.6560748809; 48667.39; 5623.25
682; 0.0979673044955308; 50000.0719118441; 48374.21; 5636.53
683; 0.0961253622867078; 49636.8948908957; 48043.66; 5627.07
684; 0.097686259751112; 49429.6726942819; 47814.76; 5610.48
685; 0.100733059212602; 49102.3147265955; 47448.75; 5568.84
686; 0.103312866281634; 48851.1338361798; 47154.8; 5568.22
687; 0.104350995200681; 48620.0061087966; 46914.24; 5541.32
688; 0.105605742409395; 48257.244079394; 46556.39; 5457.75
689; 0.107898878169726; 48074.0557163972; 46363.53; 5370.2
690; 0.107194272370109; 47726.1731078348; 46046.68; 5305.36
691; 0.105261084419598; 47434.3441276056; 45810.71; 5221.06
692; 0.102204765696798; 47152.854345299; 45598.99; 5144.11
693; 0.100765183078418; 46764.953686083; 45273.63; 5005.64
694; 0.0988490168409179; 46511.6863199542; 45056.87; 4975.81
695; 0.0966942544320407; 46118.3317665772; 44704.09; 4942.74
696; 0.0974843268319389; 45882.2278753098; 44432.28; 5024.34
697; 0.0933938886572698; 45445.7833916378; 44035.44; 5098.84
698; 0.0927196864022606; 45155.8963848684; 43744.03; 5139.29
699; 0.0964736567400959; 44816.6028840811; 43359.07; 5097.07
700; 0.0983277859904973; 44611.0179618617; 43110.29; 5147.14
701; 0.0978288643987382; 44388.3383205862; 42902.64; 5120.03
702; 0.0988261212256573; 44060.69552022; 42569.63; 5084.98
703; 0.0987246641960559; 43829.197261011; 42344.57; 5066.69
704; 0.0992479202726533; 43530.2118138453; 42087.37; 4896.64
705; 0.100285411328208; 43326.643960489; 41885.5; 4838.37
706; 0.0990543966924794; 43021.2650518917; 41620.16; 4760.67
707; 0.098698851606605; 42819.042188517; 41416.61; 4780.31
708; 0.096025984590038; 42608.0560444778; 41271.22; 4681.56
709; 0.0955388907167233; 42300.6601430118; 40978.27; 4652.88
710; 0.0954679936184975; 42087.1180238915; 40764.97; 4653.78
711; 0.0927968303550271; 41749.0874757442; 40463.52; 4654.28
712; 0.0924638694275982; 41532.5459276178; 40255.7; 4638.36
713; 0.0884312720776033; 41174.8044258739; 39964.91; 4594.59
714; 0.0875869557528239; 40878.66708419; 39680.95; 4591.35
715; 0.0844375331426396; 40432.8774218203; 39286.31; 4557.68
716; 0.0884159297803879; 40163.6192345841; 38975.93; 4507.33
717; 0.0860951789332641; 39815.6131909824; 38672.49; 4453.37
718; 0.0820417599839323; 39293.8624912091; 38238.07; 4314.65
719; 0.081717940217864; 38955.9078096615; 37915.28; 4267.7
720; 0.0831918024221056; 38425.7978232198; 37379.7; 4212.45
721; 0.0859920171882404; 38107.3550608404; 37030.83; 4192.27
722; 0.0853333779523675; 37627.9953220777; 36569.84; 4151.01
723; 0.084866385691849; 37316.9192972157; 36281.38; 4083.14
724; 0.0845906395775378; 36875.6985070954; 35846.8; 4068.68
725; 0.085137507393951; 36654.9020456732; 35618.41; 4070.88
726; 0.0889290987799207; 36438.1222710251; 35362.68; 4042.28
727; 0.0881777363157017; 36307.6388317013; 35264.68; 3952.13
728; 0.0899397062185789; 36214.5859893473; 35147.92; 3961.44
729; 0.0957897255353314; 36166.7040245763; 35036.8; 3938.93
730; 0.0964803670829721; 36114.2094924694; 34982.23; 3916.83
731; 0.101583338194697; 36181.8804133952; 34979.16; 3952.18
732; 0.10163533934209; 36179.880558994; 34973.38; 3962.08
733; 0.101462665649195; 36202.5974376189; 34983.99; 4008.15
734; 0.104570222771636; 36202.0127903765; 34934.58; 4044.48
735; 0.106183238806529; 36195.8970443774; 34904.98; 4055.84
736; 0.10663823456827; 36145.0402709714; 34849.66; 4051.37
737; 0.105359169801592; 36083.4880137249; 34798.35; 4066.75
738; 0.109944950880364; 36061.0025072643; 34719.07; 4067.97
739; 0.108394874708016; 35968.612593847; 34662.43; 4014.73
740; 0.109981494206157; 35926.5802351985; 34599.66; 4018.14
741; 0.11168445347851; 35893.1581853814; 34559.08; 3976.86
742; 0.105514947232108; 35836.5353651788; 34577.6; 3971.06
743; 0.105933053735517; 35860.7842752892; 34597.75; 3966.91
744; 0.107138402250267; 36049.1701404652; 34756.32; 4013.5
745; 0.109247749553403; 36236.3457433616; 34929.32; 3977.68
746; 0.106855082978866; 36461.05216645; 35180.48; 3982.95
747; 0.106596351656586; 36650.7002871182; 35380.24; 3959.61
748; 0.105286396664182; 36845.1876638362; 35579.02; 3993.96
749; 0.107181293406968; 36935.5634316951; 35638.56; 4017.77
750; 0.113186194035191; 36993.4778015637; 35621.81; 4022.63
751; 0.115464163043625; 36932.5053316184; 35526.21; 4042.69
752; 0.11030674814698; 36615.5399476761; 35272.84; 4040.09
753; 0.110517113138811; 36374.9274085035; 35021.98; 4063.05
754; 0.108752982824511; 35865.5809668514; 34535.94; 4057.58
755; 0.104593918894556; 35436.6563672056; 34165.32; 4032.92
756; 0.109322863172739; 34900.9122823734; 33598.04; 3953.07
757; 0.106504148464781; 34506.4536892544; 33242.28; 3935.57
758; 0.106553669808122; 33914.7970814052; 32670.12; 3871.5
759; 0.110756396061168; 33565.9117947067; 32281.18; 3842.65
760; 0.112606824968211; 33217.5342012241; 31924.78; 3801.32
761; 0.112153241766622; 32637.3293803756; 31362.01; 3763.45
762; 0.112570201107814; 32296.5560533571; 31037.12; 3701.07
763; 0.113064543748769; 31803.6725512171; 30554.28; 3654.01
764; 0.112969524677404; 31499.349309998; 30276.78; 3577.22
765; 0.113246210401821; 31046.7228159851; 29844.63; 3508.38
766; 0.113353432587128; 30783.8719260871; 29592.35; 3473.91
767; 0.108031468123999; 30321.4918922921; 29220.25; 3368.97
768; 0.110889160675318; 30084.9623611016; 28985.12; 3278.08
769; 0.114572179776007; 29730.9720236318; 28613.79; 3222.52
770; 0.11376809064922; 29490.4441364508; 28396.16; 3178.58
771; 0.112674074818054; 29130.4681812737; 28063.51; 3128.02
772; 0.114083001261587; 28914.6390782273; 27824.41; 3155.48
773; 0.114469302515908; 28586.776997424; 27511.03; 3101.69
774; 0.117595367224291; 28352.1771532876; 27250.38; 3090.89
775; 0.114397212013225; 28012.2008971081; 26923.11; 3139.57
776; 0.11192858932736; 27764.010799491; 26692.28; 3156.47
777; 0.111386703437468; 27430.9184209552; 26378.67; 3113.38
778; 0.114897458609675; 27243.0706607102; 26156.79; 3114.98
779; 0.112522910628883; 26889.2813759126; 25833.84; 3089.73
780; 0.113657862163757; 26698.1399556278; 25644.18; 3053.81
781; 0.113541614459015; 26417.435992573; 25391.25; 2975.72
782; 0.111499073052413; 26213.0438413305; 25220.98; 2928.73
783; 0.111844565566745; 25911.3770197897; 24943.53; 2847.78
784; 0.107754822862898; 25705.2397208882; 24783.44; 2814.52
785; 0.107312390976778; 25428.8252928165; 24512.17; 2809.55
786; 0.102386046699797; 25216.5503767273; 24354.29; 2769.2
787; 0.0997464718223242; 24936.1903660836; 24111.29; 2718.46
788; 0.0996122162887965; 24750.7369267903; 23935.54; 2689.25
789; 0.103277721702503; 24472.9517743078; 23629; 2684.53
790; 0.110961327634731; 24341.9593287359; 23429.19; 2701.61
791; 0.112722409839488; 24118.7826912454; 23215.9; 2629.93
792; 0.115970411233295; 23954.0341670585; 23023.05; 2635.25
793; 0.116299893951754; 23710.0752626593; 22777.42; 2632
794; 0.122998164339135; 23576.2490374567; 22595.01; 2617.89
795; 0.125336555487432; 23343.3757998115; 22336.97; 2634.77
796; 0.127682658473816; 23151.736680303; 22112.83; 2669.71
797; 0.123253264713622; 22984.8666463509; 21984.92; 2661.85
798; 0.124185964455617; 22773.6093284851; 21770.62; 2649.81
799; 0.1223850393442; 22607.099405845; 21624.52; 2633.75
800; 0.118345911096243; 22373.0840298523; 21451.6; 2553.96
801; 0.116014982822369; 22191.499980072; 21296.11; 2530.61
802; 0.117214520407944; 22000.4752810958; 21094.24; 2534.16
803; 0.117502918962018; 21859.922781917; 20965.53; 2493.87
804; 0.115297047468388; 21631.8684789525; 20777.34; 2427.37
805; 0.114290372491447; 21471.940514054; 20626.73; 2421.43
806; 0.116953566495466; 21268.3224455544; 20408.68; 2406.08
807; 0.122669692914559; 21162.3672581643; 20262.29; 2401.48
808; 0.128314959930968; 20993.7626028052; 20069.98; 2355.84
809; 0.131369302370445; 20869.5339477734; 19935.88; 2325.21
810; 0.125602775684599; 20647.834240775; 19758.37; 2316.34
811; 0.127275357573855; 20524.0034190042; 19629.76; 2297.52
812; 0.125985619431174; 20322.7955927212; 19440.29; 2289.84
813; 0.126100436466726; 20205.8396979018; 19329.39; 2271.4
814; 0.122563234919106; 20038.5808946072; 19206.63; 2217.59
815; 0.122862420953786; 19934.3295098302; 19107.39; 2198.44
816; 0.118053429724819; 19738.3437739685; 18944.37; 2196.29
817; 0.118415019012449; 19578.0528821584; 18785.86; 2184.32
818; 0.118443568521194; 19470.7824817085; 18686.34; 2162.08
819; 0.126384965098063; 19297.2178527143; 18460.03; 2162.05
820; 0.127888430687429; 19163.1928289169; 18313.57; 2167.88
821; 0.129448535132273; 19003.4218110742; 18130.17; 2200.68
822; 0.129893453535676; 18876.1640416353; 17998; 2204.84
823; 0.127612734019029; 18695.6413334299; 17836.87; 2194.12
824; 0.128742629563162; 18590.9961105074; 17730.5; 2178.67
825; 0.128090269602868; 18453.562712352; 17610.23; 2146.02
826; 0.130396962075342; 18366.3059422566; 17535.63; 2076.42
827; 0.124014880596316; 18210.6602107744; 17428.2; 2056.75
828; 0.124421464058928; 18112.8937525586; 17337.68; 2031.24
829; 0.130529124189448; 17986.3014616516; 17185.3; 2000.41
830; 0.130826256367965; 17843.2079859389; 17061.23; 1948.34
831; 0.130713241857893; 17738.000265842; 16971.77; 1909.83
832; 0.128481800329852; 17597.8532293105; 16860.01; 1870.11
833; 0.128068971805046; 17508.1408016906; 16770.25; 1875.35
834; 0.126501718845966; 17356.5270807091; 16645.37; 1828.97
835; 0.125451344832859; 17255.5481405511; 16549.23; 1831.26
836; 0.116708834970303; 17092.8517151642; 16453.14; 1782.35
837; 0.115012359810712; 17002.7385628107; 16379.07; 1763.51
838; 0.113921637852661; 16849.6157998168; 16235.15; 1754.35
839; 0.116297969484898; 16709.701654372; 16074.2; 1778.6
840; 0.118985930375556; 16631.3849411644; 15981.44; 1777.93
841; 0.113500847132324; 16485.3328813522; 15866.44; 1776.81
842; 0.111431587050346; 16388.6508949002; 15776.56; 1789.51
843; 0.120949376987659; 16302.5214578772; 15646.69; 1766.05
844; 0.12813462176708; 16243.767042926; 15542.12; 1783.07
845; 0.127843657889016; 16089.2179495555; 15390.02; 1780.43
846; 0.124506662144874; 16005.0722102486; 15331.09; 1761.82
847; 0.121606573907042; 15881.1733695995; 15227.78; 1748.28
848; 0.130034716452782; 15776.0004495992; 15098.25; 1695.53
849; 0.128712314167035; 15680.6123039594; 15011.88; 1689.72
850; 0.124814895447025; 15495.1890390885; 14856.35; 1664.16
851; 0.131967147845988; 15414.6361700351; 14747.7; 1642.82
852; 0.133053203861154; 15277.4045870871; 14619.18; 1607.71
853; 0.135953922883894; 15182.736433669; 14518.29; 1587.92
854; 0.147142414583293; 15036.2614776437; 14338.6; 1540.12
855; 0.150185066597402; 14865.5865909292; 14151.45; 1544.2
856; 0.154896134487823; 14768.3536215347; 14045.55; 1515.11
857; 0.155646786381438; 14615.2352386973; 13919.7; 1450.59
858; 0.148430057934763; 14495.8277588466; 13825.47; 1465.77
859; 0.150326410919928; 14336.1890707536; 13648.99; 1483.35
860; 0.147634832955401; 14217.3535667064; 13531.11; 1507.95
861; 0.142947714718381; 14058.0213459869; 13401.13; 1490.49
862; 0.131242524736801; 13879.8492482717; 13274.97; 1494.59
863; 0.131422438449871; 13767.5424433656; 13154.46; 1512.49
864; 0.137438790399476; 13611.6619793385; 12956.07; 1546.21
865; 0.145289739056536; 13512.0796743746; 12824.65; 1533.39
866; 0.15338785597876; 13353.8380856403; 12635.79; 1516.83
867; 0.152194112270169; 13145.1493932418; 12433.88; 1513.95
868; 0.151974478771791; 12989.272443236; 12293.84; 1482.09
869; 0.14934317650796; 12729.6093129997; 12058.37; 1455.45
870; 0.14690238690672; 12542.6540997426; 11894.82; 1427.76
871; 0.151648033773949; 12287.7772588605; 11642.25; 1377.84
872; 0.145367919609913; 12087.3375454164; 11469.19; 1376.13
873; 0.139700025044096; 11811.0275481412; 11235.69; 1332.53
874; 0.130285651676801; 11529.5042644855; 11012.1; 1284.65
875; 0.124321063266181; 11346.6923496796; 10866.29; 1249.76
876; 0.136191823518677; 11155.7879927205; 10645.77; 1210.92
877; 0.145031268889937; 11041.6509632176; 10509.02; 1187.3
878; 0.150937809083785; 10881.0411465004; 10330.64; 1178.63
879; 0.153486324966848; 10733.7009762351; 10193.75; 1136.83
880; 0.150779159475682; 10639.042974169; 10109.79; 1134.09
881; 0.157147583814644; 10527.3217165729; 9979.85; 1125.33
882; 0.159215468833267; 10443.2562546895; 9891.73; 1118.72
883; 0.164352888218678; 10369.9058725165; 9795.02; 1129.43
884; 0.161573388136214; 10250.3246643363; 9695.26; 1109.03
885; 0.150226469341421; 10160.9892531455; 9644.88; 1108.83
886; 0.14552951170928; 10084.642038253; 9598.29; 1078.41
887; 0.145348238226564; 10024.6139448586; 9533.9; 1089.26
888; 0.142363178093568; 9944.00054548693; 9478.5; 1054.82
889; 0.134198361280362; 9884.41770649669; 9465.16; 1007.67
890; 0.138246295161233; 9866.16660635273; 9433.9; 1008.35
891; 0.137086363152012; 9843.48672509874; 9408.11; 1024.03
892; 0.133874164212572; 9857.18226996677; 9432.88; 1021.76
893; 0.127649123203001; 9868.4633985986; 9463.6; 1022.36
894; 0.117708058587077; 9933.54105879456; 9551.22; 1046.8
895; 0.125992251442989; 10023.5907184664; 9605.56; 1069.14
896; 0.135194386992651; 10187.2596542024; 9731.54; 1086.02
897; 0.136431467854456; 10292.5112360216; 9819.83; 1116.08
898; 0.133898409983512; 10477.5860154959; 10007.83; 1129.97
899; 0.131889099942092; 10668.0771391585; 10203.23; 1135.01
900; 0.135192297109957; 10797.9286154772; 10302.21; 1180.62
901; 0.152516882632425; 10988.7544838717; 10410.07; 1221.5
902; 0.147341316379992; 11074.0315887519; 10506.52; 1239.79
903; 0.144968967788603; 11121.4480120998; 10552.68; 1262.66
904; 0.148283208244626; 11142.7698840474; 10574.7; 1232.72
905; 0.152239100958566; 11132.2971280162; 10548.03; 1234.76
906; 0.153458466056628; 11059.7900241036; 10477.21; 1221.21
907; 0.157981350497125; 10935.6157849144; 10347.55; 1197.22
908; 0.154445309164841; 10814.7412718977; 10275.37; 1123.04
909; 0.146009794677213; 10595.4315975948; 10095.42; 1101.09
910; 0.137824830973412; 10308.1671321096; 9857.05; 1052.24
911; 0.134112051299791; 10092.0196154611; 9654.96; 1047.5
912; 0.127897076879056; 9743.75312393803; 9338.38; 1018.6
913; 0.126069400574198; 9482.17096681471; 9092.46; 993.31
914; 0.125384415433377; 9102.86090717542; 8733.46; 946.53
915; 0.132897618663855; 8735.90258459499; 8353.23; 924.95
916; 0.136762956539374; 8500.09102313303; 8121.34; 889.45
917; 0.146192690588917; 8148.77615404817; 7752.42; 870.64
918; 0.151735748209638; 7847.88517533783; 7459.75; 821.3
919; 0.151845220915477; 7643.08254505352; 7264.7; 799.98
920; 0.151911822531174; 7350.68785122222; 6995.79; 749.9
921; 0.155245403950853; 7072.9661679229; 6721.88; 725.82
922; 0.158307527343978; 6893.37542174707; 6539.28; 717.81
923; 0.156839489514338; 6626.7875877594; 6288.76; 691.56
924; 0.148397517020653; 6455.1866886551; 6145.76; 668.97
925; 0.142467706927963; 6183.02865034924; 5898.34; 641.02
926; 0.159255870841284; 5957.77864588954; 5662.37; 594.98
927; 0.155940180086021; 5804.53214153215; 5522.49; 580.06
928; 0.144296734949163; 5566.63519202026; 5315.76; 557.52
929; 0.13512818460773; 5309.05723224591; 5094.54; 509
930; 0.13875241991147; 5136.7445236622; 4918.46; 504.36
931; 0.151392332146699; 4845.86061245643; 4620.77; 476.6
932; 0.147859902119965; 4510.02558645296; 4308.68; 436.45
933; 0.156213934232718; 4265.91957782921; 4066.76; 408.57
934; 0.152969259838621; 3853.11164104845; 3675.65; 371.73
935; 0.161736762004978; 3422.60690193811; 3254.36; 333.29
936; 0.158395781360209; 3121.07160060508; 2974.81; 295.81
937; 0.147859687143765; 2679.6279798085; 2559.82; 259.54
938; 0.152086585594112; 2282.70807440199; 2188.07; 199.29
939; 0.156067589558508; 2049.83805946501; 1968.44; 167.02
940; 0.138945023588096; 1762.27732737878; 1694.3; 156.65
941; 0.129045771012685; 1547.22864279867; 1492.72; 135.23
942; 0.138966954595088; 1443.82402525593; 1387.37; 130.04
943; 0.163889961889852; 1354.43774529975; 1286.69; 132.31
944; 0.165077177385644; 1311.49395698491; 1244.67; 129.55
945; 0.146510042138983; 1307.34245445023; 1249.62; 126.07
946; 0.145699242506393; 1335.31974343334; 1278.41; 124.97
947; 0.162374302467918; 1378.40339885438; 1312.83; 129.19
948; 0.158159129863326; 1416.13910042489; 1348.84; 136.11
949; 0.154460766512405; 1484.07440837922; 1415.09; 142.84
950; 0.163339093686615; 1567.19923362504; 1490.69; 149.79
951; 0.151879648877816; 1622.25441393659; 1540.43; 172.26
952; 0.168256676620281; 1716.66426403897; 1616.44; 190.44
953; 0.165920841136199; 1803.00197451035; 1698.68; 200.99
954; 0.141716097360675; 1853.25886386858; 1761.94; 205.96
955; 0.151895882483372; 1958.02563173514; 1851.17; 224.82
956; 0.16311937214834; 2054.97303369716; 1937.02; 231.07
957; 0.154286072199428; 2108.72556554737; 1996.3; 232.82
958; 0.15603784101552; 2197.04764791866; 2090.68; 217.78
959; 0.161434534373187; 2267.24761635358; 2161.75; 208.75
960; 0.152328721293565; 2305.39900841915; 2195.68; 230.05
961; 0.169197374483909; 2362.80578921013; 2242.09; 227.85
962; 0.166602548482383; 2405.02603495026; 2286.61; 226.96
963; 0.158864785922323; 2421.752051453; 2305.87; 232.89
964; 0.146968649372236; 2442.3217614543; 2338.55; 225.41
965; 0.155944205517998; 2459.83176504112; 2344.92; 235.21
966; 0.143352715047278; 2482.10850212913; 2370.41; 248.69
967; 0.164277503437076; 2500.81117915267; 2385.29; 224.41
968; 0.167594547025582; 2516.06434728889; 2395.91; 228.76
969; 0.188851314966973; 2526.41111843851; 2396.97; 218.68
970; 0.204273614705968; 2536.88975908385; 2398.3; 216.43
971; 0.213209466765585; 2538.87852073242; 2389.14; 224.01
972; 0.202190222811639; 2519.77632812565; 2381.04; 218.84
973; 0.229617802830914; 2514.60774193214; 2367.5; 204.3
974; 0.180747945258473; 2474.14584070279; 2349.98; 219.04
975; 0.161856585449005; 2449.07051071642; 2340.69; 213.48
976; 0.149488967541588; 2430.10138009441; 2329.67; 214.16
977; 0.126174572026637; 2398.65592039042; 2314.39; 212.87
978; 0.100472229109984; 2360.95447523053; 2293; 215.55
979; 0.103972664912189; 2344.35566717213; 2270.94; 225.01
980; 0.0906922498612248; 2316.86529807145; 2253.53; 222.51
981; 0.130834871629605; 2301.58983888278; 2211.65; 219
982; 0.153855486455345; 2275.02210462929; 2166.45; 224.79
983; 0.157251053518897; 2249.10954244097; 2136.66; 227.76
984; 0.151342257525308; 2211.49303719368; 2107.27; 219.31
985; 0.166702408637788; 2180.10809333427; 2067.62; 214.87
986; 0.16300397773958; 2144.20897994808; 2036.48; 210.42
987; 0.171914591498323; 2125.05198670271; 2005.72; 220.98
988; 0.145674026137211; 2081.94585168079; 1984.27; 213.43
989; 0.121483352289694; 2034.16270201548; 1952.57; 213.76
990; 0.109778225000146; 2002.33282430867; 1930.05; 209.54
991; 0.125166641792832; 1966.91224839522; 1880.21; 220.41
992; 0.141642900829265; 1939.20822178406; 1848.35; 204.08
993; 0.153562615924646; 1899.50894229585; 1804.62; 196.57
994; 0.154192866303115; 1875.92069108732; 1785.01; 187.54
995; 0.143137246223272; 1827.64285799033; 1738.71; 197.61
996; 0.171103116656502; 1797.76766676615; 1698.8; 183.94
997; 0.209799681807995; 1775.22601307665; 1659.01; 176.14
998; 0.239325062311564; 1755.21633997895; 1637.37; 156.56
999; 0.210593590034741; 1706.23393786907; 1600.11; 160.2
1000; 0.224966981421844; 1669.92355753278; 1558.01; 158.13
1001; 0.21772234424671; 1645.62309921856; 1537.83; 157.36
1002; 0.249378331309606; 1621.43605056713; 1513.64; 137.37
1003; 0.215112175346379; 1576.12624495432; 1482.74; 137.95
1004; 0.173838864188328; 1527.34390195398; 1458.8; 125.28
1005; 0.134403418718681; 1492.97297790632; 1439.4; 126.63
1006; 0.127261666128674; 1454.97612372135; 1403.8; 127.74
1007; 0.0946797019373876; 1412.16266105125; 1377.82; 115.21
1008; 0.106374482384979; 1376.56860560566; 1336.17; 120.61
1009; 0.110736963599088; 1350.72934951894; 1307.77; 123.19
1010; 0.131153070024869; 1320.46390413735; 1274.54; 111.18
1011; 0.112438135590989; 1284.55826633464; 1243.99; 114.55
1012; 0.144472569946689; 1262.85127865992; 1208.87; 118.61
1013; 0.145580624067686; 1243.55079927608; 1190.37; 115.95
1014; 0.129315695353722; 1209.2231410599; 1163.01; 113.42
1015; 0.143204888946704; 1190.73048994574; 1137.11; 118.82
1016; 0.124665499836112; 1157.189648316; 1113.5; 111.2
1017; 0.125165585561876; 1139.07809028641; 1094.83; 112.16
1018; 0.162938164646033; 1118.81487762257; 1066.64; 101.58
1019; 0.164176477110755; 1092.50999672873; 1043.81; 94.09
1020; 0.162199872853199; 1064.71767746567; 1015.07; 97.08
1021; 0.200439120252453; 1059.47756436922; 986.98; 114.7
1022; 0.173431191222127; 1017.32079416043; 965.88; 94.05
1023; 0.221317444046882; 1002.00489234785; 931.74; 100.66
1024; 0.206303145534604; 969.881287598804; 909.96; 92.08
1025; 0.199488509537902; 953.620033827554; 889.66; 101.63
1026; 0.190489788072999; 924.986518627261; 858.31; 110.94
1027; 0.226330622828238; 900.512937748901; 822.79; 108.83
1028; 0.214784073426317; 875.638411302397; 812.16; 93.65
1029; 0.22948499689838; 862.45820486859; 790.63; 99.17
1030; 0.228828678234978; 841.337404932027; 774.07; 93.13
1031; 0.250634399014904; 828.281793981409; 765.45; 79.41
1032; 0.256628768469017; 801.763093884231; 747.55; 66.91
1033; 0.283269796096637; 787.761477167831; 731.51; 62.89
1034; 0.255362167075636; 778.74129252352; 729.22; 61.41
1035; 0.246215704522502; 751.39781488669; 712.65; 49.83
1036; 0.191117972744355; 720.94925299815; 692.97; 46.35
1037; 0.143253056992849; 699.12955481883; 674.92; 53.5
1038; 0.126111207568739; 685.658568696642; 662.79; 57.4
1039; 0.0371240022443604; 604.641524719695; 596.18; 72.14
1040; -0.0735283085085226; 671.250970094245; 690.97; 84.87
1041; 0.375021021393034; 668.689905175558; 731.93; -53.36
