# 06/03/2019 19:12:29
# NanoCalc data
# Original file name: C:\SVA_DATA\StudentProjects\2018_Nathan\PS-b-PI\PSbPI_968.dat
# Fit Result : Fitness; Thickness 1; Thickness 2; Thickness 3 
# Fit Result : 1.80657041827385; 2; 105.4; -1
# comment:PSbPI id:370 slowslow script start 16:33
#
# WaveLength; Reflectance; Raw Intensity; Dark Intensity; Reference Intensity
400; 0.480445557640825; 4353.55352309513; 3706.58; 652.97
401; 0.459228022322886; 4481.10162809246; 3827.82; 686.82
402; 0.459326514378215; 4582.397719416; 3922.88; 690.19
403; 0.466988905929661; 4698.14415819618; 4026.52; 688.46
404; 0.466568291493379; 4795.55321152823; 4116.57; 693.7
405; 0.458330824419338; 4963.03210249729; 4267.86; 720.2
406; 0.461650907865782; 5068.08134228156; 4392.4; 692.25
407; 0.456766984683325; 5181.95062669781; 4498.1; 705.33
408; 0.450981907025836; 5290.28558839814; 4602.23; 715.92
409; 0.45652948599626; 5400.49757194634; 4697.66; 719.74
410; 0.445325706447707; 5548.3510342112; 4851.48; 728.85
411; 0.445283721074311; 5641.49434884431; 4933.69; 737.74
412; 0.443103545028219; 5738.3958967816; 5006.35; 764.04
413; 0.436190346364838; 5819.74478836307; 5074.69; 787.31
414; 0.425759003862681; 5946.83366108343; 5187.46; 819.34
415; 0.431780408284341; 6047.13106218222; 5262.83; 831.69
416; 0.428533886067249; 6124.18155094954; 5333.87; 841.6
417; 0.421913195832979; 6206.26107809656; 5432.16; 834.5
418; 0.413666889597265; 6328.16139875972; 5554.94; 847.33
419; 0.40294029511096; 6401.20843742956; 5639.25; 854.66
420; 0.391728866048954; 6508.82515047922; 5731.78; 893.85
421; 0.391388536339497; 6618.70672549467; 5844.55; 888.7
422; 0.395710333708641; 6798.50273252678; 5986.26; 919.54
423; 0.386733520075189; 6907.95156602657; 6097.41; 936.13
424; 0.373666553440302; 7029.14615627602; 6222.48; 961.37
425; 0.36755771822752; 7166.49819252681; 6336.9; 1002.4
426; 0.36778652970449; 7380.3955156896; 6501.39; 1058.55
427; 0.366016957952455; 7537.72808656793; 6648.16; 1073.5
428; 0.36650474863393; 7696.18733001643; 6783.3; 1097.16
429; 0.371548030793267; 7832.29154693539; 6907.86; 1093.25
430; 0.356943521631405; 8013.79893047133; 7111.68; 1107.74
431; 0.356821680432561; 8159.04201854168; 7247.41; 1117.05
432; 0.358951668184858; 8289.11918913908; 7363.78; 1124.31
433; 0.358726309635066; 8401.90336005579; 7451.35; 1152.9
434; 0.364048167946957; 8586.54805534469; 7622.06; 1149.92
435; 0.359844013524758; 8689.40148289158; 7725.43; 1160.22
436; 0.359536647077088; 8774.12519749291; 7810.18; 1158.66
437; 0.347640943496268; 8857.02605028701; 7906.48; 1178.93
438; 0.340028815631857; 9020.27835558805; 8054.32; 1222.03
439; 0.342185519152415; 9118.00444793951; 8136.76; 1230.73
440; 0.333304157746777; 9195.6609240459; 8228.69; 1242.29
441; 0.328723091390776; 9283.44703513062; 8339.09; 1227.41
442; 0.325728381862999; 9451.05686217234; 8479.44; 1271.58
443; 0.323160188713463; 9556.14758968207; 8574.86; 1291.6
444; 0.323460328318629; 9704.03471448161; 8692.65; 1327.07
445; 0.322314691126022; 9835.78462095925; 8808.71; 1349.4
446; 0.315673257142873; 10034.4744949457; 8995.09; 1391.12
447; 0.31412253122695; 10204.1276694593; 9152.97; 1410.79
448; 0.311411906500586; 10390.1150879877; 9325.63; 1437.98
449; 0.315693650536215; 10683.4938831147; 9579.28; 1468.31
450; 0.312815557003571; 10868.0620279651; 9774.98; 1463.74
451; 0.314582378266598; 11067.3083330619; 9949.44; 1485.53
452; 0.309754883098449; 11244.1313950913; 10146.84; 1477.89
453; 0.305218793701598; 11573.1764392561; 10453.15; 1527.91
454; 0.311714398131366; 11824.8985002449; 10674.94; 1533.01
455; 0.30859208144847; 12036.1113955475; 10869.94; 1567.29
456; 0.305720779977064; 12276.5606283533; 11067.31; 1637.27
457; 0.297272365593002; 12620.6169186909; 11406.59; 1687.26
458; 0.29817365708719; 12911.9558021643; 11668.57; 1719.54
459; 0.289027350167747; 13126.5878044371; 11888.18; 1763.56
460; 0.290348766435316; 13398.6201833601; 12120.23; 1808.82
461; 0.294098370263986; 13778.9701060453; 12477.98; 1813.95
462; 0.289071344611245; 13979.1623385555; 12696.02; 1816.78
463; 0.281602490723962; 14172.5181253614; 12920.83; 1815.95
464; 0.277427834334895; 14530.3073431612; 13251.1; 1880.37
465; 0.272615519362025; 14773.8984431243; 13499.29; 1903.39
466; 0.271565705007371; 15023.3632100079; 13714.15; 1959.18
467; 0.270672248290216; 15277.4853821906; 13941.45; 2002.55
468; 0.26240718278845; 15748.43071014; 14419.99; 2050.42
469; 0.262131695603757; 16082.1166965384; 14715.46; 2108.14
470; 0.264039775368991; 16432.524045869; 15030.91; 2142.93
471; 0.260793167380759; 16867.1649034895; 15439.32; 2206.59
472; 0.259870322862376; 17503.4383948587; 16033.97; 2275.28
473; 0.256952564338947; 17962.8363659374; 16472.79; 2329.59
474; 0.254975636933991; 18459.392298818; 16951.53; 2371.89
475; 0.25437293699384; 19333.6175420711; 17780.12; 2445.55
476; 0.255472124663763; 19932.4863049854; 18330.84; 2506.42
477; 0.254317921615381; 20552.1392175231; 18892.02; 2605.57
478; 0.251016968989535; 21266.2309835513; 19567.89; 2696.25
479; 0.250717726374259; 22330.7861260572; 20540.83; 2840.66
480; 0.248361316444902; 23089.9660103981; 21247.71; 2946.79
481; 0.246633898034263; 23824.5832221207; 21945.87; 3021.61
482; 0.242543952695333; 24918.5462536195; 23001.33; 3130.81
483; 0.239563639385311; 25645.2853246583; 23698.95; 3213.18
484; 0.239893356583964; 26382.8395630763; 24387.59; 3284.49
485; 0.238552813380425; 27104.4574305035; 25047.89; 3399.35
486; 0.234289904824416; 28078.8048133777; 25989.21; 3511.42
487; 0.235398789023455; 28705.3254898649; 26548.62; 3601.68
488; 0.230328724496994; 29289.7133914012; 27137.19; 3668.26
489; 0.228577176912691; 29864.5047327584; 27674.23; 3755.82
490; 0.223274483987185; 30684.1814331546; 28469.58; 3882.15
491; 0.219568532814582; 31158.6707855198; 28962.28; 3910.11
492; 0.21793852011479; 31633.8607112443; 29398.31; 4004.35
493; 0.214491472124933; 32277.2392791511; 30045.96; 4055.79
494; 0.215512412450674; 32713.9545254884; 30450.65; 4089.41
495; 0.211053042041112; 33079.1554837314; 30849.74; 4108.15
496; 0.206391084292753; 33608.0174741011; 31406.65; 4142.99
497; 0.204520872128773; 33951.905351687; 31767.86; 4142.86
498; 0.205887854433817; 34296.5457800289; 32067.12; 4195.67
499; 0.202636350662812; 34627.150189468; 32404.94; 4243.83
500; 0.200082386460376; 35073.3903546687; 32863.49; 4268.88
501; 0.198655178470418; 35367.2677594468; 33146.16; 4315.77
502; 0.197636996833237; 35701.6251874835; 33476.28; 4340.55
503; 0.196865761491854; 36212.8304776286; 33974.55; 4377.29
504; 0.201056638825344; 36629.3220499681; 34328.61; 4399.96
505; 0.19774169368037; 37008.5939876528; 34741.28; 4403.53
506; 0.198912749905878; 37407.0673403658; 35107.34; 4434.89
507; 0.200312981139444; 38024.3653026587; 35715.47; 4416.36
508; 0.198369715579978; 38421.4301661461; 36120.4; 4439.31
509; 0.197834854335833; 38846.2780837872; 36537.16; 4462.01
510; 0.193060052436746; 39470.4330580609; 37164.54; 4560.8
511; 0.188926175187888; 39856.1580875986; 37577.28; 4600.76
512; 0.182060942324739; 40219.8092006975; 38001.86; 4641.31
513; 0.182146634875266; 40831.3099220146; 38544.65; 4777.5
514; 0.178757405512875; 41227.1201736787; 38978.11; 4782.45
515; 0.176926279604948; 41648.7137966205; 39357.58; 4916.92
516; 0.174550684460982; 42013.9133014431; 39710.45; 5004.9
517; 0.172175618969601; 42633.2160332648; 40331.64; 5063.94
518; 0.169953438811847; 43044.9603717693; 40749.91; 5109.82
519; 0.169185458102975; 43454.6942857099; 41153.15; 5141.7
520; 0.171435924455834; 44118.876313614; 41744.27; 5229.46
521; 0.167370310241764; 44489.9237713857; 42147.85; 5277.47
522; 0.164873290633071; 44889.4170153991; 42528.95; 5393.7
523; 0.161273171753594; 45460.1369714903; 43144.91; 5402.76
524; 0.159595425639695; 45883.8758705989; 43568.3; 5454.65
525; 0.159748652704003; 46265.429793583; 43928.06; 5495.06
526; 0.158349602971457; 46782.4016700224; 44426.05; 5582.88
527; 0.155866172303445; 47114.1251171512; 44754.61; 5673.87
528; 0.153116880876759; 47441.2279672326; 45083.01; 5766.75
529; 0.155150379092712; 47773.85307948; 45349.17; 5845.8
530; 0.155605515861328; 48147.0913705531; 45699.78; 5877.43
531; 0.153722538651361; 48333.3089092067; 45874.99; 5970.71
532; 0.152249063747507; 48533.3166039542; 46081.55; 6006.91
533; 0.151621352044725; 48825.4718948768; 46374.85; 6023.42
534; 0.150205692304529; 48964.4624112914; 46512.86; 6077.02
535; 0.147146821924485; 49102.783510975; 46705.25; 6060.18
536; 0.148331044535609; 49335.3563550954; 46893.06; 6117.76
537; 0.143797369285342; 49434.2559312348; 47060.97; 6125.72
538; 0.140769751708653; 49596.7626160043; 47278.55; 6105.66
539; 0.14183062643499; 49905.3005638549; 47591.89; 6041.35
540; 0.140830054553821; 50052.7066608673; 47751.12; 6047.07
541; 0.138493389611056; 50207.5161236495; 47934.66; 6067.28
542; 0.140175037382083; 50562.1466399256; 48265.44; 6052.34
543; 0.142611083452006; 50819.9715308439; 48472.17; 6076.53
544; 0.13942359276587; 51027.6612445432; 48742.04; 6046.08
545; 0.13760297679988; 51395.0913622096; 49147.92; 6018.12
546; 0.138506319896131; 51674.6530237578; 49400.39; 6046.02
547; 0.138488421514972; 51898.3434389295; 49589.44; 6133.58
548; 0.134523297995022; 52352.8624695628; 50065.48; 6250.24
549; 0.136391140699428; 52661.6927477485; 50321; 6302.83
550; 0.130582347278166; 52899.1102117798; 50631.34; 6372.71
551; 0.128282942090395; 53179.0514040399; 50941.36; 6395.47
552; 0.129857625858468; 53656.9968004481; 51381.82; 6418.3
553; 0.131702482221101; 53972.3747838011; 51642.05; 6476.44
554; 0.129115358794431; 54259.14742076; 51958.5; 6516.52
555; 0.129556026212704; 54763.1147098097; 52472.31; 6461.05
556; 0.133984415941551; 55136.5823910081; 52774.37; 6436.57
557; 0.130993294059636; 55438.4917202486; 53127.07; 6436.47
558; 0.1352212080582; 56023.8316513602; 53628.3; 6456.57
559; 0.134253200720089; 56379.3017927867; 53982.54; 6500.87
560; 0.131817229584408; 56744.3606474464; 54374.65; 6540.64
561; 0.127374627116586; 57418.274117373; 55113.13; 6578.83
562; 0.128112024525739; 57939.5799969847; 55594.48; 6648.59
563; 0.125295369271881; 58431.6096373421; 56111.99; 6718.72
564; 0.122194022841076; 59193.4555358898; 56872.57; 6887.39
565; 0.123071900138339; 59741.9326422622; 57392.16; 6918.28
566; 0.120571461042565; 60213.2355747622; 57887.77; 6983.55
567; 0.119644925215713; 60913.6430286101; 58581.27; 7053.7
568; 0.119328228894447; 61249.9057354311; 58892.28; 7144.09
569; 0.121710346127932; 61477.984013331; 59048.64; 7212.18
570; 0.124879227437891; 61686.8853733446; 59201.32; 7186.7
571; 0.126315632871331; 61701.8456910145; 59179.33; 7205.05
572; 0.127342125284679; 61662.3131239499; 59136.17; 7151.54
573; 0.124726957701524; 61383.420278462; 58913.77; 7132.5
574; 0.124405100757098; 61166.7312891904; 58730.17; 7049.31
575; 0.12111103717202; 60773.4772525343; 58409.27; 7020.39
576; 0.118695244675294; 60573.8987062118; 58286.82; 6924.21
577; 0.116697945391779; 60399.2637012887; 58156.17; 6901.91
578; 0.110598432195232; 60065.9027322627; 57942.19; 6889.6
579; 0.111567355598364; 59972.8150780725; 57832.37; 6878.4
580; 0.109206466243476; 59841.7482634473; 57747.7; 6869.6
581; 0.110673118873942; 59678.6073244873; 57553.64; 6873.83
582; 0.110084437016192; 59573.2581905802; 57452.74; 6891.28
583; 0.109286845347748; 59463.7078775938; 57372.5; 6841
584; 0.111280729618257; 59383.203107856; 57257.56; 6824.62
585; 0.111758832036208; 59321.7751262865; 57205.45; 6761.24
586; 0.112804987973824; 59283.7056615183; 57145.37; 6763.8
587; 0.113165287717391; 59230.132237985; 57079.59; 6776.52
588; 0.115966411764396; 59164.7800394082; 56937.13; 6845.66
589; 0.114559032164661; 59135.8943388125; 56955.2; 6779.63
590; 0.116901587235828; 59153.8905613704; 56919.06; 6804.44
591; 0.119219122569238; 59168.7377926047; 56871.59; 6853.91
592; 0.12019303073246; 59207.9464068931; 56866.08; 6926.36
593; 0.123126876982032; 59315.8150343095; 56885.37; 7012.64
594; 0.123328703383128; 59376.2901921347; 56949.44; 6986.4
595; 0.1220660623635; 59553.3735955027; 57139.71; 7015.88
596; 0.121537894380719; 59772.0188654509; 57370.84; 7005.49
597; 0.12076401214353; 60016.3507858483; 57620.87; 7029.2
598; 0.117988014091874; 60448.808413161; 58084.9; 7095.26
599; 0.114473686614733; 60817.9515204849; 58524.45; 7090.77
600; 0.111838496444111; 61262.8719560785; 59020.31; 7092.14
601; 0.107366265193502; 61995.0872776571; 59811.73; 7187.95
602; 0.103495513176296; 62555.8592228425; 60413.01; 7313.98
603; 0.100301758629169; 63097.7677446912; 60992.44; 7410
604; 0.0973807998577473; 63918.6828240872; 61857.75; 7466.56
605; 0.0963790638876269; 64471.0577370332; 62404.92; 7558.6
606; 0.0972977617895245; 65048.0441896257; 62931.49; 7665.24
607; 0.0989234397112702; 65746.7647464804; 63575.16; 7730.63
608; 0.101549308251163; 66159.0206193515; 63913.77; 7781.35
609; 0.102873215098677; 66588.147475133; 64286.44; 7869.52
610; 0.104619930943153; 66735.4613553; 64387.2; 7889.79
611; 0.106402212071947; 66857.860764935; 64454.87; 7933.77
612; 0.107731134214422; 66907.3047592111; 64486.18; 7890.17
613; 0.110297371048735; 66877.2283170861; 64382.6; 7935.66
614; 0.111367209030688; 66754.0525473391; 64258.5; 7857.7
615; 0.11080923227898; 66407.5294258101; 63951.06; 7769
616; 0.110443598245645; 66089.7367157323; 63649.54; 7738.29
617; 0.110654788263245; 65570.4515930592; 63191.8; 7524.48
618; 0.110677595330378; 65206.1556393811; 62865.79; 7397.46
619; 0.108124159648185; 64789.4525160109; 62524.5; 7324.23
620; 0.108490049914237; 64161.6268533112; 61903.74; 7272.85
621; 0.107587910732521; 63729.1399363679; 61522.57; 7163.5
622; 0.108353226453883; 63334.920567206; 61120.28; 7135.28
623; 0.108140826968257; 62769.3701710007; 60595.35; 7014.78
624; 0.108539931336988; 62418.0860772986; 60252.71; 6957.84
625; 0.108395457067235; 61932.8441167521; 59771.23; 6951.65
626; 0.108136468787349; 61643.5515890704; 59483.48; 6959.96
627; 0.11246395890682; 61395.9162690961; 59165.07; 6908.27
628; 0.109053055846145; 60923.0885500294; 58794.21; 6795.41
629; 0.105962149574972; 60610.4613836372; 58562.43; 6724.97
630; 0.105702442741452; 60328.0380624018; 58288.09; 6711.82
631; 0.106515980785987; 59927.5947122077; 57859.83; 6748.49
632; 0.102901959670185; 59655.4331760362; 57682.5; 6662.28
633; 0.102603709803905; 59284.6688375508; 57342.16; 6575.79
634; 0.103270405407831; 59032.9715787663; 57084.01; 6552.04
635; 0.102743147031663; 58781.7679770041; 56861.14; 6486.39
636; 0.103919652981898; 58547.3587008585; 56610.25; 6464.46
637; 0.107258626786144; 58387.7430777887; 56396.33; 6434.92
638; 0.105404557868551; 58200.1612964696; 56258.02; 6382.24
639; 0.104621259574842; 57944.6986338535; 56020.93; 6365.53
640; 0.10487513906626; 57759.3608819894; 55817.61; 6405.6
641; 0.104744556009207; 57464.9248817932; 55521.74; 6414.99
642; 0.106133625977606; 57292.0183696076; 55345.1; 6339.9
643; 0.107111925495607; 57177.1971487809; 55211.6; 6339.15
644; 0.107121252416867; 56886.8298877219; 54932.43; 6299.39
645; 0.106356242483671; 56725.393801251; 54787.8; 6287.41
646; 0.10758820788902; 56489.4132823711; 54543.39; 6239.56
647; 0.107095915029212; 56319.4883542809; 54402.96; 6170.73
648; 0.110837896896994; 56194.9149126621; 54223.42; 6130.91
649; 0.114323223737215; 56011.8143432394; 53981.55; 6118.52
650; 0.113320907360871; 55882.379369954; 53857.78; 6152.73
651; 0.107943751127996; 55607.6341314647; 53690.78; 6112.63
652; 0.110802390063473; 55504.3784796603; 53508.46; 6197.48
653; 0.110439331955161; 55359.483929656; 53373.85; 6182.75
654; 0.111214659447227; 55180.0704298328; 53197.75; 6126.54
655; 0.112190136301556; 55092.0770389223; 53072.59; 6184.61
656; 0.110470746071431; 54920.9355560948; 52943.74; 6146.82
657; 0.107990146685444; 54819.8199274014; 52900.86; 6100.67
658; 0.107929835073715; 54743.6004501006; 52840.08; 6052.84
659; 0.112722979444366; 54703.5375668348; 52741.87; 5970.05
660; 0.106279419508003; 54558.8163444051; 52729.32; 5902.95
661; 0.103785491131406; 54395.0458654151; 52604.84; 5911.68
662; 0.101803934745128; 54278.2868332245; 52521.21; 5912.09
663; 0.10048028603412; 54173.4496090283; 52451.09; 5868.51
664; 0.102343936173795; 54039.6782834286; 52287.7; 5857.45
665; 0.103352747574585; 53909.6420412545; 52132.9; 5880.01
666; 0.0990879318894084; 53674.6277633214; 51959.38; 5918.55
667; 0.0975317792324056; 53480.1567900783; 51781.68; 5952.26
668; 0.101638630285047; 53378.0181621719; 51634.69; 5860.85
669; 0.102157156775292; 53192.4443760258; 51450.2; 5825.24
670; 0.105791758884022; 53105.8843241397; 51293.57; 5849.09
671; 0.106148086559493; 52889.2670898721; 51072.93; 5839.11
672; 0.105014814899881; 52722.6084026071; 50919.86; 5854.67
673; 0.102359557683018; 52543.0330627811; 50787.07; 5847.19
674; 0.102094166276001; 52300.1156847144; 50579.53; 5741.04
675; 0.103444251390548; 52149.7191211963; 50427.07; 5670.38
676; 0.102706582432478; 51826.7850734138; 50091.77; 5749.54
677; 0.102373808101461; 51603.2106371351; 49872.31; 5752.67
678; 0.0976107820228104; 51185.918846798; 49530.92; 5766.75
679; 0.0977909302203534; 50964.349150041; 49327.37; 5691.42
680; 0.096919549292914; 50683.7293063855; 49070.42; 5657.7
681; 0.0964822412726472; 50264.2128799163; 48667.39; 5623.25
682; 0.100619851678687; 50044.093490846; 48374.21; 5636.53
683; 0.100113332430059; 49702.9937125291; 48043.66; 5627.07
684; 0.102411751397682; 49507.7927540141; 47814.76; 5610.48
685; 0.10165913951713; 49117.5166249349; 47448.75; 5568.84
686; 0.103157547848378; 48848.5836028624; 47154.8; 5568.22
687; 0.104415166726806; 48621.0550840766; 46914.24; 5541.32
688; 0.102461705297261; 48206.6071705864; 46556.39; 5457.75
689; 0.101798167282089; 47977.340875255; 46363.53; 5370.2
690; 0.0993931687182429; 47603.9473626796; 46046.68; 5305.36
691; 0.099016558451696; 47338.0233882924; 45810.71; 5221.06
692; 0.0974751750067712; 47080.9482821033; 45598.99; 5144.11
693; 0.0981014936673032; 46725.5311098538; 45273.63; 5005.64
694; 0.0972612884988126; 46488.3188330781; 45056.87; 4975.81
695; 0.0990601310165887; 46152.9348720057; 44704.09; 4942.74
696; 0.10229463176801; 45953.7746731214; 44432.28; 5024.34
697; 0.102447008406001; 45582.4947738802; 44035.44; 5098.84
698; 0.103057631736463; 45313.3149231779; 43744.03; 5139.29
699; 0.101761253052771; 44896.4883757675; 43359.07; 5097.07
700; 0.103972006886669; 44697.1628906474; 43110.29; 5147.14
701; 0.104800657104224; 44494.2168951528; 42902.64; 5120.03
702; 0.10116569244202; 44095.9944263145; 42569.63; 5084.98
703; 0.099405075449809; 43839.4293251486; 42344.57; 5066.69
704; 0.0997222146829138; 43537.1069891328; 42087.37; 4896.64
705; 0.0988565320563147; 43306.1103583859; 41885.5; 4838.37
706; 0.0946493679128732; 42958.956782063; 41620.16; 4760.67
707; 0.095038727233825; 42767.0347319883; 41416.61; 4780.31
708; 0.0895116874231517; 42517.3665577278; 41271.22; 4681.56
709; 0.0896330348736142; 42218.9149448586; 40978.27; 4652.88
710; 0.0941899203347674; 42069.4178292773; 40764.97; 4653.78
711; 0.0935193898165802; 41759.0975045298; 40463.52; 4654.28
712; 0.0947377073065645; 41563.9456587105; 40255.7; 4638.36
713; 0.0952464397491551; 41268.047836078; 39964.91; 4594.59
714; 0.0956511504989901; 40988.9417676141; 39680.95; 4591.35
715; 0.0977197707545819; 40613.2353783821; 39286.31; 4557.68
716; 0.0999317671442093; 40318.311223892; 38975.93; 4507.33
717; 0.0975762385866885; 39968.0522207805; 38672.49; 4453.37
718; 0.097561450578273; 39493.5848374704; 38238.07; 4314.65
719; 0.099263180744545; 39179.335678384; 37915.28; 4267.7
720; 0.0982708378324386; 38615.4096077917; 37379.7; 4212.45
721; 0.102482803352387; 38313.8014864406; 37030.83; 4192.27
722; 0.100286259611245; 37813.4148107633; 36569.84; 4151.01
723; 0.0975807966469205; 37472.0604886025; 36281.38; 4083.14
724; 0.0972706179572602; 37029.9284655169; 35846.8; 4068.68
725; 0.0982415319373171; 36814.4347548311; 35618.41; 4070.88
726; 0.0975013142614741; 36541.7882590051; 35362.68; 4042.28
727; 0.0978002090786768; 36421.452628361; 35264.68; 3952.13
728; 0.0984858872090087; 36315.9418974836; 35147.92; 3961.44
729; 0.0974608086898402; 36186.4155705812; 35036.8; 3938.93
730; 0.10267469657564; 36186.885977513; 34982.23; 3916.83
731; 0.106459696084457; 36239.6152277975; 34979.16; 3952.18
732; 0.109195970426378; 36269.6318766812; 34973.38; 3962.08
733; 0.104701663648986; 36241.4991067967; 34983.99; 4008.15
734; 0.106935105413942; 36230.6761108401; 34934.58; 4044.48
735; 0.105461636269385; 36187.124200142; 34904.98; 4055.84
736; 0.10727357629839; 36152.7580388607; 34849.66; 4051.37
737; 0.109060187712252; 36128.6318660865; 34798.35; 4066.75
738; 0.109804055681617; 36059.282811673; 34719.07; 4067.97
739; 0.111670437620777; 36008.0838628828; 34662.43; 4014.73
740; 0.112464012050666; 35956.5316664452; 34599.66; 4018.14
741; 0.116408510583782; 35949.5873600279; 34559.08; 3976.86
742; 0.113796403286767; 35935.3442844445; 34577.6; 3971.06
743; 0.11621449273133; 35983.3693362602; 34597.75; 3966.91
744; 0.11648626871064; 36161.9718083313; 34756.32; 4013.5
745; 0.112578203465375; 36276.1908570397; 34929.32; 3977.68
746; 0.109809855473458; 36496.4627366286; 35180.48; 3982.95
747; 0.108944614508587; 36678.6878744119; 35380.24; 3959.61
748; 0.108905799499842; 36888.7143774298; 35579.02; 3993.96
749; 0.107607199199932; 36940.7173280281; 35638.56; 4017.77
750; 0.109075047247337; 36943.6561097534; 35621.81; 4022.63
751; 0.110302795650495; 36869.6424772193; 35526.21; 4042.69
752; 0.107639345132325; 36583.0712007646; 35272.84; 4040.09
753; 0.108594476015965; 36351.390538611; 35021.98; 4063.05
754; 0.107715874602821; 35852.9010242623; 34535.94; 4057.58
755; 0.106340338918979; 35457.884057237; 34165.32; 4032.92
756; 0.111164198505773; 34922.8566835566; 33598.04; 3953.07
757; 0.107554796747035; 34518.9245829635; 33242.28; 3935.57
758; 0.107098062917536; 33921.1562582199; 32670.12; 3871.5
759; 0.108374202209534; 33538.2792579758; 32281.18; 3842.65
760; 0.111255981188353; 33202.0261805326; 31924.78; 3801.32
761; 0.112115314301155; 32636.898098756; 31362.01; 3763.45
762; 0.11394712383185; 32311.961072663; 31037.12; 3701.07
763; 0.115149268932043; 31826.7093055254; 30554.28; 3654.01
764; 0.111480856952327; 31483.2387750669; 30276.78; 3577.22
765; 0.116297280405412; 31079.1095008849; 29844.63; 3508.38
766; 0.115599009223746; 30807.4764499041; 29592.35; 3473.91
767; 0.114596563166305; 30388.4145937328; 29220.25; 3368.97
768; 0.114395579215397; 30119.7404009267; 28985.12; 3278.08
769; 0.12190200529147; 29802.4444292214; 28613.79; 3222.52
770; 0.120264638749002; 29552.9315130668; 28396.16; 3178.58
771; 0.121719131260269; 29216.1196231576; 28063.51; 3128.02
772; 0.121601365284938; 28986.4879863758; 27824.41; 3155.48
773; 0.118756192135006; 28627.0638562995; 27511.03; 3101.69
774; 0.124389275516276; 28415.8319467756; 27250.38; 3090.89
775; 0.121177457691078; 28076.7505807756; 26923.11; 3139.57
776; 0.116625491492174; 27808.9842485667; 26692.28; 3156.47
777; 0.116649319094616; 27480.6333226843; 26378.67; 3113.38
778; 0.116150491137602; 27254.9172674046; 26156.79; 3114.98
779; 0.115732188984296; 26919.3837359048; 25833.84; 3089.73
780; 0.116104616729817; 26720.8289389043; 25644.18; 3053.81
781; 0.114896865009598; 26429.6847098214; 25391.25; 2975.72
782; 0.112304223388051; 26220.2076724993; 25220.98; 2928.73
783; 0.114591108800738; 25935.1442334248; 24943.53; 2847.78
784; 0.110607452368157; 25729.642833546; 24783.44; 2814.52
785; 0.108897085694175; 25442.3616494942; 24512.17; 2809.55
786; 0.107942583402836; 25263.345634336; 24354.29; 2769.2
787; 0.104494411682015; 24975.4556880227; 24111.29; 2718.46
788; 0.108188336419787; 24820.9213583293; 23935.54; 2689.25
789; 0.110926978215044; 24535.458997545; 23629; 2684.53
790; 0.113094364168492; 24359.5057150904; 23429.19; 2701.61
791; 0.113974385814811; 24128.8107543393; 23215.9; 2629.93
792; 0.117129348669869; 23963.3378540299; 23023.05; 2635.25
793; 0.11731164470852; 23718.1888957481; 22777.42; 2632
794; 0.12354963326106; 23580.6484757495; 22595.01; 2617.89
795; 0.126705990575172; 23354.3718528737; 22336.97; 2634.77
796; 0.130858009800772; 23177.5733424254; 22112.83; 2669.71
797; 0.128455433765026; 23027.0715446048; 21984.92; 2661.85
798; 0.130276290362302; 22822.79791367; 21770.62; 2649.81
799; 0.130440772911127; 22671.7755945708; 21624.52; 2633.75
800; 0.12965933152696; 22461.1744095988; 21451.6; 2553.96
801; 0.128825340905777; 22290.3688157169; 21296.11; 2530.61
802; 0.124615733488654; 22057.6972054214; 21094.24; 2534.16
803; 0.123958822032768; 21909.0629493123; 20965.53; 2493.87
804; 0.118854078250196; 21658.2315486955; 20777.34; 2427.37
805; 0.120131463843756; 21515.1370818567; 20626.73; 2421.43
806; 0.123440449769598; 21316.0029085698; 20408.68; 2406.08
807; 0.125651993858508; 21184.249608995; 20262.29; 2401.48
808; 0.127866754097358; 20990.535818089; 20069.98; 2355.84
809; 0.132847340475816; 20880.0385031538; 19935.88; 2325.21
810; 0.128040303798343; 20665.0957549513; 19758.37; 2316.34
811; 0.128837083211616; 20534.9761862428; 19629.76; 2297.52
812; 0.129832053372957; 20349.7391397783; 19440.29; 2289.84
813; 0.130234673125652; 20234.5743365144; 19329.39; 2271.4
814; 0.125116724796357; 20055.9138100541; 19206.63; 2217.59
815; 0.120699233994607; 19919.7699337628; 19107.39; 2198.44
816; 0.117390280852288; 19733.8837357108; 18944.37; 2196.29
817; 0.118967058010948; 19581.7460062987; 18785.86; 2184.32
818; 0.12071850065337; 19485.849179122; 18686.34; 2162.08
819; 0.128647469624243; 19312.204930525; 18460.03; 2162.05
820; 0.132329612736931; 19192.6976843315; 18313.57; 2167.88
821; 0.133862131719497; 19033.1956606524; 18130.17; 2200.68
822; 0.138268720039601; 18932.7862784198; 17998; 2204.84
823; 0.140596132699714; 18783.0132613427; 17836.87; 2194.12
824; 0.139002736197427; 18659.5730992029; 17730.5; 2178.67
825; 0.144299653474237; 18560.2835718535; 17610.23; 2146.02
826; 0.14477748424485; 18457.9150841659; 17535.63; 2076.42
827; 0.139888171814507; 18310.8112469448; 17428.2; 2056.75
828; 0.140484573609472; 18212.9757080847; 17337.68; 2031.24
829; 0.145325647254536; 18077.1014013287; 17185.3; 2000.41
830; 0.145814507283528; 17932.7961358186; 17061.23; 1948.34
831; 0.146543743882497; 17830.7973658322; 16971.77; 1909.83
832; 0.141028225078169; 17669.9046368159; 16860.01; 1870.11
833; 0.140221917839248; 17578.1620329513; 16770.25; 1875.35
834; 0.141977635402439; 17443.5283304944; 16645.37; 1828.97
835; 0.142916320741456; 17353.8797234047; 16549.23; 1831.26
836; 0.133886400556215; 17187.0064545728; 16453.14; 1782.35
837; 0.131105189184125; 17090.0038948445; 16379.07; 1763.51
838; 0.132191099077841; 16948.15686116; 16235.15; 1754.35
839; 0.132692744844176; 16799.2896919794; 16074.2; 1778.6
840; 0.135715648908882; 16722.7688206997; 15981.44; 1777.93
841; 0.131373701565447; 16582.7892674284; 15866.44; 1776.81
842; 0.12875906097927; 16483.83027181; 15776.56; 1789.51
843; 0.130505690024338; 16354.339258571; 15646.69; 1766.05
844; 0.132391735302686; 16267.078393773; 15542.12; 1783.07
845; 0.13053064607353; 16103.9135289852; 15390.02; 1780.43
846; 0.1298142528427; 16033.8033773042; 15331.09; 1761.82
847; 0.127286267002472; 15911.6904188895; 15227.78; 1748.28
848; 0.131243057991477; 15782.2984140464; 15098.25; 1695.53
849; 0.124514633030067; 15658.8030078079; 15011.88; 1689.72
850; 0.130495183821585; 15524.2624117332; 14856.35; 1664.16
851; 0.137773611654507; 15443.9809031532; 14747.7; 1642.82
852; 0.129920243760843; 15261.9055888777; 14619.18; 1607.71
853; 0.137231625810221; 15188.9809401508; 14518.29; 1587.92
854; 0.141554112466315; 15009.7650855362; 14338.6; 1540.12
855; 0.134360105097466; 14790.3382036348; 14151.45; 1544.2
856; 0.135269418175458; 14676.7679814132; 14045.55; 1515.11
857; 0.134314723200934; 14519.9091352736; 13919.7; 1450.59
858; 0.132074717963471; 14421.9617966495; 13825.47; 1465.77
859; 0.134768059571631; 14265.0659425982; 13648.99; 1483.35
860; 0.130955841370273; 14139.82544922; 13531.11; 1507.95
861; 0.127649013216275; 13987.7188256467; 13401.13; 1490.49
862; 0.127785152365665; 13863.9146812932; 13274.97; 1494.59
863; 0.131273952709089; 13766.8497610365; 13154.46; 1512.49
864; 0.137341996938338; 13611.2002682263; 12956.07; 1546.21
865; 0.144154704997188; 13506.7093288919; 12824.65; 1533.39
866; 0.142694544051557; 13303.7799365809; 12635.79; 1516.83
867; 0.15130691095154; 13141.0031149517; 12433.88; 1513.95
868; 0.155511286583964; 13005.4568112822; 12293.84; 1482.09
869; 0.153574681043087; 12748.6282749873; 12058.37; 1455.45
870; 0.155759745746425; 12581.7147250383; 11894.82; 1427.76
871; 0.158694144842033; 12317.7707685039; 11642.25; 1377.84
872; 0.156216778952649; 12133.4701157337; 11469.19; 1376.13
873; 0.159091466341142; 11890.8888386975; 11235.69; 1332.53
874; 0.155708529110013; 11630.4663046653; 11012.1; 1284.65
875; 0.147437339273728; 11436.0184302174; 10866.29; 1249.76
876; 0.14821042910471; 11200.7958715926; 10645.77; 1210.92
877; 0.156716315125506; 11084.5645878403; 10509.02; 1187.3
878; 0.150510758852387; 10879.4838896514; 10330.64; 1178.63
879; 0.151780541876776; 10727.7001859697; 10193.75; 1136.83
880; 0.151172292555286; 10640.422918535; 10109.79; 1134.09
881; 0.150715692187265; 10504.9142530627; 9979.85; 1125.33
882; 0.153947338160669; 10425.0073219673; 9891.73; 1118.72
883; 0.15489440673323; 10336.8212858057; 9795.02; 1129.43
884; 0.151346367227124; 10215.1910449109; 9695.26; 1109.03
885; 0.144776535205946; 10142.2657788558; 9644.88; 1108.83
886; 0.147577374664112; 10091.4858894448; 9598.29; 1078.41
887; 0.145427426604488; 10024.8812947887; 9533.9; 1089.26
888; 0.13998757658349; 9936.2327798778; 9478.5; 1054.82
889; 0.138283774809189; 9897.18120889601; 9465.16; 1007.67
890; 0.142284235677095; 9878.79238298863; 9433.9; 1008.35
891; 0.14469127344775; 9867.63938961692; 9408.11; 1024.03
892; 0.142934717166051; 9885.89888760489; 9432.88; 1021.76
893; 0.128990486234371; 9872.71778579695; 9463.6; 1022.36
894; 0.127520725482821; 9965.41304141166; 9551.22; 1046.8
895; 0.132610697552056; 10045.5501147817; 9605.56; 1069.14
896; 0.131047911331555; 10173.2825173074; 9731.54; 1086.02
897; 0.12977338368908; 10269.4435999233; 9819.83; 1116.08
898; 0.132445660772533; 10472.4893330114; 10007.83; 1129.97
899; 0.135556791798414; 10681.00403052; 10203.23; 1135.01
900; 0.142482046052087; 10824.6584242757; 10302.21; 1180.62
901; 0.149642906455489; 10977.8499506036; 10410.07; 1221.5
902; 0.147919239281576; 11076.2575627835; 10506.52; 1239.79
903; 0.147733564918331; 11132.2945707648; 10552.68; 1262.66
904; 0.151977391208195; 11156.9222220809; 10574.7; 1232.72
905; 0.147587012966106; 11114.4432253492; 10548.03; 1234.76
906; 0.149753516038014; 11045.724785954; 10477.21; 1221.21
907; 0.156416323625855; 10929.7901684567; 10347.55; 1197.22
908; 0.152716562853345; 10808.7039496775; 10275.37; 1123.04
909; 0.146870871270113; 10598.3803606132; 10095.42; 1101.09
910; 0.141504122682632; 10320.2098932894; 9857.05; 1052.24
911; 0.149115076409733; 10140.9131811158; 9654.96; 1047.5
912; 0.148457009859374; 9808.91836823887; 9338.38; 1018.6
913; 0.154550117579603; 9570.21174204803; 9092.46; 993.31
914; 0.150240255602378; 9176.08986370323; 8733.46; 946.53
915; 0.14867200460523; 8781.32420387813; 8353.23; 924.95
916; 0.149286309972617; 8534.77316986282; 8121.34; 889.45
917; 0.157200916554606; 8178.62154569585; 7752.42; 870.64
918; 0.152549883559107; 7849.96770743948; 7459.75; 821.3
919; 0.150172573329765; 7638.91448071377; 7264.7; 799.98
920; 0.152683868691809; 7352.49151283913; 6995.79; 749.9
921; 0.153716309212679; 7069.50813310606; 6721.88; 725.82
922; 0.15817637890017; 6893.08207458727; 6539.28; 717.81
923; 0.159823890092114; 6633.21970336585; 6288.76; 691.56
924; 0.160130347330361; 6479.6510523734; 6145.76; 668.97
925; 0.156388083656986; 6210.84529279258; 5898.34; 641.02
926; 0.1594440544214; 5958.12771343906; 5662.37; 594.98
927; 0.153364087779582; 5799.87287673913; 5522.49; 580.06
928; 0.143849868156147; 5565.85826666194; 5315.76; 557.52
929; 0.144840725114114; 5324.4759793678; 5094.54; 509
930; 0.143125664929251; 5143.62448803452; 4918.46; 504.36
931; 0.144359965901585; 4835.40486742176; 4620.77; 476.6
932; 0.146880191467758; 4508.69148293338; 4308.68; 436.45
933; 0.156035826976105; 4265.69250611369; 4066.76; 408.57
934; 0.161147444949291; 3862.59926066607; 3675.65; 371.73
935; 0.16317975643955; 3424.10797899765; 3254.36; 333.29
936; 0.165778557054439; 3127.88880609296; 2974.81; 295.81
937; 0.168611078492127; 2696.44244982186; 2559.82; 259.54
938; 0.198090733354246; 2311.33481976232; 2188.07; 199.29
939; 0.209887686785958; 2077.90827882911; 1968.44; 167.02
940; 0.19685745895237; 1790.61035058751; 1694.3; 156.65
941; 0.166736128421023; 1563.14896481157; 1492.72; 135.23
942; 0.181099164077822; 1460.9398412077; 1387.37; 130.04
943; 0.161375446695625; 1353.39831168853; 1286.69; 132.31
944; 0.158221676272441; 1308.71882041694; 1244.67; 129.55
945; 0.108568964797588; 1292.39431794943; 1249.62; 126.07
946; 0.0728164977381191; 1306.85193375823; 1278.41; 124.97
947; 0.0799633588456106; 1345.12248189907; 1312.83; 129.19
948; 0.112039022596795; 1396.5142976505; 1348.84; 136.11
949; 0.144909298315885; 1479.80858478163; 1415.09; 142.84
950; 0.183337017051952; 1576.56640810998; 1490.69; 149.79
951; 0.191069612527146; 1643.36781412876; 1540.43; 172.26
952; 0.209523823198673; 1741.24557324991; 1616.44; 190.44
953; 0.213967331105304; 1833.21098663652; 1698.68; 200.99
954; 0.212251548823354; 1898.71042096048; 1761.94; 205.96
955; 0.18727179509734; 1982.91185925343; 1851.17; 224.82
956; 0.153881384775921; 2048.29296485259; 1937.02; 231.07
957; 0.139983049026387; 2098.30320242448; 1996.3; 232.82
958; 0.122593015464026; 2174.24902800819; 2090.68; 217.78
959; 0.134248694902099; 2249.48164531209; 2161.75; 208.75
960; 0.144634196378809; 2299.85681232682; 2195.68; 230.05
961; 0.173318872492999; 2365.7463187923; 2242.09; 227.85
962; 0.178967365530168; 2413.81457162645; 2286.61; 226.96
963; 0.189672631916319; 2444.22447272563; 2305.87; 232.89
964; 0.178429911029089; 2464.53595852049; 2338.55; 225.41
965; 0.201391346276084; 2493.32073722343; 2344.92; 235.21
966; 0.1802068540601; 2510.82475018647; 2370.41; 248.69
967; 0.186434498666793; 2516.39214527319; 2385.29; 224.41
968; 0.176373746401534; 2522.35846001187; 2395.91; 228.76
969; 0.182357266188451; 2521.96001394272; 2396.97; 218.68
970; 0.185789853945528; 2524.34942217132; 2398.3; 216.43
971; 0.189494330251902; 2522.22321215539; 2389.14; 224.01
972; 0.181018594554326; 2505.24904820076; 2381.04; 218.84
973; 0.183544781910021; 2485.0904397539; 2367.5; 204.3
974; 0.189348777000064; 2480.05423154182; 2349.98; 219.04
975; 0.176037834161668; 2458.5663923564; 2340.69; 213.48
976; 0.176059985782357; 2447.95262407797; 2329.67; 214.16
977; 0.168197707592892; 2426.72114890123; 2314.39; 212.87
978; 0.158063337086351; 2399.90626872756; 2293; 215.55
979; 0.140338101820299; 2370.03350100345; 2270.94; 225.01
980; 0.136014495606441; 2348.51627098184; 2253.53; 222.51
981; 0.139798760793643; 2307.75188679199; 2211.65; 219
982; 0.158072571197721; 2277.99799958388; 2166.45; 224.79
983; 0.171642162535817; 2259.40056172483; 2136.66; 227.76
984; 0.170936587984243; 2224.98682713444; 2107.27; 219.31
985; 0.191834027870435; 2197.06650415139; 2067.62; 214.87
986; 0.185024815184295; 2158.76250427564; 2036.48; 210.42
987; 0.194031028928415; 2140.40378665359; 2005.72; 220.98
988; 0.172334838604051; 2099.8221858033; 1984.27; 213.43
989; 0.151478953509598; 2054.30885460332; 1952.57; 213.76
990; 0.135552431226784; 2019.30369827182; 1930.05; 209.54
991; 0.143718257742153; 1979.76285132849; 1880.21; 220.41
992; 0.140497127113923; 1938.47325404665; 1848.35; 204.08
993; 0.160987167861795; 1904.09669873705; 1804.62; 196.57
994; 0.149762696550745; 1873.30870388273; 1785.01; 187.54
995; 0.160630417667045; 1838.51157157018; 1738.71; 197.61
996; 0.174905658465264; 1799.96709304165; 1698.8; 183.94
997; 0.194733774767324; 1766.88043488244; 1659.01; 176.14
998; 0.194453006315023; 1733.12083725371; 1637.37; 156.56
999; 0.195090601369185; 1698.42155285936; 1600.11; 160.2
1000; 0.197700319535917; 1656.35930417252; 1558.01; 158.13
1001; 0.191380392642445; 1632.58134820898; 1537.83; 157.36
1002; 0.186772965093174; 1594.37431193491; 1513.64; 137.37
1003; 0.169708548721751; 1556.41525374262; 1482.74; 137.95
1004; 0.156379904219623; 1520.45991058702; 1458.8; 125.28
1005; 0.154041333469808; 1500.80061788095; 1439.4; 126.63
1006; 0.114466854582679; 1449.83090695193; 1403.8; 127.74
1007; 0.0900557559363661; 1410.4854418904; 1377.82; 115.21
1008; 0.0867732037961012; 1369.12448643981; 1336.17; 120.61
1009; 0.112604248669753; 1351.45374496375; 1307.77; 123.19
1010; 0.120980011892905; 1316.90175689713; 1274.54; 111.18
1011; 0.11040186839594; 1283.82357049979; 1243.99; 114.55
1012; 0.111294769762919; 1250.4545996384; 1208.87; 118.61
1013; 0.119337074650017; 1233.96399510615; 1190.37; 115.95
1014; 0.131387036110027; 1209.96336955492; 1163.01; 113.42
1015; 0.150522477818199; 1193.47042922712; 1137.11; 118.82
1016; 0.174248145826584; 1174.56613474367; 1113.5; 111.2
1017; 0.17430937672106; 1156.45122762657; 1094.83; 112.16
1018; 0.160182912954711; 1117.93261090424; 1066.64; 101.58
1019; 0.161168289810262; 1091.61767211395; 1043.81; 94.09
1020; 0.160571266283148; 1064.21917810012; 1015.07; 97.08
1021; 0.136322031882496; 1036.28681829423; 986.98; 114.7
1022; 0.11739897946185; 1000.70128384511; 965.88; 94.05
1023; 0.0644650559767891; 952.206666050272; 931.74; 100.66
1024; 0.0681892723499274; 929.765752302249; 909.96; 92.08
1025; 0.0793624792287987; 915.105209189595; 889.66; 101.63
1026; 0.0823442814249099; 887.13269999782; 858.31; 110.94
1027; 0.165043402557793; 879.466635015497; 822.79; 108.83
1028; 0.183584935916081; 866.417654606793; 812.16; 93.65
1029; 0.191846861432297; 850.677566736823; 790.63; 99.17
1030; 0.200611532175845; 833.04257840667; 774.07; 93.13
1031; 0.150432920365376; 803.162182755317; 765.45; 79.41
1032; 0.219263639598046; 793.869671601285; 747.55; 66.91
1033; 0.166887216967587; 764.650322774308; 731.51; 62.89
1034; 0.102871384939537; 749.169407558018; 729.22; 61.41
1035; 0.078879433459581; 725.063528584565; 712.65; 49.83
1036; 0.0820768102138346; 704.985865411705; 692.97; 46.35
1037; 0.0638735493732565; 685.7145354011; 674.92; 53.5
1038; 0.10858345326015; 682.480146562468; 662.79; 57.4
1039; 0.00779517153055391; 597.956722136958; 596.18; 72.14
1040; 0.0447877748592143; 702.981312238452; 690.97; 84.87
1041; 0.18685156540221; 700.421071059862; 731.93; -53.36
