# 06/03/2019 17:35:09
# NanoCalc data
# Original file name: C:\SVA_DATA\StudentProjects\2018_Nathan\PS-b-PI\PSbPI_384.dat
# Fit Result : Fitness; Thickness 1; Thickness 2; Thickness 3 
# Fit Result : 0.155464294543529; 2; 137.5; -1
# comment:PSbPI id:370 slowslow script start 16:33
#
# WaveLength; Reflectance; Raw Intensity; Dark Intensity; Reference Intensity
400; 0.501490634358681; 4381.89306586209; 3706.58; 652.97
401; 0.48693902164563; 4520.52232080642; 3827.82; 686.82
402; 0.476126467787434; 4606.51970369496; 3922.88; 690.19
403; 0.485448518723219; 4724.69280152727; 4026.52; 688.46
404; 0.498410706332562; 4841.89254809378; 4116.57; 693.7
405; 0.493879503257346; 5016.95046995627; 4267.86; 720.2
406; 0.504601354366139; 5130.94445995009; 4392.4; 692.25
407; 0.507943787255449; 5258.57019353363; 4498.1; 705.33
408; 0.49127869976787; 5351.76573429474; 4602.23; 715.92
409; 0.498301011447543; 5464.80578954286; 4697.66; 719.74
410; 0.489777788775765; 5617.91218492917; 4851.48; 728.85
411; 0.498830874906107; 5726.6106613359; 4933.69; 737.74
412; 0.47857466202288; 5796.99729128984; 5006.35; 764.04
413; 0.468824193619295; 5875.48651754683; 5074.69; 787.31
414; 0.461703725815325; 6010.94381461669; 5187.46; 819.34
415; 0.456070369866846; 6091.25219946406; 5262.83; 831.69
416; 0.455676148502776; 6174.23790406215; 5333.87; 841.6
417; 0.458873870168451; 6274.07431108582; 5432.16; 834.5
418; 0.459639830012005; 6414.09349094914; 5554.94; 847.33
419; 0.460534109966874; 6510.1181039625; 5639.25; 854.66
420; 0.447372540839538; 6619.20161593343; 5731.78; 893.85
421; 0.465468644997089; 6765.23532563973; 5844.55; 888.7
422; 0.457947389786572; 6926.25172512798; 5986.26; 919.54
423; 0.463168393875786; 7068.14880545214; 6097.41; 936.13
424; 0.46351079836405; 7223.10066210187; 6222.48; 961.37
425; 0.453878676785838; 7361.32939221566; 6336.9; 1002.4
426; 0.45297823715245; 7584.00270271175; 6501.39; 1058.55
427; 0.455135443304432; 7754.32176828114; 6648.16; 1073.5
428; 0.452517356181315; 7910.42689974737; 6783.3; 1097.16
429; 0.461882953269969; 8057.04970794389; 6907.86; 1093.25
430; 0.461135187227902; 8277.12707129972; 7111.68; 1107.74
431; 0.463494865041031; 8431.57784229264; 7247.41; 1117.05
432; 0.460476134709335; 8550.83845626659; 7363.78; 1124.31
433; 0.458749522602256; 8666.94497706532; 7451.35; 1152.9
434; 0.461149156940381; 8843.80177145172; 7622.06; 1149.92
435; 0.454569364078493; 8943.1573693555; 7725.43; 1160.22
436; 0.45350044204638; 9026.04930491064; 7810.18; 1158.66
437; 0.455894479640252; 9153.02102192754; 7906.48; 1178.93
438; 0.450558409239687; 9334.27228662249; 8054.32; 1222.03
439; 0.452822978317737; 9435.26624443228; 8136.76; 1230.73
440; 0.445989563244794; 9522.58007026215; 8228.69; 1242.29
441; 0.456435338498096; 9650.33929851824; 8339.09; 1227.41
442; 0.454520025976941; 9835.23011846732; 8479.44; 1271.58
443; 0.451109013027161; 9944.66881784848; 8574.86; 1291.6
444; 0.449695891104121; 10098.7437636218; 8692.65; 1327.07
445; 0.448739210924284; 10238.6437500239; 8808.71; 1349.4
446; 0.433977160773073; 10424.0014515138; 8995.09; 1391.12
447; 0.434290632663722; 10606.2497998148; 9152.97; 1410.79
448; 0.430768678347607; 10798.1068864042; 9325.63; 1437.98
449; 0.433324565529208; 11094.9360809484; 9579.28; 1468.31
450; 0.433820647545155; 11290.8942266904; 9774.98; 1463.74
451; 0.435123457359278; 11495.6510008658; 9949.44; 1485.53
452; 0.435740280111671; 11690.4284499333; 10146.84; 1477.89
453; 0.42729869949216; 12021.1590832116; 10453.15; 1527.91
454; 0.436540356307384; 12285.3991139998; 10674.94; 1533.01
455; 0.436925469174124; 12521.0840661258; 10869.94; 1567.29
456; 0.435821951173597; 12791.1639308528; 11067.31; 1637.27
457; 0.425759126770553; 13145.342405548; 11406.59; 1687.26
458; 0.425402109879866; 13442.499155253; 11668.57; 1719.54
459; 0.421716604825696; 13695.1271085478; 11888.18; 1763.56
460; 0.41742286384957; 13958.1206788786; 12120.23; 1808.82
461; 0.416418442992046; 14320.0720653901; 12477.98; 1813.95
462; 0.419612562748448; 14558.6143217457; 12696.02; 1816.78
463; 0.413458932108303; 14758.6036443811; 12920.83; 1815.95
464; 0.407985219315947; 15132.3016094253; 13251.1; 1880.37
465; 0.402796757627213; 15382.5582355583; 13499.29; 1903.39
466; 0.402488268693379; 15654.5384530717; 13714.15; 1959.18
467; 0.398645867871751; 15909.1618278844; 13941.45; 2002.55
468; 0.394342987436067; 16416.3579069358; 14419.99; 2050.42
469; 0.391683638309892; 16757.5521094178; 14715.46; 2108.14
470; 0.395663768187564; 17131.2295225346; 15030.91; 2142.93
471; 0.389541523038382; 17572.0632921425; 15439.32; 2206.59
472; 0.390887820961409; 18244.2927968134; 16033.97; 2275.28
473; 0.390588106285925; 18737.7776635674; 16472.79; 2329.59
474; 0.390502401528751; 19260.8637698595; 16951.53; 2371.89
475; 0.393772468942691; 20184.9535088907; 17780.12; 2445.55
476; 0.390825857767961; 20781.0673655518; 18330.84; 2506.42
477; 0.391353598468817; 21446.6713809887; 18892.02; 2605.57
478; 0.395832053658145; 22246.0268687427; 19567.89; 2696.25
479; 0.389675035617436; 23322.8479580513; 20540.83; 2840.66
480; 0.384984649193892; 24103.3893547427; 21247.71; 2946.79
481; 0.379885062928145; 24839.6128970535; 21945.87; 3021.61
482; 0.381499886945152; 26016.9392365; 23001.33; 3130.81
483; 0.379604642611715; 26783.0487689753; 23698.95; 3213.18
484; 0.380606577325291; 27553.184570546; 24387.59; 3284.49
485; 0.38165881566602; 28338.1764516277; 25047.89; 3399.35
486; 0.372797877434831; 29314.1356373629; 25989.21; 3511.42
487; 0.374937303497345; 29983.7665619786; 26548.62; 3601.68
488; 0.37325147850433; 30625.3894858011; 27137.19; 3668.26
489; 0.372571156771248; 31244.285426585; 27674.23; 3755.82
490; 0.36516933196419; 32091.5994599505; 28469.58; 3882.15
491; 0.363924673193615; 32602.6959948583; 28962.28; 3910.11
492; 0.361416127857597; 33105.612780902; 29398.31; 4004.35
493; 0.353862023727317; 33727.0620661994; 30045.96; 4055.79
494; 0.353238271352354; 34160.3471308345; 30450.65; 4089.41
495; 0.35343756424024; 34583.205154679; 30849.74; 4108.15
496; 0.350739737761834; 35147.6403302241; 31406.65; 4142.99
497; 0.351022101216272; 35516.368308815; 31767.86; 4142.86
498; 0.350182613675868; 35859.0199583234; 32067.12; 4195.67
499; 0.350133201490415; 36244.673421363; 32404.94; 4243.83
500; 0.350733157691541; 36737.3208918067; 32863.49; 4268.88
501; 0.352050675198991; 37082.3397282289; 33146.16; 4315.77
502; 0.354897265718111; 37472.3381013242; 33476.28; 4340.55
503; 0.353253837041348; 37990.8967791719; 33974.55; 4377.29
504; 0.353321905672314; 38371.7093507464; 34328.61; 4399.96
505; 0.352766887391303; 38786.1189172589; 34741.28; 4403.53
506; 0.351403632732478; 39170.0888287259; 35107.34; 4434.89
507; 0.350830692303093; 39759.298477213; 35715.47; 4416.36
508; 0.350023082413431; 40180.5644718094; 36120.4; 4439.31
509; 0.34760494922045; 40594.3868064369; 36537.16; 4462.01
510; 0.339305744527796; 41217.179326425; 37164.54; 4560.8
511; 0.337516493739391; 41648.4942773275; 37577.28; 4600.76
512; 0.332125017630748; 42047.958015201; 38001.86; 4641.31
513; 0.328651279760707; 42670.522049529; 38544.65; 4777.5
514; 0.326626775704837; 43087.517044975; 38978.11; 4782.45
515; 0.325504892493655; 43572.7551668703; 39357.58; 4916.92
516; 0.320588879596885; 43941.1106890862; 39710.45; 5004.9
517; 0.320843443360801; 44620.549103906; 40331.64; 5063.94
518; 0.31992492793906; 45070.1745968093; 40749.91; 5109.82
519; 0.321038904185842; 45520.4594821765; 41153.15; 5141.7
520; 0.320118715122432; 46178.3226902316; 41744.27; 5229.46
521; 0.317881764225511; 46596.0854207204; 42147.85; 5277.47
522; 0.317091329057453; 47068.7006184004; 42528.95; 5393.7
523; 0.318524243507784; 47717.6229417997; 43144.91; 5402.76
524; 0.317686807256126; 48177.6295114275; 43568.3; 5454.65
525; 0.315008924788202; 48537.1276387317; 43928.06; 5495.06
526; 0.313807938922121; 49095.7292860208; 44426.05; 5582.88
527; 0.310990401434279; 49462.4086366699; 44754.61; 5673.87
528; 0.306530508336895; 49804.0162543453; 45083.01; 5766.75
529; 0.303672633382505; 50094.9521255062; 45349.17; 5845.8
530; 0.301645278777134; 50443.9557866915; 45699.78; 5877.43
531; 0.298498495887045; 50648.5547826708; 45874.99; 5970.71
532; 0.296127619788944; 50850.2874282383; 46081.55; 6006.91
533; 0.293780753351814; 51123.1624028929; 46374.85; 6023.42
534; 0.290148067890025; 51248.5507182225; 46512.86; 6077.02
535; 0.287700414431599; 51392.8903832571; 46705.25; 6060.18
536; 0.287081935884716; 51619.9138276669; 46893.06; 6117.76
537; 0.288255886028208; 51818.4536890713; 47060.97; 6125.72
538; 0.285783032965198; 51984.8581693223; 47278.55; 6105.66
539; 0.287302084802555; 52278.0970252817; 47591.89; 6041.35
540; 0.28626761873634; 52429.5938869076; 47751.12; 6047.07
541; 0.287311526584725; 52649.8147407938; 47934.66; 6067.28
542; 0.284136413115169; 52920.890776642; 48265.44; 6052.34
543; 0.283893087385879; 53145.8924697188; 48472.17; 6076.53
544; 0.28571941347867; 53425.9414005464; 48742.04; 6046.08
545; 0.282697051440434; 53764.5985991988; 49147.92; 6018.12
546; 0.284472581636674; 54071.4077136638; 49400.39; 6046.02
547; 0.284847105530546; 54338.4612852017; 49589.44; 6133.58
548; 0.278144960157573; 54794.9500274537; 50065.48; 6250.24
549; 0.275519961975562; 55049.3685256168; 50321; 6302.83
550; 0.27083725199962; 55334.8597722145; 50631.34; 6372.71
551; 0.268384638495491; 55622.9021345306; 50941.36; 6395.47
552; 0.264929094839584; 56023.5229909332; 51381.82; 6418.3
553; 0.260750431588222; 56255.7306449613; 51642.05; 6476.44
554; 0.259369344586917; 56580.0835143064; 51958.5; 6516.52
555; 0.254543826720238; 56973.1442270884; 52472.31; 6461.05
556; 0.256203726311187; 57291.3700754323; 52774.37; 6436.57
557; 0.251373640447982; 57562.6443292089; 53127.07; 6436.47
558; 0.253895376909115; 58126.2217406344; 53628.3; 6456.57
559; 0.257131850037023; 58572.9988536567; 53982.54; 6500.87
560; 0.254354810570177; 58947.2487773958; 54374.65; 6540.64
561; 0.252970879785335; 59691.2343572367; 55113.13; 6578.83
562; 0.251246540827943; 60193.5663411861; 55594.48; 6648.59
563; 0.250064874363635; 60741.4938400398; 56111.99; 6718.72
564; 0.244390634236668; 61514.3902373491; 56872.57; 6887.39
565; 0.246579170050336; 62100.0176611292; 57392.16; 6918.28
566; 0.243822296362413; 62590.3783257803; 57887.77; 6983.55
567; 0.240779273830066; 63275.0510618968; 58581.27; 7053.7
568; 0.238536499856391; 63605.161403767; 58892.28; 7144.09
569; 0.238020051210827; 63799.5309871472; 59048.64; 7212.18
570; 0.239703983161512; 63972.329019057; 59201.32; 7186.7
571; 0.23886446520005; 63949.4391923174; 59179.33; 7205.05
572; 0.241203503007502; 63921.0325836336; 59136.17; 7151.54
573; 0.238390378189887; 63634.0075070206; 58913.77; 7132.5
574; 0.237223313240815; 63376.3552321042; 58730.17; 7049.31
575; 0.233043435292185; 62958.5083909712; 58409.27; 7020.39
576; 0.232432224564978; 62765.4391131265; 58286.82; 6924.21
577; 0.22934833788126; 62564.5579144175; 58156.17; 6901.91
578; 0.223688923779291; 62237.468025801; 57942.19; 6889.6
579; 0.222150159499573; 62094.3713080319; 57832.37; 6878.4
580; 0.218371044614085; 61934.9933214576; 57747.7; 6869.6
581; 0.217138861980682; 61722.7913827389; 57553.64; 6873.83
582; 0.216127143651996; 61615.9219357424; 57452.74; 6891.28
583; 0.216836821707698; 61521.6807020751; 57372.5; 6841
584; 0.217084893916416; 61404.2349018994; 57257.56; 6824.62
585; 0.221519495130542; 61400.2618548266; 57205.45; 6761.24
586; 0.222802442371784; 61368.8216093164; 57145.37; 6763.8
587; 0.221025283084397; 61279.8550859036; 57079.59; 6776.52
588; 0.221720961505179; 61196.2659094399; 56937.13; 6845.66
589; 0.221153483088449; 61164.9784824724; 56955.2; 6779.63
590; 0.219030465684059; 61106.308352706; 56919.06; 6804.44
591; 0.217496702808854; 61062.3780211582; 56871.59; 6853.91
592; 0.215373100061171; 61062.4549886995; 56866.08; 6926.36
593; 0.212118596874807; 61072.4541127101; 56885.37; 7012.64
594; 0.21196262361123; 61120.4198264745; 56949.44; 6986.4
595; 0.209455527853401; 61281.3622550802; 57139.71; 7015.88
596; 0.205851162535281; 61437.7646692712; 57370.84; 7005.49
597; 0.20199746859338; 61627.7015569902; 57620.87; 7029.2
598; 0.200195535494248; 62095.8490296499; 58084.9; 7095.26
599; 0.199145790973225; 62514.3728189657; 58524.45; 7090.77
600; 0.199967177347866; 63030.0096887724; 59020.31; 7092.14
601; 0.195215893786464; 63781.5620663836; 59811.73; 7187.95
602; 0.189413883329258; 64334.7780093657; 60413.01; 7313.98
603; 0.186911157888884; 64915.6937083491; 60992.44; 7410
604; 0.186309898837839; 65800.7468384751; 61857.75; 7466.56
605; 0.184951416690307; 66369.8381692317; 62404.92; 7558.6
606; 0.182671672427832; 66905.2144361224; 62931.49; 7665.24
607; 0.185147613977744; 67639.5904169681; 63575.16; 7730.63
608; 0.184071240640997; 67983.5768177069; 63913.77; 7781.35
609; 0.183395516924725; 68389.7708019644; 64286.44; 7869.52
610; 0.184797211410093; 68535.0917660281; 64387.2; 7889.79
611; 0.184866915774273; 68629.9099986724; 64454.87; 7933.77
612; 0.18505641824224; 68645.0954270431; 64486.18; 7890.17
613; 0.185896583087355; 68587.0780923596; 64382.6; 7935.66
614; 0.187558481877677; 68461.3713056454; 64258.5; 7857.7
615; 0.182421507612086; 67995.0628943715; 63951.06; 7769
616; 0.182649424582632; 67685.0887604237; 63649.54; 7738.29
617; 0.182036501718342; 67104.8833975044; 63191.8; 7524.48
618; 0.180813147156553; 66689.2275755126; 62865.79; 7397.46
619; 0.179264829299496; 66279.6859591352; 62524.5; 7324.23
620; 0.178191377390483; 65612.245698923; 61903.74; 7272.85
621; 0.176510479510187; 65142.7045940193; 61522.57; 7163.5
622; 0.176430092961125; 64726.3492785548; 61120.28; 7135.28
623; 0.177696976356304; 64167.699331468; 60595.35; 7014.78
624; 0.174307739385603; 63730.1565425239; 60252.71; 6957.84
625; 0.172468810400123; 63210.5901479912; 59771.23; 6951.65
626; 0.170202370825961; 62883.3441691969; 59483.48; 6959.96
627; 0.169111133450529; 62519.5752547305; 59165.07; 6908.27
628; 0.16492217804031; 62013.7372707396; 58794.21; 6795.41
629; 0.163297035662426; 61718.6273330386; 58562.43; 6724.97
630; 0.162444286908274; 61423.0970985334; 58288.09; 6711.82
631; 0.159411203430232; 60954.4347602555; 57859.83; 6748.49
632; 0.158835689363739; 60727.8472614973; 57682.5; 6662.28
633; 0.158170954696548; 60336.6762599783; 57342.16; 6575.79
634; 0.1615539195335; 60132.9220365747; 57084.01; 6552.04
635; 0.164303441549738; 59932.5447182264; 56861.14; 6486.39
636; 0.161159542017763; 59614.3357731054; 56610.25; 6464.46
637; 0.161524887198392; 59395.2754684756; 56396.33; 6434.92
638; 0.159071249922284; 59189.0018266149; 56258.02; 6382.24
639; 0.159549540510591; 58954.7161427719; 56020.93; 6365.53
640; 0.158971130319039; 58760.9418063381; 55817.61; 6405.6
641; 0.156810641168605; 58430.8369386165; 55521.74; 6414.99
642; 0.155882520177025; 58204.6135541437; 55345.1; 6339.9
643; 0.153501991762284; 58028.4952798118; 55211.6; 6339.15
644; 0.153219901900262; 57727.887972292; 54932.43; 6299.39
645; 0.151990112293667; 57556.7498289381; 54787.8; 6287.41
646; 0.151793699863744; 57288.9889819702; 54543.39; 6239.56
647; 0.148913500945153; 57067.832388632; 54402.96; 6170.73
648; 0.146703494428314; 56832.8631690991; 54223.42; 6130.91
649; 0.148571992766217; 56620.0376970459; 53981.55; 6118.52
650; 0.145672965343041; 56460.3835329354; 53857.78; 6152.73
651; 0.144193045200416; 56251.345401263; 53690.78; 6112.63
652; 0.14700571893068; 56156.5204873362; 53508.46; 6197.48
653; 0.147139246769762; 56019.3267119443; 53373.85; 6182.75
654; 0.144965980255515; 55781.6631794276; 53197.75; 6126.54
655; 0.145047452937993; 55683.5276536421; 53072.59; 6184.61
656; 0.147757817903989; 55588.2962407004; 52943.74; 6146.82
657; 0.144299736937957; 55465.0329474179; 52900.86; 6100.67
658; 0.145649928280302; 55408.8564356156; 52840.08; 6052.84
659; 0.145703248632916; 55277.4784325887; 52741.87; 5970.05
660; 0.138403182903158; 55111.7955380443; 52729.32; 5902.95
661; 0.135948777112207; 54949.8334622763; 52604.84; 5911.68
662; 0.135440300960563; 54858.8309937127; 52521.21; 5912.09
663; 0.133829429237988; 54745.0962425833; 52451.09; 5868.51
664; 0.132839035959913; 54561.7097253847; 52287.7; 5857.45
665; 0.133906561879286; 54434.8941285942; 52132.9; 5880.01
666; 0.128823936535888; 54189.3687059108; 51959.38; 5918.55
667; 0.13016648654907; 54048.4771197656; 51781.68; 5952.26
668; 0.131750306195518; 53894.5002564081; 51634.69; 5860.85
669; 0.130668526705458; 53678.6929706582; 51450.2; 5825.24
670; 0.130890316795716; 53535.8467002118; 51293.57; 5849.09
671; 0.133263920110647; 53353.2556156959; 51072.93; 5839.11
672; 0.129955550869042; 53150.7562974647; 50919.86; 5854.67
673; 0.127341752554201; 52971.5989184177; 50787.07; 5847.19
674; 0.123558765743061; 52661.8570448555; 50579.53; 5741.04
675; 0.119317327974493; 52414.0522384111; 50427.07; 5670.38
676; 0.120376033809643; 52125.2738727903; 50091.77; 5749.54
677; 0.120105687318823; 51903.0150656713; 49872.31; 5752.67
678; 0.112708339403915; 51441.8991753784; 49530.92; 5766.75
679; 0.108098337881942; 51136.8908304911; 49327.37; 5691.42
680; 0.107478825844829; 50859.4975518446; 49070.42; 5657.7
681; 0.110044198664025; 50488.6691484829; 48667.39; 5623.25
682; 0.111215025603664; 50219.9306216387; 48374.21; 5636.53
683; 0.110547369839191; 49875.9332162946; 48043.66; 5627.07
684; 0.109606443166187; 49626.7327062449; 47814.76; 5610.48
685; 0.105601296256911; 49182.2283628942; 47448.75; 5568.84
686; 0.109243300269587; 48948.5079213162; 47154.8; 5568.22
687; 0.110907558129544; 48727.1824976057; 46914.24; 5541.32
688; 0.109439011875123; 48318.9815555903; 46556.39; 5457.75
689; 0.106773402013424; 48056.2134928152; 46363.53; 5370.2
690; 0.104023012165121; 47676.4865943704; 46046.68; 5305.36
691; 0.102188266332973; 47386.9464369882; 45810.71; 5221.06
692; 0.0987543213470914; 47100.3957107735; 45598.99; 5144.11
693; 0.101176244383063; 46771.0373892166; 45273.63; 5005.64
694; 0.100312554209155; 46533.2260187415; 45056.87; 4975.81
695; 0.101025140454436; 46181.6749293653; 44704.09; 4942.74
696; 0.101938836289106; 45948.4826952677; 44432.28; 5024.34
697; 0.100138145713777; 45547.6285820234; 44035.44; 5098.84
698; 0.0996572741791989; 45261.5368087567; 43744.03; 5139.29
699; 0.102361538800652; 44905.5575480882; 43359.07; 5097.07
700; 0.103419738622315; 44688.7338955428; 43110.29; 5147.14
701; 0.10100692133775; 44436.6025408246; 42902.64; 5120.03
702; 0.0968283016985954; 44030.5528840882; 42569.63; 5084.98
703; 0.0926183054018974; 43737.3694811431; 42344.57; 5066.69
704; 0.0904139200970985; 43401.7852956695; 42087.37; 4896.64
705; 0.0889896226678229; 43164.3186791617; 41885.5; 4838.37
706; 0.0863382939249469; 42841.3982673483; 41620.16; 4760.67
707; 0.0889345961132591; 42680.2998832331; 41416.61; 4780.31
708; 0.0839973719856915; 42440.5984238848; 41271.22; 4681.56
709; 0.0860168434452948; 42168.8618631849; 40978.27; 4652.88
710; 0.0873661548625972; 41974.914659235; 40764.97; 4653.78
711; 0.0873562324949885; 41673.715767134; 40463.52; 4654.28
712; 0.0886745321481368; 41480.218462808; 40255.7; 4638.36
713; 0.0870717173133605; 41156.2033394903; 39964.91; 4594.59
714; 0.0839762610681046; 40829.2922580814; 39680.95; 4591.35
715; 0.0773572145679852; 40336.7346010667; 39286.31; 4557.68
716; 0.0797531926822267; 40047.2528782151; 38975.93; 4507.33
717; 0.0730003118217364; 39641.7469366405; 38672.49; 4453.37
718; 0.0697528832026801; 39135.7173729964; 38238.07; 4314.65
719; 0.069012947987253; 38794.1175320131; 37915.28; 4267.7
720; 0.0690679322286889; 38248.1967924139; 37379.7; 4212.45
721; 0.0705287042823382; 37913.771465396; 37030.83; 4192.27
722; 0.073544409005338; 37481.8091457837; 36569.84; 4151.01
723; 0.0744198045217788; 37189.4501557532; 36281.38; 4083.14
724; 0.0790206630244864; 36807.9493969265; 35846.8; 4068.68
725; 0.0813311692251276; 36608.5624316078; 35618.41; 4070.88
726; 0.0844355145079969; 36383.7802104314; 35362.68; 4042.28
727; 0.0842116638346472; 36260.7284607379; 35264.68; 3952.13
728; 0.0845229691923872; 36150.3446280843; 35147.92; 3961.44
729; 0.0919787552483289; 36121.7510753872; 35036.8; 3938.93
730; 0.0930114275849749; 36073.5093117894; 34982.23; 3916.83
731; 0.0874581545011126; 36014.6418969894; 34979.16; 3952.18
732; 0.0875371725882578; 36012.5229629118; 34973.38; 3962.08
733; 0.0840586566028476; 35993.5682865261; 34983.99; 4008.15
734; 0.083400787608476; 35945.4307963022; 34934.58; 4044.48
735; 0.0844095757017818; 35931.1849001974; 34904.98; 4055.84
736; 0.0832821838388959; 35861.3243275752; 34849.66; 4051.37
737; 0.0764706578019576; 35731.1150309025; 34798.35; 4066.75
738; 0.0779865795369182; 35670.934777536; 34719.07; 4067.97
739; 0.0803000964542914; 35630.0642036961; 34662.43; 4014.73
740; 0.0807775967319166; 35574.2369361286; 34599.66; 4018.14
741; 0.081919164384167; 35537.6098380013; 34559.08; 3976.86
742; 0.0757932385372025; 35481.9153689497; 34577.6; 3971.06
743; 0.0751441018020637; 35493.6892070278; 34597.75; 3966.91
744; 0.0790383938622058; 35710.0844435671; 34756.32; 4013.5
745; 0.0771735771115904; 35852.6145521029; 34929.32; 3977.68
746; 0.0732244458836382; 36058.0160487143; 35180.48; 3982.95
747; 0.0736925703216288; 36258.5391405833; 35380.24; 3959.61
748; 0.0753937017206258; 36485.699971963; 35579.02; 3993.96
749; 0.077942822111111; 36581.7479812298; 35638.56; 4017.77
750; 0.0805420495466603; 36597.8737061509; 35621.81; 4022.63
751; 0.0808747583766194; 36511.2238099372; 35526.21; 4042.69
752; 0.0788664700615754; 36232.8357119937; 35272.84; 4040.09
753; 0.078452317008656; 35982.3910709501; 35021.98; 4063.05
754; 0.0797066503525476; 35510.4532950539; 34535.94; 4057.58
755; 0.0765184157002524; 35095.3993551751; 34165.32; 4032.92
756; 0.075166989865312; 34493.8543319958; 33598.04; 3953.07
757; 0.0706141047962084; 34080.4491667451; 33242.28; 3935.57
758; 0.0700294404351467; 33488.1494464772; 32670.12; 3871.5
759; 0.0683255166772749; 33073.7298371812; 32281.18; 3842.65
760; 0.0674466817514868; 32699.0845878211; 31924.78; 3801.32
761; 0.0707188153650228; 32166.1693303196; 31362.01; 3763.45
762; 0.0677500947244727; 31795.1084469837; 31037.12; 3701.07
763; 0.0697776426610837; 31325.3410602733; 30554.28; 3654.01
764; 0.0678938797076495; 31011.5354475802; 30276.78; 3577.22
765; 0.0697813820782347; 30585.3496919713; 29844.63; 3508.38
766; 0.0667660721746379; 30294.1658788764; 29592.35; 3473.91
767; 0.0695438631903988; 29929.1602539011; 29220.25; 3368.97
768; 0.0689274742170163; 29668.7698312904; 28985.12; 3278.08
769; 0.0697196270538235; 29293.6192062796; 28613.79; 3222.52
770; 0.0701721987036338; 29071.1148438676; 28396.16; 3178.58
771; 0.0692306905369301; 28719.0845124412; 28063.51; 3128.02
772; 0.0664213511421247; 28459.1626592875; 27824.41; 3155.48
773; 0.0630727205285749; 28103.7678627868; 27511.03; 3101.69
774; 0.0708309766542537; 27914.0232223847; 27250.38; 3090.89
775; 0.0654283749355271; 27546.004966589; 26923.11; 3139.57
776; 0.0638199946556004; 27303.3647488278; 26692.28; 3156.47
777; 0.0633429451388218; 26977.0584246866; 26378.67; 3113.38
778; 0.0629623067167921; 26752.0576148609; 26156.79; 3114.98
779; 0.0640770200658465; 26434.8690512812; 25833.84; 3089.73
780; 0.06718360128946; 26267.17980033; 25644.18; 3053.81
781; 0.0691400676219023; 26016.1360319382; 25391.25; 2975.72
782; 0.0662874327057365; 25810.7729312029; 25220.98; 2928.73
783; 0.0673792713964834; 25526.5965681988; 24943.53; 2847.78
784; 0.0681515703001786; 25366.4496213951; 24783.44; 2814.52
785; 0.0653944542975568; 25070.7650709613; 24512.17; 2809.55
786; 0.0603218851205516; 24862.3003497057; 24354.29; 2769.2
787; 0.0540100613605889; 24557.9516069178; 24111.29; 2718.46
788; 0.049948857060842; 24344.3066783222; 23935.54; 2689.25
789; 0.0497236384727832; 24035.3253160737; 23629; 2684.53
790; 0.0551989978133138; 23883.257676144; 23429.19; 2701.61
791; 0.0522515227240272; 23634.4236593674; 23215.9; 2629.93
792; 0.0503935900819075; 23427.5983152863; 23023.05; 2635.25
793; 0.0571078325250121; 23235.3904996602; 22777.42; 2632
794; 0.0624080088252465; 23092.8806376497; 22595.01; 2617.89
795; 0.0708884291811956; 22906.1776504738; 22336.97; 2634.77
796; 0.0744752910292499; 22718.8079635906; 22112.83; 2669.71
797; 0.0704594405919725; 22556.5533882709; 21984.92; 2661.85
798; 0.074681953062148; 22373.7896277443; 21770.62; 2649.81
799; 0.0754232089977974; 22230.0620848912; 21624.52; 2633.75
800; 0.0701274676562402; 21997.637804776; 21451.6; 2553.96
801; 0.0686399182092877; 21825.8648084083; 21296.11; 2530.61
802; 0.0622812667117708; 21575.7629465522; 21094.24; 2534.16
803; 0.0637284280850995; 21450.6094055648; 20965.53; 2493.87
804; 0.060373369467341; 21224.7995378889; 20777.34; 2427.37
805; 0.0607235507400652; 21075.798302232; 20626.73; 2421.43
806; 0.0611004226937455; 20857.7857294169; 20408.68; 2406.08
807; 0.0678877223696701; 20760.4097357042; 20262.29; 2401.48
808; 0.0724420638156141; 20591.5148101279; 20069.98; 2355.84
809; 0.0770645394756736; 20483.5849068275; 19935.88; 2325.21
810; 0.0729848008249057; 20275.2166230146; 19758.37; 2316.34
811; 0.071106000800586; 20129.3545364423; 19629.76; 2297.52
812; 0.0635215436856739; 19885.2464784774; 19440.29; 2289.84
813; 0.063288222956022; 19769.269079286; 19329.39; 2271.4
814; 0.0565739475645721; 19590.6501045515; 19206.63; 2217.59
815; 0.0532936655700902; 19466.0890826118; 19107.39; 2198.44
816; 0.0475943765484933; 19264.4681695828; 18944.37; 2196.29
817; 0.0484826913007244; 19110.2077328858; 18785.86; 2184.32
818; 0.0475271092492412; 19001.1083237966; 18686.34; 2162.08
819; 0.0586008963559141; 18848.2087564626; 18460.03; 2162.05
820; 0.0630730192050371; 18732.5936498897; 18313.57; 2167.88
821; 0.0626906825328511; 18553.0774666882; 18130.17; 2200.68
822; 0.0662300147617401; 18445.7578804598; 17998; 2204.84
823; 0.070414276528682; 18310.7236683809; 17836.87; 2194.12
824; 0.0741467439366757; 18226.0855335625; 17730.5; 2178.67
825; 0.0758168990647733; 18109.4004001299; 17610.23; 2146.02
826; 0.0745326586310076; 18010.4300678223; 17535.63; 2076.42
827; 0.0719889367926984; 17882.4074175727; 17428.2; 2056.75
828; 0.0711119763999335; 17780.7464957514; 17337.68; 2031.24
829; 0.079851283327571; 17675.3132063041; 17185.3; 2000.41
830; 0.0806856663420223; 17543.5063916963; 17061.23; 1948.34
831; 0.0810486646860334; 17446.8706019424; 16971.77; 1909.83
832; 0.0773742129850222; 17304.3533935986; 16860.01; 1870.11
833; 0.0728102835370601; 17189.7586267442; 16770.25; 1875.35
834; 0.0698745704184956; 17038.1851804413; 16645.37; 1828.97
835; 0.066886687822649; 16925.8164848516; 16549.23; 1831.26
836; 0.0550961019303365; 16755.1361759852; 16453.14; 1782.35
837; 0.0469434959222822; 16633.6268379203; 16379.07; 1763.51
838; 0.0429999435868906; 16467.0813102079; 16235.15; 1754.35
839; 0.0447535303592668; 16318.7523572619; 16074.2; 1778.6
840; 0.048711506431523; 16247.5201750403; 15981.44; 1777.93
841; 0.0448967250019656; 16111.2510670694; 15866.44; 1776.81
842; 0.0514456481682696; 16059.1496467921; 15776.56; 1789.51
843; 0.0565429912458526; 15953.2866382389; 15646.69; 1766.05
844; 0.059704134321544; 15869.0513845037; 15542.12; 1783.07
845; 0.0606039764699203; 15721.4730949941; 15390.02; 1780.43
846; 0.0594002329866412; 15652.6366516244; 15331.09; 1761.82
847; 0.0504039883931407; 15498.6011469112; 15227.78; 1748.28
848; 0.0484299913811747; 15350.6706560222; 15098.25; 1695.53
849; 0.0452778552435188; 15247.1237266884; 15011.88; 1689.72
850; 0.0429898630341572; 15076.3846576659; 14856.35; 1664.16
851; 0.0488320806908048; 14994.4877907673; 14747.7; 1642.82
852; 0.0519004851427018; 14875.9357519195; 14619.18; 1607.71
853; 0.0534739147424561; 14779.6326018997; 14518.29; 1587.92
854; 0.0585480008961753; 14616.199663795; 14338.6; 1540.12
855; 0.0567067457222912; 14421.0930676517; 14151.45; 1544.2
856; 0.0630356680858479; 14339.6981356456; 14045.55; 1515.11
857; 0.0683507022393117; 14225.1372216889; 13919.7; 1450.59
858; 0.0627891518611278; 14109.0459529246; 13825.47; 1465.77
859; 0.0643292917666524; 13943.0636045899; 13648.99; 1483.35
860; 0.0633644088202643; 13825.6435937366; 13531.11; 1507.95
861; 0.0623990982095227; 13687.8741965894; 13401.13; 1490.49
862; 0.0618810877314167; 13560.1716593271; 13274.97; 1494.59
863; 0.0661202080899862; 13462.9091446802; 13154.46; 1512.49
864; 0.0698145656683116; 13289.0900241148; 12956.07; 1546.21
865; 0.0752757179738659; 13180.8125386013; 12824.65; 1533.39
866; 0.0859281127448251; 13038.0416415358; 12635.79; 1516.83
867; 0.087095821514929; 12840.9167190871; 12433.88; 1513.95
868; 0.0852286827288698; 12683.8448978153; 12293.84; 1482.09
869; 0.0798435258604833; 12417.2354982386; 12058.37; 1455.45
870; 0.0733354803127468; 12218.2267591956; 11894.82; 1427.76
871; 0.0763065070625963; 11967.0674678661; 11642.25; 1377.84
872; 0.075185913197071; 11788.9028212151; 11469.19; 1376.13
873; 0.0660484673533498; 11507.7025730369; 11235.69; 1332.53
874; 0.0610512385978502; 11254.5531849525; 11012.1; 1284.65
875; 0.0555735280678542; 11081.0376281362; 10866.29; 1249.76
876; 0.0592175571637049; 10867.5308873877; 10645.77; 1210.92
877; 0.0689324232587907; 10762.176048887; 10509.02; 1187.3
878; 0.0734799785498983; 10598.5878699485; 10330.64; 1178.63
879; 0.0722873696583592; 10448.0504129191; 10193.75; 1136.83
880; 0.0759155862522055; 10376.2628331786; 10109.79; 1134.09
881; 0.0785337689414962; 10253.4464260326; 9979.85; 1125.33
882; 0.0850174234077115; 10186.2324215235; 9891.73; 1118.72
883; 0.0865733596806761; 10097.8427976772; 9795.02; 1129.43
884; 0.0840490521682161; 9983.99974524944; 9695.26; 1109.03
885; 0.0815197991551069; 9924.94464402017; 9644.88; 1108.83
886; 0.0755106114307829; 9850.64252525589; 9598.29; 1078.41
887; 0.0756738970818992; 9789.38460038436; 9533.9; 1089.26
888; 0.0749422827715238; 9723.54702674768; 9478.5; 1054.82
889; 0.0660149263109264; 9671.40146476606; 9465.16; 1007.67
890; 0.0615058146431441; 9626.21553175255; 9433.9; 1008.35
891; 0.0644759875233246; 9612.88123799896; 9408.11; 1024.03
892; 0.0624787754646681; 9630.90092816288; 9432.88; 1021.76
893; 0.0475073755771767; 9614.27864981797; 9463.6; 1022.36
894; 0.0420331163929503; 9687.74544912122; 9551.22; 1046.8
895; 0.0461345061891627; 9758.6300542888; 9605.56; 1069.14
896; 0.0461621130760164; 9887.14544099659; 9731.54; 1086.02
897; 0.0475327728730689; 9984.51231403288; 9819.83; 1116.08
898; 0.049507667555219; 10181.5178328137; 10007.83; 1129.97
899; 0.0482739326386769; 10373.3729420086; 10203.23; 1135.01
900; 0.0527063056948704; 10495.4717275134; 10302.21; 1180.62
901; 0.0686018049409265; 10670.3611848165; 10410.07; 1221.5
902; 0.0700013489718097; 10776.1427897633; 10506.52; 1239.79
903; 0.0705737573894172; 10829.5675043335; 10552.68; 1262.66
904; 0.0747411666783162; 10861.031853695; 10574.7; 1232.72
905; 0.073356539983034; 10829.5596114285; 10548.03; 1234.76
906; 0.0663544560548703; 10729.1138642909; 10477.21; 1221.21
907; 0.0697321422775554; 10607.1191634055; 10347.55; 1197.22
908; 0.0637153621562913; 10497.8839508056; 10275.37; 1123.04
909; 0.0509992002649235; 10270.0671300565; 10095.42; 1101.09
910; 0.0463019888386611; 10008.6019392866; 9857.05; 1052.24
911; 0.0447229713262289; 9800.7083086768; 9654.96; 1047.5
912; 0.0459988244407222; 9484.17447487017; 9338.38; 1018.6
913; 0.056219195766824; 9266.2471127811; 9092.46; 993.31
914; 0.0526242200157723; 8888.49868280627; 8733.46; 946.53
915; 0.064200702242145; 8538.09297126178; 8353.23; 924.95
916; 0.0679350328760142; 8309.47912670102; 8121.34; 889.45
917; 0.0803460127339614; 7970.25330255468; 7752.42; 870.64
918; 0.0726406135582595; 7645.56235874047; 7459.75; 821.3
919; 0.0674733785455614; 7432.83666273791; 7264.7; 799.98
920; 0.0631986373049607; 7143.43526029632; 6995.79; 749.9
921; 0.0727589652412024; 6886.42378447594; 6721.88; 725.82
922; 0.0687916998122098; 6693.15029515516; 6539.28; 717.81
923; 0.0599618476581961; 6417.99249612875; 6288.76; 691.56
924; 0.0595701272391816; 6269.97088697743; 6145.76; 668.97
925; 0.0623431276040366; 6022.91827278092; 5898.34; 641.02
926; 0.0615687604650174; 5776.57580015034; 5662.37; 594.98
927; 0.0499320891083854; 5612.79997229537; 5522.49; 580.06
928; 0.0397365209910597; 5384.84616010862; 5315.76; 557.52
929; 0.043069887435054; 5162.91384127177; 5094.54; 509
930; 0.0504815479637707; 4997.8772862573; 4918.46; 504.36
931; 0.0578755156369301; 4706.81950512504; 4620.77; 476.6
932; 0.058621684129434; 4388.50703356806; 4308.68; 436.45
933; 0.0586960828605753; 4141.59255024693; 4066.76; 408.57
934; 0.0708382838202083; 3757.83042049136; 3675.65; 371.73
935; 0.0781593332915979; 3335.66536014722; 3254.36; 333.29
936; 0.0741467059656217; 3043.27657026467; 2974.81; 295.81
937; 0.0671554239969645; 2614.2348025583; 2559.82; 259.54
938; 0.0816353573340371; 2238.86878012273; 2188.07; 199.29
939; 0.0903787191201549; 2015.57760476551; 1968.44; 167.02
940; 0.0756245491971182; 1731.29848044853; 1694.3; 156.65
941; 0.0834970755294528; 1527.98897649611; 1492.72; 135.23
942; 0.105649974497081; 1430.28931377445; 1387.37; 130.04
943; 0.143456423472778; 1345.99106473256; 1286.69; 132.31
944; 0.146838177558878; 1304.11073079232; 1244.67; 129.55
945; 0.102633035921673; 1290.0556633483; 1249.62; 126.07
946; 0.080184636313814; 1309.72990943409; 1278.41; 124.97
947; 0.117021615746109; 1360.08812500669; 1312.83; 129.19
948; 0.120483508483928; 1400.10755403883; 1348.84; 136.11
949; 0.126371311637534; 1471.5292522856; 1415.09; 142.84
950; 0.100351656024334; 1537.6954542494; 1490.69; 149.79
951; 0.0882040721050595; 1587.94951008672; 1540.43; 172.26
952; 0.111868777989095; 1683.07608344172; 1616.44; 190.44
953; 0.108856113065274; 1767.1227861788; 1698.68; 200.99
954; 0.118541390271024; 1838.32557145277; 1761.94; 205.96
955; 0.10628405626941; 1925.93864935614; 1851.17; 224.82
956; 0.100347151361583; 2009.58189605244; 1937.02; 231.07
957; 0.0913144811525375; 2062.83926721894; 1996.3; 232.82
958; 0.0800123492516009; 2145.22270155848; 2090.68; 217.78
959; 0.0726292269873059; 2209.21326648455; 2161.75; 208.75
960; 0.0811803870326094; 2254.15243706021; 2195.68; 230.05
961; 0.0738783398180007; 2294.79934093314; 2242.09; 227.85
962; 0.0812475188612804; 2344.35827048409; 2286.61; 226.96
963; 0.0800716150332143; 2364.27729875619; 2305.87; 232.89
964; 0.0672823235223603; 2386.05676594278; 2338.55; 225.41
965; 0.0783428321257786; 2402.64906462276; 2344.92; 235.21
966; 0.0691439473214123; 2424.28603119027; 2370.41; 248.69
967; 0.0548908019154254; 2423.88962581142; 2385.29; 224.41
968; 0.0408784569675791; 2425.21718452532; 2395.91; 228.76
969; 0.0400488277495875; 2424.41998125623; 2396.97; 218.68
970; 0.030478559158508; 2418.97822698042; 2398.3; 216.43
971; 0.0474019904571826; 2422.43075410444; 2389.14; 224.01
972; 0.0612897932845188; 2423.09505465908; 2381.04; 218.84
973; 0.0751780324803203; 2415.6638203342; 2367.5; 204.3
974; 0.0863407035540722; 2409.29224295984; 2349.98; 219.04
975; 0.0832201195316294; 2396.41488157772; 2340.69; 213.48
976; 0.0679265847964027; 2375.30521153697; 2329.67; 214.16
977; 0.0609798633003087; 2355.11551405364; 2314.39; 212.87
978; 0.0437270472091771; 2322.57482453412; 2293; 215.55
979; 0.024788470647856; 2288.4432746571; 2270.94; 225.01
980; 0.0157468157886792; 2264.52685224678; 2253.53; 222.51
981; 0.0258920051874123; 2229.44894569317; 2211.65; 219
982; 0.0352264303627911; 2191.30844197812; 2166.45; 224.79
983; 0.0399632652170675; 2165.23755663663; 2136.66; 227.76
984; 0.0486407969718809; 2140.76686779373; 2107.27; 219.31
985; 0.0486503426041846; 2100.44846555322; 2067.62; 214.87
986; 0.0325625256346859; 2058.00050348589; 2036.48; 210.42
987; 0.0415652266525656; 2034.5718911104; 2005.72; 220.98
988; 0.02181502858921; 1998.89718889148; 1984.27; 213.43
989; 0.000158243986553795; 1952.67628250042; 1952.57; 213.76
990; 0.0082629551142532; 1935.49069402464; 1930.05; 209.54
991; 0.0269249289280771; 1898.86075105082; 1880.21; 220.41
992; 0.0321881041179821; 1868.99737368155; 1848.35; 204.08
993; 0.0552069041258668; 1838.73328146756; 1804.62; 196.57
994; 0.0560642885733575; 1818.06498718406; 1785.01; 187.54
995; 0.0753522574658436; 1785.5272456106; 1738.71; 197.61
996; 0.0970999031522558; 1754.9635056449; 1698.8; 183.94
997; 0.0970754533523732; 1712.78378106105; 1659.01; 176.14
998; 0.0853636958503684; 1679.40403950208; 1637.37; 156.56
999; 0.0937538037411142; 1647.35513619607; 1600.11; 160.2
1000; 0.0963556691966856; 1605.9437263633; 1558.01; 158.13
1001; 0.0860381273560848; 1580.42698943975; 1537.83; 157.36
1002; 0.0484632280903242; 1534.58867087464; 1513.64; 137.37
1003; 0.0544566671272248; 1506.38117069408; 1482.74; 137.95
1004; 0.0222867962064774; 1467.58758602789; 1458.8; 125.28
1005; 0.0270777904137607; 1450.19316197027; 1439.4; 126.63
1006; 0.0145434049272746; 1409.6483839834; 1403.8; 127.74
1007; 0.0124678004723717; 1382.34237847095; 1377.82; 115.21
1008; 0.00944767472845336; 1339.75801167994; 1336.17; 120.61
1009; 0.036879361861332; 1322.07699691182; 1307.77; 123.19
1010; 0.00835653294181968; 1277.46608184977; 1274.54; 111.18
1011; 0.0184898420152394; 1250.66123153027; 1243.99; 114.55
1012; 0.0530226562131437; 1228.6815862505; 1208.87; 118.61
1013; 0.0362263704077246; 1203.60354220723; 1190.37; 115.95
1014; 0.0269328473032295; 1172.63490645984; 1163.01; 113.42
1015; 0.0293071537049786; 1148.08353555549; 1137.11; 118.82
1016; 0.0424031927598485; 1128.36041111285; 1113.5; 111.2
1017; 0.0439771481817004; 1110.37664418776; 1094.83; 112.16
1018; 0.0691027082105925; 1088.76756816126; 1066.64; 101.58
1019; 0.0343407285101086; 1053.99655897322; 1043.81; 94.09
1020; 0.070990691939042; 1036.79950517442; 1015.07; 97.08
1021; 0.0790825924864598; 1015.58367443267; 986.98; 114.7
1022; 0.0783254140179462; 989.111815866773; 965.88; 94.05
1023; 0.0990192527828044; 963.177093298776; 931.74; 100.66
1024; 0.0952929783216233; 937.638094511646; 909.96; 92.08
1025; 0.0976592617664181; 920.971526165708; 889.66; 101.63
1026; 0.108322748069234; 896.225857865444; 858.31; 110.94
1027; 0.141400455954824; 871.347542494739; 822.79; 108.83
1028; 0.141097697744331; 853.860753451389; 812.16; 93.65
1029; 0.139662231472175; 834.343913807751; 790.63; 99.17
1030; 0.131337779127765; 812.678585425592; 774.07; 93.13
1031; 0.126115293627563; 797.065972022423; 765.45; 79.41
1032; 0.178333461985526; 785.223129068881; 747.55; 66.91
1033; 0.191133120204079; 769.465053787338; 731.51; 62.89
1034; 0.188088715197156; 765.695239822399; 729.22; 61.41
1035; 0.184724671193765; 741.720758822236; 712.65; 49.83
1036; 0.296180922752658; 736.330238976618; 692.97; 46.35
1037; 0.191919571153435; 707.354123754003; 674.92; 53.5
1038; 0.149890696766319; 689.970658738198; 662.79; 57.4
1039; 0.551130905401552; 721.797053601796; 596.18; 72.14
1040; -0.209714629959997; 634.728136917074; 690.97; 84.87
1041; 0.697973891473725; 614.230104357289; 731.93; -53.36
