# 06/03/2019 18:59:29
# NanoCalc data
# Original file name: C:\SVA_DATA\StudentProjects\2018_Nathan\PS-b-PI\PSbPI_890.dat
# Fit Result : Fitness; Thickness 1; Thickness 2; Thickness 3 
# Fit Result : 1.66210948837324; 2; 108; -1
# comment:PSbPI id:370 slowslow script start 16:33
#
# WaveLength; Reflectance; Raw Intensity; Dark Intensity; Reference Intensity
400; 0.488500664268701; 4364.40062248248; 3706.58; 652.97
401; 0.47877799862453; 4508.91273657601; 3827.82; 686.82
402; 0.480139004689037; 4612.2810501524; 3922.88; 690.19
403; 0.484643638196616; 4723.53522112383; 4026.52; 688.46
404; 0.488857884672186; 4827.99060565925; 4116.57; 693.7
405; 0.485490104096366; 5004.22587029441; 4267.86; 720.2
406; 0.488755959550668; 5107.75282866447; 4392.4; 692.25
407; 0.48497686849431; 5224.18517378661; 4498.1; 705.33
408; 0.467643421195269; 5315.70578321495; 4602.23; 715.92
409; 0.47034920025159; 5421.77333771865; 4697.66; 719.74
410; 0.444280536402503; 5546.71549258452; 4851.48; 728.85
411; 0.443839587915092; 5639.19881527317; 4933.69; 737.74
412; 0.437751533511217; 5729.55390462308; 5006.35; 764.04
413; 0.435202328178794; 5818.05715889892; 5074.69; 787.31
414; 0.420089054084519; 5936.72087313969; 5187.46; 819.34
415; 0.422222912649196; 6029.77049223827; 5262.83; 831.69
416; 0.421292192650355; 6110.826261807; 5333.87; 841.6
417; 0.42244125309479; 6207.22992595366; 5432.16; 834.5
418; 0.421238340241594; 6342.31386734029; 5554.94; 847.33
419; 0.426640389487067; 6446.02521822032; 5639.25; 854.66
420; 0.411402789749298; 6547.85093674931; 5731.78; 893.85
421; 0.408092446085341; 6651.74664074805; 5844.55; 888.7
422; 0.402143997840574; 6811.7085967399; 5986.26; 919.54
423; 0.395692562275868; 6926.7285163515; 6097.41; 936.13
424; 0.385026242552635; 7053.66929507014; 6222.48; 961.37
425; 0.380008396289661; 7194.60006470595; 6336.9; 1002.4
426; 0.376331842319331; 7400.81871315627; 6501.39; 1058.55
427; 0.370780880286755; 7549.30632955205; 6648.16; 1073.5
428; 0.365397031232584; 7693.42823566718; 6783.3; 1097.16
429; 0.367681560679912; 7822.67156068371; 6907.86; 1093.25
430; 0.367082139050866; 8039.42270047589; 7111.68; 1107.74
431; 0.366572067351439; 8183.9529625674; 7247.41; 1117.05
432; 0.369376051666842; 8315.99214004992; 7363.78; 1124.31
433; 0.361868833379299; 8410.23042284406; 7451.35; 1152.9
434; 0.365253797195589; 8589.74217939711; 7622.06; 1149.92
435; 0.356310913067091; 8679.93680386574; 7725.43; 1160.22
436; 0.359945910417102; 8775.22246375026; 7810.18; 1158.66
437; 0.354357043027339; 8875.38971544793; 7906.48; 1178.93
438; 0.351453048197523; 9052.7324665212; 8054.32; 1222.03
439; 0.351970918059073; 9146.0648649081; 8136.76; 1230.73
440; 0.352001115009081; 9249.90391388137; 8228.69; 1242.29
441; 0.344120602121126; 9327.68106663776; 8339.09; 1227.41
442; 0.338777311707039; 9489.98058198225; 8479.44; 1271.58
443; 0.336305965719485; 9596.06521655341; 8574.86; 1291.6
444; 0.337838945999098; 9748.99328548471; 8692.65; 1327.07
445; 0.339160531930608; 9889.46487828375; 8808.71; 1349.4
446; 0.333218687283649; 10092.2445075548; 8995.09; 1391.12
447; 0.33554879902534; 10275.8270335138; 9152.97; 1410.79
448; 0.324143112931668; 10433.6335890953; 9325.63; 1437.98
449; 0.336886259016616; 10757.620088896; 9579.28; 1468.31
450; 0.33436982041994; 10943.3798228732; 9774.98; 1463.74
451; 0.334552760603379; 11138.2730772934; 9949.44; 1485.53
452; 0.334143824537395; 11330.5280171837; 10146.84; 1477.89
453; 0.328610627876396; 11659.014773196; 10453.15; 1527.91
454; 0.330156065133165; 11892.9324180059; 10674.94; 1533.01
455; 0.321641694937943; 12085.425966106; 10869.94; 1567.29
456; 0.317235573306293; 12322.1063418955; 11067.31; 1637.27
457; 0.308252739361469; 12665.4595306357; 11406.59; 1687.26
458; 0.302237817824632; 12928.903374958; 11668.57; 1719.54
459; 0.300914083543632; 13177.5193974971; 11888.18; 1763.56
460; 0.297797786011105; 13431.4178205544; 12120.23; 1808.82
461; 0.299373680703817; 13802.306266264; 12477.98; 1813.95
462; 0.298152932066122; 14019.4740802133; 12696.02; 1816.78
463; 0.296859211011731; 14240.3323537337; 12920.83; 1815.95
464; 0.295364460165304; 14613.0123231023; 13251.1; 1880.37
465; 0.288068410031954; 14846.1481263582; 13499.29; 1903.39
466; 0.288860610462231; 15106.7416273479; 13714.15; 1959.18
467; 0.285117732869678; 15348.7881427542; 13941.45; 2002.55
468; 0.28074272245122; 15841.2546834458; 14419.99; 2050.42
469; 0.282217574561417; 16186.836962892; 14715.46; 2108.14
470; 0.277236444058318; 16502.5765073505; 15030.91; 2142.93
471; 0.271873024453848; 16927.8272191939; 15439.32; 2206.59
472; 0.272495833515245; 17574.8308827311; 16033.97; 2275.28
473; 0.271142016750171; 18045.1198101769; 16472.79; 2329.59
474; 0.269679380740708; 18546.3465710153; 16951.53; 2371.89
475; 0.268391734751266; 19419.2326555196; 17780.12; 2445.55
476; 0.264199529635182; 19987.2015344571; 18330.84; 2506.42
477; 0.260877785901952; 20594.9602530888; 18892.02; 2605.57
478; 0.256062823498938; 21300.3704345409; 19567.89; 2696.25
479; 0.256648505094647; 22373.1279016323; 20540.83; 2840.66
480; 0.253332732816912; 23126.8422108572; 21247.71; 2946.79
481; 0.24753939594939; 23831.4807772391; 21945.87; 3021.61
482; 0.248862498674128; 24968.4919187873; 23001.33; 3130.81
483; 0.247550707038455; 25710.1762736923; 23698.95; 3213.18
484; 0.245878245600783; 26432.6172950065; 24387.59; 3284.49
485; 0.247982492414607; 27185.7508368021; 25047.89; 3399.35
486; 0.243611062164066; 28161.9387497127; 25989.21; 3511.42
487; 0.241996119813758; 28765.7697240639; 26548.62; 3601.68
488; 0.240804210451544; 29387.6114221514; 27137.19; 3668.26
489; 0.238072188421177; 29955.4879362224; 27674.23; 3755.82
490; 0.231680918189788; 30767.5626637383; 28469.58; 3882.15
491; 0.23201361060134; 31283.1615484972; 28962.28; 3910.11
492; 0.226098802135847; 31717.5665392298; 29398.31; 4004.35
493; 0.223133166407347; 32367.1357827188; 30045.96; 4055.79
494; 0.223248360448988; 32795.1972061972; 30450.65; 4089.41
495; 0.222317865654927; 33198.1491354848; 30849.74; 4108.15
496; 0.215709237804796; 33707.4049070921; 31406.65; 4142.99
497; 0.218364570329485; 34099.7399682262; 31767.86; 4142.86
498; 0.215730015368653; 34403.120144892; 32067.12; 4195.67
499; 0.216882570903898; 34783.3812688256; 32404.94; 4243.83
500; 0.218789251081137; 35280.0067764912; 32863.49; 4268.88
501; 0.219970072537331; 35605.5836038578; 33146.16; 4315.77
502; 0.221250160110576; 35967.5037431307; 33476.28; 4340.55
503; 0.218297593710331; 36456.5013490432; 33974.55; 4377.29
504; 0.219404654263718; 36839.2803008307; 34328.61; 4399.96
505; 0.21641252590185; 37222.6744795763; 34741.28; 4403.53
506; 0.217340086039328; 37620.1147630989; 35107.34; 4434.89
507; 0.215852974991682; 38203.4860895627; 35715.47; 4416.36
508; 0.210665553372037; 38564.0582563001; 36120.4; 4439.31
509; 0.207296100142206; 38956.7092505298; 36537.16; 4462.01
510; 0.200259228883563; 39556.419417139; 37164.54; 4560.8
511; 0.199045595275993; 39978.2212409708; 37577.28; 4600.76
512; 0.194334321421486; 40369.3290867856; 38001.86; 4641.31
513; 0.189586820039088; 40924.7136417052; 38544.65; 4777.5
514; 0.185865999631875; 41316.55591173; 38978.11; 4782.45
515; 0.182987452121404; 41727.2038729992; 39357.58; 4916.92
516; 0.18034650947618; 42090.3980787175; 39710.45; 5004.9
517; 0.178326960397665; 42715.4447488518; 40331.64; 5063.94
518; 0.175930590763058; 43125.6758012637; 40749.91; 5109.82
519; 0.173978616978105; 43519.8988697401; 41153.15; 5141.7
520; 0.171886798211151; 44125.1214904602; 41744.27; 5229.46
521; 0.17120485093521; 44543.5818973129; 42147.85; 5277.47
522; 0.16838693743421; 44939.7213875992; 42528.95; 5393.7
523; 0.164398543070585; 45505.0045951027; 43144.91; 5402.76
524; 0.163115538746872; 45934.9493204806; 43568.3; 5454.65
525; 0.160859147214005; 46281.678045319; 43928.06; 5495.06
526; 0.16013430454926; 46808.9592645123; 44426.05; 5582.88
527; 0.159342252637468; 47166.7463111881; 44754.61; 5673.87
528; 0.156127915595962; 47487.6021888999; 45083.01; 5766.75
529; 0.156352787437641; 47792.6442624963; 45349.17; 5845.8
530; 0.159084279675288; 48201.8042012021; 45699.78; 5877.43
531; 0.161056043396194; 48450.5857480044; 45874.99; 5970.71
532; 0.160950965911523; 48673.4490460952; 46081.55; 6006.91
533; 0.161166281266826; 48979.7444443646; 46374.85; 6023.42
534; 0.160884525686239; 49138.7584267534; 46512.86; 6077.02
535; 0.159070262565137; 49297.0578291574; 46705.25; 6060.18
536; 0.158339384195401; 49500.1454021098; 46893.06; 6117.76
537; 0.155936223710362; 49634.6001556903; 47060.97; 6125.72
538; 0.150794005282429; 49761.8431877798; 47278.55; 6105.66
539; 0.144543647538097; 49949.5528656154; 47591.89; 6041.35
540; 0.142973700728464; 50087.740286728; 47751.12; 6047.07
541; 0.143727525496575; 50293.4150812303; 47934.66; 6067.28
542; 0.140626599270363; 50569.5452838391; 48265.44; 6052.34
543; 0.138883282599347; 50758.6008692046; 48472.17; 6076.53
544; 0.139029566018134; 51021.2018219471; 48742.04; 6046.08
545; 0.140305802612263; 51439.2307616898; 49147.92; 6018.12
546; 0.142364417085663; 51738.002680198; 49400.39; 6046.02
547; 0.148439731832042; 52064.2534432576; 49589.44; 6133.58
548; 0.146166626651995; 52550.8411561863; 50065.48; 6250.24
549; 0.143827454933459; 52789.3119370031; 50321; 6302.83
550; 0.142266927855036; 53102.0315431977; 50631.34; 6372.71
551; 0.143149833439205; 53438.380621424; 50941.36; 6395.47
552; 0.14205062089772; 53870.6247584359; 51381.82; 6418.3
553; 0.141641216703504; 54148.2293227085; 51642.05; 6476.44
554; 0.140247595375987; 54457.5076438797; 51958.5; 6516.52
555; 0.134612380444316; 54852.5209723113; 52472.31; 6461.05
556; 0.135211073092461; 55158.2089712416; 52774.37; 6436.57
557; 0.134810189722013; 55505.8421567826; 53127.07; 6436.47
558; 0.13338691995923; 55991.3360446289; 53628.3; 6456.57
559; 0.134476656607521; 56383.2910498807; 53982.54; 6500.87
560; 0.134561133778566; 56793.6884857341; 54374.65; 6540.64
561; 0.130361032854246; 57472.3201685694; 55113.13; 6578.83
562; 0.129141919061639; 57958.432291935; 55594.48; 6648.59
563; 0.128585570442271; 58492.5218265954; 56111.99; 6718.72
564; 0.130134466236016; 59344.2719162281; 56872.57; 6887.39
565; 0.130281553953211; 59879.5842692813; 57392.16; 6918.28
566; 0.130546072582902; 60405.6162223724; 57887.77; 6983.55
567; 0.128684756935191; 61089.8666306364; 58581.27; 7053.7
568; 0.128929456516766; 61439.6018496183; 58892.28; 7144.09
569; 0.129807335869452; 61639.6002947758; 59048.64; 7212.18
570; 0.130397049130362; 61796.7107367496; 59201.32; 7186.7
571; 0.130939211620106; 61794.1782841965; 59179.33; 7205.05
572; 0.130252970439937; 61720.0568710203; 59136.17; 7151.54
573; 0.125829149388676; 61405.24417329; 58913.77; 7132.5
574; 0.126217361945705; 61202.2256976286; 58730.17; 7049.31
575; 0.122820551337942; 60806.8486601596; 58409.27; 7020.39
576; 0.120047908951027; 60599.9625107909; 58286.82; 6924.21
577; 0.116265362436495; 60390.9488667899; 58156.17; 6901.91
578; 0.114957903600657; 60149.6133667253; 57942.19; 6889.6
579; 0.114330965424849; 60025.8355608032; 57832.37; 6878.4
580; 0.112013318642152; 59895.5700250461; 57747.7; 6869.6
581; 0.11372214529761; 59737.1498286448; 57553.64; 6873.83
582; 0.111153781413452; 59593.8565994729; 57452.74; 6891.28
583; 0.112543506199108; 59526.0242049189; 57372.5; 6841
584; 0.112808811179063; 59412.3919534819; 57257.56; 6824.62
585; 0.115615953970323; 59394.8156539619; 57205.45; 6761.24
586; 0.116505691659658; 59353.8563419649; 57145.37; 6763.8
587; 0.115614312388624; 59276.6724015245; 57079.59; 6776.52
588; 0.118052821636343; 59204.8588084478; 56937.13; 6845.66
589; 0.117012245003259; 59182.5925977621; 56955.2; 6779.63
590; 0.120224886418894; 59217.4227233753; 56919.06; 6804.44
591; 0.120382400933256; 59191.1521693296; 56871.59; 6853.91
592; 0.12130558556655; 59229.623660357; 56866.08; 6926.36
593; 0.122616369384018; 59305.7379440187; 56885.37; 7012.64
594; 0.121670698777016; 59343.6641392652; 56949.44; 6986.4
595; 0.122423379019004; 59560.4389680293; 57139.71; 7015.88
596; 0.121958293575816; 59780.3245356081; 57370.84; 7005.49
597; 0.121214380372943; 60025.2843118298; 57620.87; 7029.2
598; 0.118596049521678; 60460.9904985963; 58084.9; 7095.26
599; 0.118608385070203; 60900.7909700981; 58524.45; 7090.77
600; 0.117214816963845; 61370.6768018568; 59020.31; 7092.14
601; 0.114138428207675; 62132.803266714; 59811.73; 7187.95
602; 0.111219326396769; 62715.7788816656; 60413.01; 7313.98
603; 0.108986392201941; 63280.0576692461; 60992.44; 7410
604; 0.107001409133137; 64122.2899979072; 61857.75; 7466.56
605; 0.10561759603233; 64669.1098774983; 62404.92; 7558.6
606; 0.10691625078255; 65257.2787372825; 62931.49; 7665.24
607; 0.103792066331882; 65853.6426786371; 63575.16; 7730.63
608; 0.103143249650803; 66194.2625917133; 63913.77; 7781.35
609; 0.103213546588796; 66595.7621252057; 64286.44; 7869.52
610; 0.107001338026612; 66788.9135624934; 64387.2; 7889.79
611; 0.107324766875931; 66878.6957704387; 64454.87; 7933.77
612; 0.106029638681875; 66869.0657395296; 64486.18; 7890.17
613; 0.106775488348098; 66797.5728526727; 64382.6; 7935.66
614; 0.106130784647324; 66636.7130510674; 64258.5; 7857.7
615; 0.107760833737809; 66339.9511414013; 63951.06; 7769
616; 0.108319695239318; 66042.8101285612; 63649.54; 7738.29
617; 0.109386930326877; 65543.1975325034; 63191.8; 7524.48
618; 0.107003816212127; 65128.4706626758; 62865.79; 7397.46
619; 0.106029694636084; 64745.5782901738; 62524.5; 7324.23
620; 0.109206045526421; 64176.5281007626; 61903.74; 7272.85
621; 0.107645635586849; 63730.3238419505; 61522.57; 7163.5
622; 0.107871557304648; 63325.0756915823; 61120.28; 7135.28
623; 0.109175047014632; 62790.1617194391; 60595.35; 7014.78
624; 0.109118886511598; 62429.6362567532; 60252.71; 6957.84
625; 0.106729096295414; 61899.6136745783; 59771.23; 6951.65
626; 0.107881220562768; 61638.4528980898; 59483.48; 6959.96
627; 0.109341015031686; 61333.9692439321; 59165.07; 6908.27
628; 0.10543176400878; 60852.3955239959; 58794.21; 6795.41
629; 0.103919910463325; 60570.9890832891; 58562.43; 6724.97
630; 0.105263056839378; 60319.558367928; 58288.09; 6711.82
631; 0.102908138024317; 59857.5566775886; 57859.83; 6748.49
632; 0.099516004837126; 59590.5144646325; 57682.5; 6662.28
633; 0.099427925955453; 59224.5444209623; 57342.16; 6575.79
634; 0.0998696948306027; 58968.7919696193; 57084.01; 6552.04
635; 0.10045997659192; 58739.0875535449; 56861.14; 6486.39
636; 0.0997751218948044; 58470.1027920922; 56610.25; 6464.46
637; 0.10210514227313; 58292.0611101661; 56396.33; 6434.92
638; 0.0997742530329081; 58096.4196010996; 56258.02; 6382.24
639; 0.0997168601687084; 57854.5168698053; 56020.93; 6365.53
640; 0.103505741655394; 57734.0066497661; 55817.61; 6405.6
641; 0.102413944156033; 57421.6881744074; 55521.74; 6414.99
642; 0.102903592766387; 57232.7665449815; 55345.1; 6339.9
643; 0.101392760421664; 57072.245487136; 55211.6; 6339.15
644; 0.103112086923719; 56813.6836873846; 54932.43; 6299.39
645; 0.103269618989976; 56669.1618170391; 54787.8; 6287.41
646; 0.103312303365881; 56412.0720019604; 54543.39; 6239.56
647; 0.103410678526826; 56253.5394313259; 54402.96; 6170.73
648; 0.10252125359279; 56046.9851844402; 54223.42; 6130.91
649; 0.10648105880283; 55872.545458759; 53981.55; 6118.52
650; 0.106553736729356; 55761.4766193847; 53857.78; 6152.73
651; 0.106708284462919; 55585.6948403386; 53690.78; 6112.63
652; 0.104713160506328; 55394.6912626875; 53508.46; 6197.48
653; 0.102589477031978; 55218.3481766375; 53373.85; 6182.75
654; 0.105582307693601; 55079.677855646; 53197.75; 6126.54
655; 0.105721418420922; 54975.6363931665; 53072.59; 6184.61
656; 0.108494218234726; 54885.5598372352; 52943.74; 6146.82
657; 0.106490636142474; 54793.1739719046; 52900.86; 6100.67
658; 0.105795402682968; 54705.9562185277; 52840.08; 6052.84
659; 0.10867619131888; 54633.1131240571; 52741.87; 5970.05
660; 0.10527466319159; 54541.5204463243; 52729.32; 5902.95
661; 0.104736369680131; 54411.4476604701; 52604.84; 5911.68
662; 0.102176460551474; 54284.716412452; 52521.21; 5912.09
663; 0.102084691063915; 54200.9511471798; 52451.09; 5868.51
664; 0.0991178547364508; 53984.452494485; 52287.7; 5857.45
665; 0.100495372116413; 53860.5207626884; 52132.9; 5880.01
666; 0.0948056940080855; 53600.5006843937; 51959.38; 5918.55
667; 0.097685274843349; 53482.829854536; 51781.68; 5952.26
668; 0.0995715820184916; 53342.5636952478; 51634.69; 5860.85
669; 0.100304097598508; 53160.8412849541; 51450.2; 5825.24
670; 0.102671370272434; 53052.429073586; 51293.57; 5849.09
671; 0.105825428355568; 52883.7459723264; 51072.93; 5839.11
672; 0.105365871246246; 52728.6348500968; 50919.86; 5854.67
673; 0.103281938814349; 52558.8563745762; 50787.07; 5847.19
674; 0.102547086642116; 52307.7487192616; 50579.53; 5741.04
675; 0.0991418245790483; 52078.0711401223; 50427.07; 5670.38
676; 0.102641831824044; 51825.6912459396; 50091.77; 5749.54
677; 0.0995381215753492; 51555.2658385016; 49872.31; 5752.67
678; 0.0979599483029925; 51191.83898983; 49530.92; 5766.75
679; 0.0936841680048519; 50895.6036732795; 49327.37; 5691.42
680; 0.0933571385817321; 50624.4299143078; 49070.42; 5657.7
681; 0.0935511669415085; 50215.7023302757; 48667.39; 5623.25
682; 0.0965698954265562; 49976.8805604824; 48374.21; 5636.53
683; 0.0960557349311451; 49635.7408486158; 48043.66; 5627.07
684; 0.0950372288590966; 49385.8799067808; 47814.76; 5610.48
685; 0.0944503252325438; 48999.1816799352; 47448.75; 5568.84
686; 0.0953834469261772; 48720.9376385712; 47154.8; 5568.22
687; 0.0975577900422182; 48508.9614646404; 46914.24; 5541.32
688; 0.0960594233963708; 48103.4939587466; 46556.39; 5457.75
689; 0.0920213971182818; 47822.3493028478; 46363.53; 5370.2
690; 0.0928213654535254; 47500.981989203; 46046.68; 5305.36
691; 0.0929054970533557; 47243.7613170155; 45810.71; 5221.06
692; 0.0928081187821315; 47009.9929580973; 45598.99; 5144.11
693; 0.0945292786025988; 46672.6623631793; 45273.63; 5005.64
694; 0.0932128955862055; 46428.7363681525; 45056.87; 4975.81
695; 0.0893170513661947; 46010.4334353111; 44704.09; 4942.74
696; 0.0937248548934439; 45826.3108009794; 44432.28; 5024.34
697; 0.096608530270346; 45494.3277730814; 44035.44; 5098.84
698; 0.0963048540418397; 45210.488649692; 43744.03; 5139.29
699; 0.0956114236190132; 44803.5761867402; 43359.07; 5097.07
700; 0.0983468507370339; 44611.3089375806; 43110.29; 5147.14
701; 0.096940686631234; 44374.8498248781; 42902.64; 5120.03
702; 0.09798783283733; 44048.0476200866; 42569.63; 5084.98
703; 0.0975503398773857; 43811.5377033821; 42344.57; 5066.69
704; 0.0931457386965873; 43441.4998014481; 42087.37; 4896.64
705; 0.0910209669347966; 43193.509959162; 41885.5; 4838.37
706; 0.0904814746091085; 42900.0027471222; 41620.16; 4760.67
707; 0.0928075589534054; 42735.3316051178; 41416.61; 4780.31
708; 0.0892698243742819; 42513.9994353501; 41271.22; 4681.56
709; 0.0892680871904851; 42213.8635650983; 40978.27; 4652.88
710; 0.090301299846804; 42015.5638443033; 40764.97; 4653.78
711; 0.090578945818663; 41718.3618549013; 40463.52; 4654.28
712; 0.0881118932470197; 41472.4489070447; 40255.7; 4638.36
713; 0.0890035987316278; 41182.6348552255; 39964.91; 4594.59
714; 0.0871631097308801; 40872.8711569634; 39680.95; 4591.35
715; 0.0852982373400805; 40444.5648238071; 39286.31; 4557.68
716; 0.0856318057388306; 40126.2201577422; 38975.93; 4507.33
717; 0.0831379861295405; 39776.3492540694; 38672.49; 4453.37
718; 0.079321886351652; 39258.8605341746; 38238.07; 4314.65
719; 0.0782010878153584; 38911.1228529829; 37915.28; 4267.7
720; 0.0802098031877799; 38388.3005841043; 37379.7; 4212.45
721; 0.0867249146797147; 38116.5301278106; 37030.83; 4192.27
722; 0.0900038488876908; 37685.9103348829; 36569.84; 4151.01
723; 0.0885673815333028; 37362.0788336023; 36281.38; 4083.14
724; 0.0936779346494066; 36986.2297003772; 35846.8; 4068.68
725; 0.0939356072850505; 36762.0130104324; 35618.41; 4070.88
726; 0.0945654037556413; 36506.2835445164; 35362.68; 4042.28
727; 0.0963993827567669; 36404.883772716; 35264.68; 3952.13
728; 0.0992595434038358; 36325.1172971504; 35147.92; 3961.44
729; 0.0982591959694201; 36195.8330837364; 35036.8; 3938.93
730; 0.0988845080145632; 36142.4166636676; 34982.23; 3916.83
731; 0.0977929130290422; 36137.0027611818; 34979.16; 3952.18
732; 0.0996191617882828; 36155.9467642977; 34973.38; 3962.08
733; 0.0995186745730543; 36179.249322636; 34983.99; 4008.15
734; 0.102245538347168; 36173.8366883395; 34934.58; 4044.48
735; 0.0988879940601194; 36107.2054967104; 34904.98; 4055.84
736; 0.100848929456837; 36074.7151042585; 34849.66; 4051.37
737; 0.099843656369839; 36016.2115157257; 34798.35; 4066.75
738; 0.0999751030203152; 35939.3155827739; 34719.07; 4067.97
739; 0.101099263442904; 35880.6988389611; 34662.43; 4014.73
740; 0.100098844885044; 35807.3466545292; 34599.66; 4018.14
741; 0.102194227411046; 35779.7968071715; 34559.08; 3976.86
742; 0.0991712231314635; 35760.846196708; 34577.6; 3971.06
743; 0.102053894970363; 35814.5332676301; 34597.75; 3966.91
744; 0.103832206907889; 36009.2739405684; 34756.32; 4013.5
745; 0.10255987980829; 36156.3329471178; 34929.32; 3977.68
746; 0.101685905066394; 36399.1037296176; 35180.48; 3982.95
747; 0.100747588103519; 36580.9922557696; 35380.24; 3959.61
748; 0.104572172897348; 36836.5984531978; 35579.02; 3993.96
749; 0.105712040295393; 36917.7839641484; 35638.56; 4017.77
750; 0.106638986180009; 36914.1342536898; 35621.81; 4022.63
751; 0.10656214753257; 36824.0832677919; 35526.21; 4042.69
752; 0.105328403761618; 36554.9414543107; 35272.84; 4040.09
753; 0.10328401864992; 36286.3800680395; 35021.98; 4063.05
754; 0.103242572139152; 35798.2093178066; 34535.94; 4057.58
755; 0.103284834843234; 35420.7444845668; 34165.32; 4032.92
756; 0.102103678456287; 34814.8765219164; 33598.04; 3953.07
757; 0.099130463564185; 34418.9301647856; 33242.28; 3935.57
758; 0.101435365639986; 33855.0090336992; 32670.12; 3871.5
759; 0.10313250220205; 33477.4775445089; 32281.18; 3842.65
760; 0.102696034824337; 33103.7558791769; 31924.78; 3801.32
761; 0.104578759028784; 32551.1982576393; 31362.01; 3763.45
762; 0.105297530928587; 32215.189377827; 31037.12; 3701.07
763; 0.105708641782486; 31722.3879254676; 30554.28; 3654.01
764; 0.105285457733024; 31416.1914455297; 30276.78; 3577.22
765; 0.106093256103857; 30970.7951982384; 29844.63; 3508.38
766; 0.10609713306266; 30707.5968650825; 29592.35; 3473.91
767; 0.10553159809387; 30296.0089320929; 29220.25; 3368.97
768; 0.103424771401671; 30010.927608986; 28985.12; 3278.08
769; 0.112555969903891; 29711.3121600471; 28613.79; 3222.52
770; 0.110010502090003; 29454.3015807641; 28396.16; 3178.58
771; 0.114363791021101; 29146.4688143366; 28063.51; 3128.02
772; 0.114398052535686; 28917.6498515796; 27824.41; 3155.48
773; 0.108689932097913; 28532.4642669582; 27511.03; 3101.69
774; 0.112561410999782; 28305.0120415246; 27250.38; 3090.89
775; 0.108420955073193; 27955.3053931214; 26923.11; 3139.57
776; 0.106506216475748; 27712.0908742394; 26692.28; 3156.47
777; 0.107442315095055; 27393.6565550695; 26378.67; 3113.38
778; 0.111235608418828; 27208.450251409; 26156.79; 3114.98
779; 0.113066832149095; 26894.3832460515; 25833.84; 3089.73
780; 0.114811759702892; 26708.8401551212; 25644.18; 3053.81
781; 0.114790263360442; 26428.7212470446; 25391.25; 2975.72
782; 0.118971600083417; 26279.5307068073; 25220.98; 2928.73
783; 0.123320184848081; 26010.6812985931; 24943.53; 2847.78
784; 0.119844070747685; 25808.6584359848; 24783.44; 2814.52
785; 0.114277165333987; 25488.3179312685; 24512.17; 2809.55
786; 0.111702129328478; 25295.0072483026; 24354.29; 2769.2
787; 0.107606550703042; 25001.1929855015; 24111.29; 2718.46
788; 0.10780489004287; 24817.7833465502; 23935.54; 2689.25
789; 0.113038964789732; 24552.7174613031; 23629; 2684.53
790; 0.114660809113229; 24372.3913116418; 23429.19; 2701.61
791; 0.116663362766836; 24150.3488917035; 23215.9; 2629.93
792; 0.122350086007429; 24005.2487496623; 23023.05; 2635.25
793; 0.117881478505494; 23722.7586203758; 22777.42; 2632
794; 0.123772183273953; 23582.4239068025; 22595.01; 2617.89
795; 0.125161466444252; 23341.9699000893; 22336.97; 2634.77
796; 0.125933580566817; 23137.5050787396; 22112.83; 2669.71
797; 0.120755844167868; 22964.6052171299; 21984.92; 2661.85
798; 0.122361815177114; 22758.8765664703; 21770.62; 2649.81
799; 0.118054058768752; 22572.3277348683; 21624.52; 2633.75
800; 0.113243861527006; 22333.3576282047; 21451.6; 2553.96
801; 0.114340076660308; 22178.5732514841; 21296.11; 2530.61
802; 0.1080517112715; 21929.63370887; 21094.24; 2534.16
803; 0.109389509446164; 21798.1662317664; 20965.53; 2493.87
804; 0.106913092839424; 21569.7304784225; 20777.34; 2427.37
805; 0.10678319163593; 21416.4227302576; 20626.73; 2421.43
806; 0.111957182443109; 21231.5975817097; 20408.68; 2406.08
807; 0.116147049812113; 21114.507981923; 20262.29; 2401.48
808; 0.120435036530379; 20937.0323809136; 20069.98; 2355.84
809; 0.128785481081996; 20851.170487644; 19935.88; 2325.21
810; 0.131224900264722; 20687.6476823486; 19758.37; 2316.34
811; 0.130829524239044; 20548.9751826746; 19629.76; 2297.52
812; 0.129606676579031; 20348.1604176828; 19440.29; 2289.84
813; 0.134697877463343; 20265.5954352754; 19329.39; 2271.4
814; 0.127878606541799; 20074.6612753151; 19206.63; 2217.59
815; 0.128816994873417; 19974.4074474137; 19107.39; 2198.44
816; 0.122327377663505; 19767.0884075004; 18944.37; 2196.29
817; 0.116180173870454; 19563.1018360075; 18785.86; 2184.32
818; 0.117494274391475; 19464.4953810049; 18686.34; 2162.08
819; 0.123850145457779; 19280.426929759; 18460.03; 2162.05
820; 0.125179712090121; 19145.1975407973; 18313.57; 2167.88
821; 0.124842889240414; 18972.352408766; 18130.17; 2200.68
822; 0.123749312736419; 18834.625662527; 17998; 2204.84
823; 0.118525489314299; 18634.4886176585; 17836.87; 2194.12
824; 0.121051885847487; 18539.5923518868; 17730.5; 2178.67
825; 0.120117070439098; 18401.068017027; 17610.23; 2146.02
826; 0.122076214389858; 18313.2997616377; 17535.63; 2076.42
827; 0.118423367697966; 18175.381086689; 17428.2; 2056.75
828; 0.12111759169427; 18092.3088212274; 17337.68; 2031.24
829; 0.130026969554977; 17983.2199532244; 17185.3; 2000.41
830; 0.134075554379057; 17862.6297716337; 17061.23; 1948.34
831; 0.139686240787585; 17790.5992470743; 16971.77; 1909.83
832; 0.134231590430935; 17630.8730319996; 16860.01; 1870.11
833; 0.13527125822084; 17549.6379795194; 16770.25; 1875.35
834; 0.133987612288861; 17398.6106679987; 16645.37; 1828.97
835; 0.13070441472184; 17285.1240575021; 16549.23; 1831.26
836; 0.119127078610389; 17106.1067424042; 16453.14; 1782.35
837; 0.115449419268632; 17005.1085710814; 16379.07; 1763.51
838; 0.109802711466929; 16827.39930571; 16235.15; 1754.35
839; 0.113238065009028; 16692.9810326341; 16074.2; 1778.6
840; 0.112619539919635; 16596.6093735217; 15981.44; 1777.93
841; 0.111030002789204; 16471.8599601052; 15866.44; 1776.81
842; 0.109856026746403; 16379.9963819211; 15776.56; 1789.51
843; 0.114807810889765; 16269.2196555204; 15646.69; 1766.05
844; 0.114705222579493; 16170.2295547882; 15542.12; 1783.07
845; 0.12071929364832; 16050.2536321131; 15390.02; 1780.43
846; 0.122774795386574; 15995.6972309061; 15331.09; 1761.82
847; 0.122748523232028; 15887.309075042; 15227.78; 1748.28
848; 0.120416720079412; 15725.8707492844; 15098.25; 1695.53
849; 0.116904989768711; 15619.2666642699; 15011.88; 1689.72
850; 0.118403052906059; 15462.371358851; 14856.35; 1664.16
851; 0.123763489276903; 15373.1764831687; 14747.7; 1642.82
852; 0.120197834151581; 15213.8080695033; 14619.18; 1607.71
853; 0.121635559618812; 15112.7584204888; 14518.29; 1587.92
854; 0.12670840796712; 14939.3756185228; 14338.6; 1540.12
855; 0.132643989009276; 14782.1779962279; 14151.45; 1544.2
856; 0.137122193273793; 14685.4137268696; 14045.55; 1515.11
857; 0.142408154216497; 14556.076065566; 13919.7; 1450.59
858; 0.140054454277119; 14458.0008457871; 13825.47; 1465.77
859; 0.142738983880313; 14301.5040624499; 13648.99; 1483.35
860; 0.142089381889448; 14191.5769255011; 13531.11; 1507.95
861; 0.137538299823426; 14033.1633212304; 13401.13; 1490.49
862; 0.132958206910131; 13887.7565980073; 13274.97; 1494.59
863; 0.135383531306489; 13786.0208441286; 13154.46; 1512.49
864; 0.137423980591254; 13611.591335589; 12956.07; 1546.21
865; 0.141505195854281; 13494.1733355094; 12824.65; 1533.39
866; 0.151025210358881; 13342.7779325821; 12635.79; 1516.83
867; 0.153861543284275; 13152.9420248225; 12433.88; 1513.95
868; 0.155875675129874; 13007.1242466228; 12293.84; 1482.09
869; 0.154479473453212; 12752.6949638711; 12058.37; 1455.45
870; 0.156613902390533; 12585.4815242866; 11894.82; 1427.76
871; 0.159414598104484; 12320.8375555111; 11642.25; 1377.84
872; 0.160913315368835; 12153.4411827023; 11469.19; 1376.13
873; 0.157574244533693; 11884.6403453675; 11235.69; 1332.53
874; 0.151695838324327; 11614.5306793846; 11012.1; 1284.65
875; 0.146079024289882; 11430.7696196563; 10866.29; 1249.76
876; 0.150553703123017; 11209.5710820298; 10645.77; 1210.92
877; 0.154347949431905; 11075.8667055816; 10509.02; 1187.3
878; 0.155241774911201; 10896.7357411172; 10330.64; 1178.63
879; 0.149279164962573; 10718.9005687592; 10193.75; 1136.83
880; 0.144874137342785; 10618.3156366694; 10109.79; 1134.09
881; 0.147309586177143; 10493.0480400486; 9979.85; 1125.33
882; 0.155558662255372; 10430.5889878039; 9891.73; 1118.72
883; 0.150025136034466; 10319.7891851562; 9795.02; 1129.43
884; 0.154132359042156; 10224.7619626807; 9695.26; 1109.03
885; 0.149659297762644; 10159.0407117119; 9644.88; 1108.83
886; 0.150746400180601; 10102.076607445; 9598.29; 1078.41
887; 0.154255492917238; 10054.6859577048; 9533.9; 1089.26
888; 0.148627090510113; 9964.48234903916; 9478.5; 1054.82
889; 0.146645094216227; 9923.30334305946; 9465.16; 1007.67
890; 0.153643287051625; 9914.30970794354; 9433.9; 1008.35
891; 0.15056826184151; 9886.30429472846; 9408.11; 1024.03
892; 0.147701760928611; 9901.00760930173; 9432.88; 1021.76
893; 0.147857940517484; 9932.55949463358; 9463.6; 1022.36
894; 0.141660587650189; 10011.3399485404; 9551.22; 1046.8
895; 0.144898421669933; 10086.3196548327; 9605.56; 1069.14
896; 0.144743554779131; 10219.4484420536; 9731.54; 1086.02
897; 0.144836492945668; 10321.6313335429; 9819.83; 1116.08
898; 0.137622228076623; 10490.6502927346; 10007.83; 1129.97
899; 0.132098406846543; 10668.8148477013; 10203.23; 1135.01
900; 0.127814259114247; 10770.8750713156; 10302.21; 1180.62
901; 0.135173985518392; 10922.9515032963; 10410.07; 1221.5
902; 0.137475344709508; 11036.03102384; 10506.52; 1239.79
903; 0.13422741971687; 11079.3048621772; 10552.68; 1262.66
904; 0.139093009751989; 11107.5624249299; 10574.7; 1232.72
905; 0.141750254424943; 11092.0427636524; 10548.03; 1234.76
906; 0.144378088310989; 11025.3178517832; 10477.21; 1221.21
907; 0.154039767597633; 10920.9437363827; 10347.55; 1197.22
908; 0.151586689477586; 10804.7580788507; 10275.37; 1123.04
909; 0.140689336130961; 10577.2116488336; 10095.42; 1101.09
910; 0.134322890763391; 10296.7048635676; 9857.05; 1052.24
911; 0.128944380412613; 10075.1786214648; 9654.96; 1047.5
912; 0.128063271293371; 9744.27988147273; 9338.38; 1018.6
913; 0.127694984678757; 9487.19603991049; 9092.46; 993.31
914; 0.123607103712351; 9097.62468575339; 8733.46; 946.53
915; 0.133919122518199; 8738.84395799239; 8353.23; 924.95
916; 0.138302069372138; 8504.35343873794; 8121.34; 889.45
917; 0.150110790401142; 8159.39886689718; 7752.42; 870.64
918; 0.151432502933022; 7847.10948365015; 7459.75; 821.3
919; 0.155147235494048; 7651.31082298358; 7264.7; 799.98
920; 0.15677695768179; 7362.05382644449; 6995.79; 749.9
921; 0.17116124395673; 7108.95970547526; 6721.88; 725.82
922; 0.175642834658305; 6932.1502864523; 6539.28; 717.81
923; 0.173454308820151; 6662.59660058132; 6288.76; 691.56
924; 0.175100927390373; 6510.86651411574; 6145.76; 668.97
925; 0.177353548287372; 6252.73990847968; 5898.34; 641.02
926; 0.175924924558699; 5988.69858975666; 5662.37; 594.98
927; 0.171084951062503; 5831.92382234761; 5522.49; 580.06
928; 0.148687442607044; 5574.26890339401; 5315.76; 557.52
929; 0.136318468261186; 5310.94681846117; 5094.54; 509
930; 0.130372981631359; 5123.56203866699; 4918.46; 504.36
931; 0.137570899336125; 4825.31086114312; 4620.77; 476.6
932; 0.136246005397873; 4494.21056958235; 4308.68; 436.45
933; 0.139322195745964; 4244.38403733888; 4066.76; 408.57
934; 0.144939111038289; 3843.79576029258; 3675.65; 371.73
935; 0.14884832881193; 3409.19969056151; 3254.36; 333.29
936; 0.157257641015107; 3120.020649455; 2974.81; 295.81
937; 0.14771920671848; 2679.5141511086; 2559.82; 259.54
938; 0.133232731781859; 2270.97599156985; 2188.07; 199.29
939; 0.15753350465567; 2050.60261695313; 1968.44; 167.02
940; 0.147296694415896; 1766.36329064223; 1694.3; 156.65
941; 0.135838574488899; 1550.09790767562; 1492.72; 135.23
942; 0.143671354462354; 1445.73514369193; 1387.37; 130.04
943; 0.142632145106562; 1345.65033000929; 1286.69; 132.31
944; 0.142047013468408; 1302.17124679968; 1244.67; 129.55
945; 0.127261601623095; 1299.75889761893; 1249.62; 126.07
946; 0.0861687934957021; 1312.06730559365; 1278.41; 124.97
947; 0.113123686770864; 1358.5139815153; 1312.83; 129.19
948; 0.116107896549789; 1398.24566502092; 1348.84; 136.11
949; 0.146779560819615; 1480.64387101805; 1415.09; 142.84
950; 0.1674674689374; 1569.1329949765; 1490.69; 149.79
951; 0.168352687951638; 1631.12918272839; 1540.43; 172.26
952; 0.172846548456723; 1719.39828051951; 1616.44; 190.44
953; 0.181110540608885; 1812.55242899429; 1698.68; 200.99
954; 0.161559231132916; 1866.04536071277; 1761.94; 205.96
955; 0.138426414026542; 1948.550137485; 1851.17; 224.82
956; 0.109896481321814; 2016.48709942436; 1937.02; 231.07
957; 0.107872777299691; 2074.9050083601; 1996.3; 232.82
958; 0.0837901503974448; 2147.79794753454; 2090.68; 217.78
959; 0.0925884388087019; 2222.25662972544; 2161.75; 208.75
960; 0.099618993113061; 2267.43335715591; 2195.68; 230.05
961; 0.130142441046444; 2334.94160321533; 2242.09; 227.85
962; 0.152637538244558; 2395.10012952164; 2286.61; 226.96
963; 0.161661216477709; 2423.79187486398; 2305.87; 232.89
964; 0.169037110267907; 2457.90388097102; 2338.55; 225.41
965; 0.19761630896777; 2490.53899744186; 2344.92; 235.21
966; 0.174769763434587; 2506.58824250254; 2370.41; 248.69
967; 0.175887713175863; 2508.97556618786; 2385.29; 224.41
968; 0.168992216779497; 2517.06638524291; 2395.91; 228.76
969; 0.169994921656225; 2513.48670411666; 2396.97; 218.68
970; 0.175643840337758; 2517.46584308752; 2398.3; 216.43
971; 0.175162575145192; 2512.15791889363; 2389.14; 224.01
972; 0.18722521966028; 2509.50783166357; 2381.04; 218.84
973; 0.20944129090694; 2501.68138747439; 2367.5; 204.3
974; 0.191478413022451; 2481.5171972576; 2349.98; 219.04
975; 0.183754184352491; 2463.73332437976; 2340.69; 213.48
976; 0.18671136291476; 2455.10855352818; 2329.67; 214.16
977; 0.163799244969996; 2423.78362753486; 2314.39; 212.87
978; 0.146660701527727; 2392.19408673961; 2293; 215.55
979; 0.102541471568731; 2343.34509372717; 2270.94; 225.01
980; 0.0957052258294862; 2320.36613003515; 2253.53; 222.51
981; 0.0988085553796461; 2279.57398265383; 2211.65; 219
982; 0.112877217601283; 2246.10472900589; 2166.45; 224.79
983; 0.118676432459448; 2221.52499918417; 2136.66; 227.76
984; 0.127111155160493; 2194.80609777367; 2107.27; 219.31
985; 0.123834698314028; 2151.18165466233; 2067.62; 214.87
986; 0.123848668232216; 2118.33131971381; 2036.48; 210.42
987; 0.130608214021835; 2096.37977194304; 2005.72; 220.98
988; 0.122333729931888; 2066.29595601449; 1984.27; 213.43
989; 0.10788870762582; 2025.03203703004; 1952.57; 213.76
990; 0.0892542730318345; 1988.81894927341; 1930.05; 209.54
991; 0.106814066991304; 1954.19952017673; 1880.21; 220.41
992; 0.131575661518122; 1932.75049282814; 1848.35; 204.08
993; 0.145247331249547; 1894.37078700357; 1804.62; 196.57
994; 0.142977830508573; 1869.30840947471; 1785.01; 187.54
995; 0.174374638958601; 1847.05101823805; 1738.71; 197.61
996; 0.196365759836386; 1812.37981937164; 1698.8; 183.94
997; 0.220283625679817; 1781.03346782398; 1659.01; 176.14
998; 0.24894626170714; 1759.95392627277; 1637.37; 156.56
999; 0.24093532512654; 1721.52397784223; 1600.11; 160.2
1000; 0.237140890690436; 1675.97967068644; 1558.01; 158.13
1001; 0.249378309012609; 1661.29578804008; 1537.83; 157.36
1002; 0.221077176403312; 1609.2026191003; 1513.64; 137.37
1003; 0.196182155797774; 1567.9081910961; 1482.74; 137.95
1004; 0.160081599552577; 1521.91947282675; 1458.8; 125.28
1005; 0.137932583470169; 1494.3796970736; 1439.4; 126.63
1006; 0.124483164223993; 1453.85879623728; 1403.8; 127.74
1007; 0.152075506418518; 1432.98153372115; 1377.82; 115.21
1008; 0.139013757079939; 1388.96425873687; 1336.17; 120.61
1009; 0.17064939743141; 1373.97180715804; 1307.77; 123.19
1010; 0.182983435854996; 1338.61256624137; 1274.54; 111.18
1011; 0.184281140927204; 1310.4795977356; 1243.99; 114.55
1012; 0.189107751713858; 1279.52893716561; 1208.87; 118.61
1013; 0.183904167611298; 1257.55044167213; 1190.37; 115.95
1014; 0.158028076911185; 1219.48399404802; 1163.01; 113.42
1015; 0.137637944405725; 1188.64604788525; 1137.11; 118.82
1016; 0.112988183390688; 1153.09727432764; 1113.5; 111.2
1017; 0.105227744059425; 1132.02973584492; 1094.83; 112.16
1018; 0.117874574440019; 1104.38494152172; 1066.64; 101.58
1019; 0.0860874308975056; 1069.34628678647; 1043.81; 94.09
1020; 0.105371965430623; 1047.32325187744; 1015.07; 97.08
1021; 0.120431570313587; 1030.53933866552; 986.98; 114.7
1022; 0.0961523048504893; 994.399385048391; 965.88; 94.05
1023; 0.105922457946578; 965.36875500794; 931.74; 100.66
1024; 0.111620589568006; 942.380491854937; 909.96; 92.08
1025; 0.104496177868294; 923.16357916247; 889.66; 101.63
1026; 0.115750655149727; 898.825823930944; 858.31; 110.94
1027; 0.113724209314759; 861.843396887534; 822.79; 108.83
1028; 0.0934714083519475; 839.785030151105; 812.16; 93.65
1029; 0.121782458868151; 828.747591664851; 790.63; 99.17
1030; 0.146171477170094; 817.039159373531; 774.07; 93.13
1031; 0.139208854022568; 800.348410077437; 765.45; 79.41
1032; 0.163283917460828; 782.043897156965; 747.55; 66.91
1033; 0.194804643243225; 770.194141735483; 731.51; 62.89
1034; 0.164041750215926; 761.031914785744; 729.22; 61.41
1035; 0.177350378176435; 740.560240888135; 712.65; 49.83
1036; 0.171413278989133; 718.064528950946; 692.97; 46.35
1037; 0.116518386298119; 694.611435001116; 674.92; 53.5
1038; 0.101924417711837; 681.272620167108; 662.79; 57.4
1039; 0.0841583683855922; 615.361878876544; 596.18; 72.14
1040; -0.253263579694277; 623.049056307258; 690.97; 84.87
1041; 0.736851778311727; 607.674095200585; 731.93; -53.36
