# 06/03/2019 17:32:59
# NanoCalc data
# Original file name: C:\SVA_DATA\StudentProjects\2018_Nathan\PS-b-PI\PSbPI_371.dat
# Fit Result : Fitness; Thickness 1; Thickness 2; Thickness 3 
# Fit Result : 0.161004280709365; 2; 137; -1
# comment:PSbPI id:370 slowslow script start 16:33
#
# WaveLength; Reflectance; Raw Intensity; Dark Intensity; Reference Intensity
400; 0.491950474489365; 4369.04617667062; 3706.58; 652.97
401; 0.482693521007448; 4514.48282096286; 3827.82; 686.82
402; 0.470830766410718; 4598.91594300328; 3922.88; 690.19
403; 0.476568021424487; 4711.92085674038; 4026.52; 688.46
404; 0.485703082644956; 4823.39951438442; 4116.57; 693.7
405; 0.479946830860167; 4995.81812482975; 4267.86; 720.2
406; 0.49756444748077; 5120.64510472561; 4392.4; 692.25
407; 0.498177120186075; 5243.94798654384; 4498.1; 705.33
408; 0.498304816479681; 5362.48536360356; 4602.23; 715.92
409; 0.502965921246455; 5471.98752473629; 4697.66; 719.74
410; 0.515948274467168; 5658.86525178681; 4851.48; 728.85
411; 0.519351094667137; 5759.22874301887; 4933.69; 737.74
412; 0.510429147299059; 5849.62369318205; 5006.35; 764.04
413; 0.50107479073; 5930.57361886659; 5074.69; 787.31
414; 0.486258159758904; 6054.73852061328; 5187.46; 819.34
415; 0.486318082369469; 6146.19520426285; 5262.83; 831.69
416; 0.477590553928174; 6214.65292911146; 5333.87; 841.6
417; 0.467805123844685; 6290.46084075071; 5432.16; 834.5
418; 0.457402697999488; 6409.91186948649; 5554.94; 847.33
419; 0.457051358137531; 6503.53223460657; 5639.25; 854.66
420; 0.443811829559569; 6612.13848203609; 5731.78; 893.85
421; 0.453662989246473; 6741.88403414895; 5844.55; 888.7
422; 0.454781212279773; 6919.75276755544; 5986.26; 919.54
423; 0.450857568569841; 7042.34696748211; 6097.41; 936.13
424; 0.450836630564936; 7195.73984500871; 6222.48; 961.37
425; 0.448751726999353; 7349.75758168056; 6336.9; 1002.4
426; 0.448161471340081; 7572.49068860874; 6501.39; 1058.55
427; 0.44590412426899; 7731.88595859408; 6648.16; 1073.5
428; 0.436721805499078; 7871.08345838081; 6783.3; 1097.16
429; 0.448093029333551; 8022.73963317524; 6907.86; 1093.25
430; 0.451123401996574; 8251.82384981607; 7111.68; 1107.74
431; 0.454972535847876; 8409.80442270778; 7247.41; 1117.05
432; 0.449327331315248; 8522.09802793895; 7363.78; 1124.31
433; 0.441047818221816; 8620.03898181045; 7451.35; 1152.9
434; 0.444694331472698; 8800.20731331761; 7622.06; 1149.92
435; 0.446547609038826; 8921.66821624931; 7725.43; 1160.22
436; 0.456232447128297; 9033.37401909388; 7810.18; 1158.66
437; 0.452610051280595; 9144.04049053983; 7906.48; 1178.93
438; 0.454375827140648; 9345.11685787259; 8054.32; 1222.03
439; 0.448894004129641; 9423.99959551705; 8136.76; 1230.73
440; 0.449243172966165; 9532.01933444664; 8228.69; 1242.29
441; 0.450945196474266; 9634.56719616262; 8339.09; 1227.41
442; 0.456056663769191; 9839.81376322515; 8479.44; 1271.58
443; 0.451034506125386; 9944.4425749491; 8574.86; 1291.6
444; 0.441410965062103; 10072.8387396485; 8692.65; 1327.07
445; 0.437467883434949; 10202.7270055268; 8808.71; 1349.4
446; 0.425765974575477; 10396.965332914; 8995.09; 1391.12
447; 0.430885278247928; 10594.8543599607; 9152.97; 1410.79
448; 0.425793396183536; 10781.1001067608; 9325.63; 1437.98
449; 0.429594328251764; 11081.8886858485; 9579.28; 1468.31
450; 0.428598412408974; 11272.6459930416; 9774.98; 1463.74
451; 0.428598963850843; 11472.4662162554; 9949.44; 1485.53
452; 0.434685704452196; 11686.6926676752; 10146.84; 1477.89
453; 0.432406263221022; 12039.9017246693; 10453.15; 1527.91
454; 0.437424466002924; 12288.6607197056; 10674.94; 1533.01
455; 0.433881400521584; 12509.5805117507; 10869.94; 1567.29
456; 0.424297328458477; 12745.5793380723; 11067.31; 1637.27
457; 0.423248934033226; 13135.0910606302; 11406.59; 1687.26
458; 0.417784116783871; 13410.7320818332; 11668.57; 1719.54
459; 0.415625965101819; 13669.0302849645; 11888.18; 1763.56
460; 0.411304410478317; 13931.1814539485; 12120.23; 1808.82
461; 0.410146385181898; 14292.3266373953; 12477.98; 1813.95
462; 0.410874493604577; 14519.8274039666; 12696.02; 1816.78
463; 0.407720590691816; 14733.0974288934; 12920.83; 1815.95
464; 0.407963151613688; 15132.1998562366; 13251.1; 1880.37
465; 0.408236974804363; 15407.9938628573; 13499.29; 1903.39
466; 0.402686997540365; 15655.4965211447; 13714.15; 1959.18
467; 0.408088953442765; 15955.7727993439; 13941.45; 2002.55
468; 0.405198438003579; 16471.313805275; 14419.99; 2050.42
469; 0.402535010412273; 16814.1271081648; 14715.46; 2108.14
470; 0.405018970609307; 17180.8901583154; 15030.91; 2142.93
471; 0.403057375868437; 17646.0627062128; 15439.32; 2206.59
472; 0.410876340847837; 18357.3203172689; 16033.97; 2275.28
473; 0.401185968458323; 18799.2337772953; 16472.79; 2329.59
474; 0.398599042391651; 19308.7452837604; 16951.53; 2371.89
475; 0.399140464325905; 20217.7367433504; 17780.12; 2445.55
476; 0.400346578497568; 20840.756175818; 18330.84; 2506.42
477; 0.397356866112019; 21485.8591028729; 18892.02; 2605.57
478; 0.3934210409167; 22229.7143390873; 19567.89; 2696.25
479; 0.387351403066511; 23306.258782729; 20540.83; 2840.66
480; 0.380536191635036; 24070.3922769687; 21247.71; 2946.79
481; 0.377325577237082; 24820.1162275042; 21945.87; 3021.61
482; 0.383243891525003; 26030.7249190112; 23001.33; 3130.81
483; 0.379599853724857; 26783.0098616533; 23698.95; 3213.18
484; 0.378886103771236; 27538.8749866713; 24387.59; 3284.49
485; 0.380303618005278; 28326.4932719934; 25047.89; 3399.35
486; 0.378692692006287; 29366.7105614237; 25989.21; 3511.42
487; 0.379139323715287; 30022.2651460629; 26548.62; 3601.68
488; 0.374844064261129; 30640.2729012405; 27137.19; 3668.26
489; 0.37128441794593; 31231.9556236938; 27674.23; 3755.82
490; 0.3638875940511; 32078.8862355436; 28469.58; 3882.15
491; 0.361820816932077; 32581.6506727091; 28962.28; 3910.11
492; 0.357405458658061; 33064.4724887826; 29398.31; 4004.35
493; 0.351247990952703; 33699.8692034379; 30045.96; 4055.79
494; 0.351254010921826; 34139.5084906787; 30450.65; 4089.41
495; 0.347099240208118; 34516.2515699239; 30849.74; 4108.15
496; 0.347555389835498; 35113.6760726338; 31406.65; 4142.99
497; 0.348111984956184; 35485.2916474231; 31767.86; 4142.86
498; 0.346509136417863; 35819.2422602951; 32067.12; 4195.67
499; 0.345568503306021; 36194.6146891364; 32404.94; 4243.83
500; 0.349252124358106; 36720.9629497272; 32863.49; 4268.88
501; 0.347406408143764; 37030.413482597; 33146.16; 4315.77
502; 0.34833935417164; 37398.4975900145; 33476.28; 4340.55
503; 0.347482950645025; 37925.2842406501; 33974.55; 4377.29
504; 0.34839496647154; 38315.3298725312; 34328.61; 4399.96
505; 0.346665674088049; 38716.1621670832; 34741.28; 4403.53
506; 0.349693337086131; 39150.3152663983; 35107.34; 4434.89
507; 0.351515017027275; 39767.1863042134; 35715.47; 4416.36
508; 0.34589633654869; 40132.6954374912; 36120.4; 4439.31
509; 0.344766682204082; 40561.2587021091; 36537.16; 4462.01
510; 0.340640595214633; 41233.122670962; 37164.54; 4560.8
511; 0.340161813680022; 41680.4028344207; 37577.28; 4600.76
512; 0.33217454969361; 42048.561437318; 38001.86; 4641.31
513; 0.328131909559187; 42664.0019014883; 38544.65; 4777.5
514; 0.32296692287376; 43041.4711414352; 38978.11; 4782.45
515; 0.318589967786378; 43483.2092965039; 39357.58; 4916.92
516; 0.317559270808757; 43901.1303665642; 39710.45; 5004.9
517; 0.317983756377517; 44582.3219317735; 40331.64; 5063.94
518; 0.31821937807868; 45047.1428601848; 40749.91; 5109.82
519; 0.319256956657108; 45496.2184439798; 41153.15; 5141.7
520; 0.31973554267164; 46173.015262843; 41744.27; 5229.46
521; 0.318788499754291; 46608.7737015539; 42147.85; 5277.47
522; 0.317094294754682; 47068.743077858; 42528.95; 5393.7
523; 0.315692791450785; 47676.9748036155; 43144.91; 5402.76
524; 0.313119388360284; 48111.3606635346; 43568.3; 5454.65
525; 0.311120647676423; 48480.2361325041; 43928.06; 5495.06
526; 0.305436299134479; 48971.1534928122; 44426.05; 5582.88
527; 0.300808445719828; 49308.273341786; 44754.61; 5673.87
528; 0.29364616601397; 49605.5790383576; 45083.01; 5766.75
529; 0.291494511722385; 49904.6329931791; 45349.17; 5845.8
530; 0.289236680739919; 50248.7975180337; 45699.78; 5877.43
531; 0.287969846662741; 50480.1814413014; 45874.99; 5970.71
532; 0.287936409246232; 50718.3789884736; 46081.55; 6006.91
533; 0.285319213344769; 50986.4004302156; 46374.85; 6023.42
534; 0.285405755274453; 51171.1484249734; 46512.86; 6077.02
535; 0.283046173903318; 51317.056617439; 46705.25; 6060.18
536; 0.283693162420222; 51564.1170852757; 46893.06; 6117.76
537; 0.281731785880045; 51710.7774835012; 47060.97; 6125.72
538; 0.27935278334593; 51878.9640719717; 47278.55; 6105.66
539; 0.279094913059333; 52144.2291979486; 47591.89; 6041.35
540; 0.27633447137332; 52267.256383428; 47751.12; 6047.07
541; 0.277114982448075; 52482.4762284927; 47934.66; 6067.28
542; 0.278503131594576; 52828.5919243318; 48265.44; 6052.34
543; 0.279689686704372; 53076.6920238915; 48472.17; 6076.53
544; 0.278632336849587; 53309.7603971467; 48742.04; 6046.08
545; 0.28202509217085; 53753.6249439604; 49147.92; 6018.12
546; 0.279964678412462; 53997.3882925631; 49400.39; 6046.02
547; 0.281431302626339; 54281.5124154987; 49589.44; 6133.58
548; 0.27775241252323; 54788.2752983128; 50065.48; 6250.24
549; 0.274140259495933; 55025.6905977722; 50321; 6302.83
550; 0.26909487420389; 55304.6006097382; 50631.34; 6372.71
551; 0.266462378580405; 55589.3713749594; 50941.36; 6395.47
552; 0.266990650506616; 56059.6425764828; 51381.82; 6418.3
553; 0.261158021989613; 56262.9424909188; 51642.05; 6476.44
554; 0.257956145128188; 56554.9023606459; 51958.5; 6516.52
555; 0.256417452347306; 57006.2736039023; 52472.31; 6461.05
556; 0.258023920960185; 57323.4610191715; 52774.37; 6436.57
557; 0.256754785694982; 57657.5964875848; 53127.07; 6436.47
558; 0.254878559871767; 58143.6394662998; 53628.3; 6456.57
559; 0.25444843851861; 58525.093119066; 53982.54; 6500.87
560; 0.250963427663741; 58886.2810555867; 54374.65; 6540.64
561; 0.249212525837572; 59623.2180835894; 55113.13; 6578.83
562; 0.250697645099493; 60183.5187646538; 55594.48; 6648.59
563; 0.249645901251272; 60733.7373023114; 56111.99; 6718.72
564; 0.243965204143793; 61506.3098539873; 56872.57; 6887.39
565; 0.243441214247247; 62040.1056691112; 57392.16; 6918.28
566; 0.243419811488642; 62582.6155873161; 57887.77; 6983.55
567; 0.23937871964389; 63247.748484683; 58581.27; 7053.7
568; 0.237336949890802; 63581.4613128832; 58892.28; 7144.09
569; 0.236500646258651; 63769.2035955833; 59048.64; 7212.18
570; 0.233602638936457; 63850.8893669403; 59201.32; 7186.7
571; 0.232991958989814; 63832.1655918598; 59179.33; 7205.05
572; 0.234295180220866; 63783.9890713907; 59136.17; 7151.54
573; 0.229672145398214; 63461.3825473614; 58913.77; 7132.5
574; 0.228880404702119; 63212.9535077301; 58730.17; 7049.31
575; 0.226402456187757; 62828.8699093825; 58409.27; 7020.39
576; 0.224405716785316; 62610.7803896172; 58286.82; 6924.21
577; 0.22105291702729; 62405.1086095938; 58156.17; 6901.91
578; 0.219084247192071; 62149.0489578076; 57942.19; 6889.6
579; 0.218520429922207; 62024.7341209987; 57832.37; 6878.4
580; 0.215857036494194; 61886.7868871791; 57747.7; 6869.6
581; 0.216555065165095; 61711.582254724; 57553.64; 6873.83
582; 0.21358015884374; 61566.8602539695; 57452.74; 6891.28
583; 0.213588310892618; 61459.5203259994; 57372.5; 6841
584; 0.217666134596544; 61415.3375451869; 57257.56; 6824.62
585; 0.22183486064996; 61406.2337852821; 57205.45; 6761.24
586; 0.222939586184689; 61371.4213126731; 57145.37; 6763.8
587; 0.219104574116942; 61243.3547964181; 57079.59; 6776.52
588; 0.219037557424279; 61144.7192148788; 56937.13; 6845.66
589; 0.217492307925044; 61095.2859946661; 56955.2; 6779.63
590; 0.219020510921002; 61106.118045549; 56919.06; 6804.44
591; 0.217745263488264; 61067.1673586716; 56871.59; 6853.91
592; 0.215239397960388; 61059.8499087173; 56866.08; 6926.36
593; 0.211116367520215; 61052.6707525062; 56885.37; 7012.64
594; 0.211116944133037; 61103.7786282146; 56949.44; 6986.4
595; 0.210052512114462; 61293.1666759824; 57139.71; 7015.88
596; 0.207510600037336; 61470.5495572996; 57370.84; 7005.49
597; 0.205360312070828; 61694.4070828588; 57620.87; 7029.2
598; 0.202786155373222; 62147.752506239; 58084.9; 7095.26
599; 0.200510217090813; 62541.7093490262; 58524.45; 7090.77
600; 0.197102183869619; 62972.5614434632; 59020.31; 7092.14
601; 0.194530675062022; 63767.627733415; 59811.73; 7187.95
602; 0.187341602905098; 64291.871951314; 60413.01; 7313.98
603; 0.183428503899922; 64842.5930153171; 60992.44; 7410
604; 0.183199769787127; 65734.9251666761; 61857.75; 7466.56
605; 0.180971335147045; 66284.5146939737; 62404.92; 7558.6
606; 0.178168314781132; 66807.2512320446; 62931.49; 7665.24
607; 0.178594873865148; 67495.7421887575; 63575.16; 7730.63
608; 0.178465355418845; 67859.6309486132; 63913.77; 7781.35
609; 0.180128731962068; 68316.6790514929; 64286.44; 7869.52
610; 0.183780775577277; 68512.2772127702; 64387.2; 7889.79
611; 0.18400353404967; 68610.4113597772; 64454.87; 7933.77
612; 0.181208126970625; 68558.609813146; 64486.18; 7890.17
613; 0.181661494290618; 68491.2918343803; 64382.6; 7935.66
614; 0.182984715210559; 68358.8808584446; 64258.5; 7857.7
615; 0.179805201473026; 67937.0634307259; 63951.06; 7769
616; 0.179915195038207; 67624.6773100513; 63649.54; 7738.29
617; 0.175795206167613; 66970.7195909714; 63191.8; 7524.48
618; 0.173595333319706; 66536.6011704595; 62865.79; 7397.46
619; 0.172074957245084; 66129.0746725142; 62524.5; 7324.23
620; 0.171898542451749; 65481.279686008; 61903.74; 7272.85
621; 0.171997994653134; 65050.155966984; 61522.57; 7163.5
622; 0.171217266262649; 64619.8038820394; 61120.28; 7135.28
623; 0.170175818724409; 64016.4969700711; 60595.35; 7014.78
624; 0.169559385426866; 63635.4266864963; 60252.71; 6957.84
625; 0.16865531810472; 63134.5417691855; 59771.23; 6951.65
626; 0.166627220931622; 62811.9290416267; 59483.48; 6959.96
627; 0.168829392955502; 62513.9866222629; 59165.07; 6908.27
628; 0.164308244313232; 62001.7523673127; 58794.21; 6795.41
629; 0.162428258034934; 61701.8356404046; 58562.43; 6724.97
630; 0.162129972339504; 61417.0311517216; 58288.09; 6711.82
631; 0.163660664077301; 61036.9283420363; 57859.83; 6748.49
632; 0.161280692303642; 60774.7251580029; 57682.5; 6662.28
633; 0.163991841148843; 60446.8781561628; 57342.16; 6575.79
634; 0.163640272129855; 60172.2965411484; 57084.01; 6552.04
635; 0.164497289134232; 59936.1684060812; 56861.14; 6486.39
636; 0.164780319733126; 59681.8286853222; 56610.25; 6464.46
637; 0.164955941560637; 59458.9780044143; 56396.33; 6434.92
638; 0.16384253890929; 59276.9156471028; 56258.02; 6382.24
639; 0.159224699234285; 58948.7429833884; 56020.93; 6365.53
640; 0.157228111203479; 58728.670012135; 55817.61; 6405.6
641; 0.151400694607408; 58330.4734756399; 55521.74; 6414.99
642; 0.152315936323642; 58139.1880345976; 55345.1; 6339.9
643; 0.147148056371833; 57911.895029847; 55211.6; 6339.15
644; 0.145083635552277; 57579.4438710683; 54932.43; 6299.39
645; 0.145193271369355; 57432.9252509397; 54787.8; 6287.41
646; 0.144687098433528; 57160.4469036785; 54543.39; 6239.56
647; 0.145764148101014; 57011.4733386926; 54402.96; 6170.73
648; 0.145421857992843; 56810.0664562134; 54223.42; 6130.91
649; 0.148777649526418; 56623.6899522355; 53981.55; 6118.52
650; 0.148089619470162; 56503.5596470092; 53857.78; 6152.73
651; 0.150991112398392; 56372.0647857409; 53690.78; 6112.63
652; 0.151677445109323; 56240.6737678433; 53508.46; 6197.48
653; 0.150239170996456; 56075.0615177867; 53373.85; 6182.75
654; 0.150993999812676; 55889.1082444846; 53197.75; 6126.54
655; 0.149986380182256; 55772.4311872751; 53072.59; 6184.61
656; 0.154032385098682; 55700.5978844835; 52943.74; 6146.82
657; 0.15002354604306; 55566.7437112414; 52900.86; 6100.67
658; 0.148717928312009; 55462.9656705392; 52840.08; 6052.84
659; 0.151112210311003; 55371.6081721188; 52741.87; 5970.05
660; 0.147460307172885; 55267.7050811994; 52729.32; 5902.95
661; 0.141100872798737; 55038.7024536609; 52604.84; 5911.68
662; 0.139569503288159; 54930.0986295627; 52521.21; 5912.09
663; 0.13629286301449; 54787.3226235345; 52451.09; 5868.51
664; 0.132446165566544; 54554.9843596902; 52287.7; 5857.45
665; 0.131783517369004; 54398.3967685782; 52132.9; 5880.01
666; 0.126423203544267; 54147.8111537882; 51959.38; 5918.55
667; 0.12464899954808; 53952.3922981363; 51781.68; 5952.26
668; 0.124352609620791; 53767.6133361716; 51634.69; 5860.85
669; 0.126637016311547; 53609.9373735723; 51450.2; 5825.24
670; 0.126406213371486; 53459.0297065973; 51293.57; 5849.09
671; 0.129424219242885; 53287.5531492061; 51072.93; 5839.11
672; 0.128972072884723; 53133.873314174; 50919.86; 5854.67
673; 0.127829911071662; 52979.973205537; 50787.07; 5847.19
674; 0.126278138907943; 52707.6864463734; 50579.53; 5741.04
675; 0.12430698720438; 52497.1446478189; 50427.07; 5670.38
676; 0.119474741273428; 52110.0484013663; 50091.77; 5749.54
677; 0.117267683651506; 51855.0310896226; 49872.31; 5752.67
678; 0.113900384203868; 51462.1103931186; 49530.92; 5766.75
679; 0.113406305093059; 51225.7439749915; 49327.37; 5691.42
680; 0.11295328671078; 50950.6246642478; 49070.42; 5657.7
681; 0.114279467743445; 50558.7646860597; 48667.39; 5623.25
682; 0.115981394286013; 50299.0331072929; 48374.21; 5636.53
683; 0.115372781334675; 49955.9122538206; 48043.66; 5627.07
684; 0.114504895561749; 49707.7120883615; 47814.76; 5610.48
685; 0.111673556571458; 49281.9064183939; 47448.75; 5568.84
686; 0.112192346642986; 48996.9294522224; 47154.8; 5568.22
687; 0.110000098803496; 48712.3487783824; 46914.24; 5541.32
688; 0.106277224684536; 48268.058769399; 46556.39; 5457.75
689; 0.104817806788067; 48025.2113546968; 46363.53; 5370.2
690; 0.100032251681584; 47613.9603550581; 46046.68; 5305.36
691; 0.0988994049020998; 47336.2163149343; 45810.71; 5221.06
692; 0.0975356882767216; 47081.8682921631; 45598.99; 5144.11
693; 0.0980274218672125; 46724.4348479648; 45273.63; 5005.64
694; 0.096821368902633; 46481.8442900989; 45056.87; 4975.81
695; 0.0919033532336464; 46048.2604617814; 44704.09; 4942.74
696; 0.0953140050587623; 45849.9472662517; 44432.28; 5024.34
697; 0.092241835712955; 45428.3862120129; 44035.44; 5098.84
698; 0.0919672484166697; 45144.4388191693; 43744.03; 5139.29
699; 0.0956888006334688; 44804.7452057953; 43359.07; 5097.07
700; 0.0959746854389072; 44575.1037616255; 43110.29; 5147.14
701; 0.0958491633492615; 44358.2731803788; 42902.64; 5120.03
702; 0.0964133058944021; 44024.2915239641; 42569.63; 5084.98
703; 0.0951178972254557; 43774.9584888432; 42344.57; 5066.69
704; 0.0895395013840681; 43389.0732118444; 42087.37; 4896.64
705; 0.0898939046148886; 43177.3135948661; 41885.5; 4838.37
706; 0.0906656614182949; 42902.6080334846; 41620.16; 4760.67
707; 0.0885858713612851; 42675.34478184; 41416.61; 4780.31
708; 0.0847875140144592; 42451.5984708911; 41271.22; 4681.56
709; 0.0839728115838342; 42140.5696403496; 40978.27; 4652.88
710; 0.0834786432556543; 41921.0760312911; 40764.97; 4653.78
711; 0.0825541386196347; 41607.1896187946; 40463.52; 4654.28
712; 0.0848934715628069; 41428.0052919734; 40255.7; 4638.36
713; 0.0821555600337881; 41088.9417119061; 39964.91; 4594.59
714; 0.0794751950533548; 40767.7419551099; 39680.95; 4591.35
715; 0.0744472279489153; 40297.2202319091; 39286.31; 4557.68
716; 0.077478999893618; 40016.7036966467; 38975.93; 4507.33
717; 0.0766449053004204; 39690.1377917244; 38672.49; 4453.37
718; 0.0733718084478738; 39182.2891932605; 38238.07; 4314.65
719; 0.0720606140606151; 38832.9276887797; 37915.28; 4267.7
720; 0.0708410107738071; 38270.4924219404; 37379.7; 4212.45
721; 0.0733774994443143; 37949.4352337939; 37030.83; 4192.27
722; 0.0739337578257468; 37486.6371689599; 36569.84; 4151.01
723; 0.0754338585402363; 37201.8236388119; 36281.38; 4083.14
724; 0.0731255526251733; 36736.2455970817; 35846.8; 4068.68
725; 0.0735836678808521; 36514.2417994565; 35618.41; 4070.88
726; 0.0735510648781813; 36252.1517852101; 35362.68; 4042.28
727; 0.0746828344458843; 36148.0222700141; 35264.68; 3952.13
728; 0.0733815838578095; 36018.2101425465; 35147.92; 3961.44
729; 0.075458885175259; 35926.8881339108; 35036.8; 3938.93
730; 0.0786389376350365; 35904.8805599413; 34982.23; 3916.83
731; 0.0759501450944727; 35878.3900462737; 34979.16; 3952.18
732; 0.077806601131075; 35897.0125510962; 34973.38; 3962.08
733; 0.079567725707282; 35939.630399559; 34983.99; 4008.15
734; 0.0792703298542156; 35895.3680015767; 34934.58; 4044.48
735; 0.0804171226585505; 35882.6468659435; 34904.98; 4055.84
736; 0.0820801716384159; 35846.7229709767; 34849.66; 4051.37
737; 0.0796657463778214; 35770.0877163725; 34798.35; 4066.75
738; 0.0819409430709697; 35719.1997404051; 34719.07; 4067.97
739; 0.0851361461972456; 35688.339689638; 34662.43; 4014.73
740; 0.0841438211793642; 35614.850235373; 34599.66; 4018.14
741; 0.0852417093603833; 35577.297857548; 34559.08; 3976.86
742; 0.0806002197868435; 35539.2691264379; 34577.6; 3971.06
743; 0.0811300504451827; 35565.059360533; 34597.75; 3966.91
744; 0.0816530879062146; 35741.6362260379; 34756.32; 4013.5
745; 0.0799465911583081; 35885.790528364; 34929.32; 3977.68
746; 0.0780726577711381; 36116.1179660691; 35180.48; 3982.95
747; 0.0759620152457962; 36285.5873425634; 35380.24; 3959.61
748; 0.0736121902171696; 36464.2756253247; 35579.02; 3993.96
749; 0.0731972526567577; 36524.3217301369; 35638.56; 4017.77
750; 0.0748122570904437; 36528.4361577924; 35621.81; 4022.63
751; 0.072888092394252; 36413.9502421899; 35526.21; 4042.69
752; 0.0715542849737609; 36143.8287319156; 35272.84; 4040.09
753; 0.0735936023830059; 35922.9108223738; 35021.98; 4063.05
754; 0.0708731967811498; 35402.4532987111; 34535.94; 4057.58
755; 0.0710659957429905; 35029.125332228; 34165.32; 4032.92
756; 0.0743159190139797; 34483.7115623102; 33598.04; 3953.07
757; 0.0704006577032982; 34077.9156109842; 33242.28; 3935.57
758; 0.0716176841941708; 33506.7020745576; 32670.12; 3871.5
759; 0.0757130013493717; 33159.4218313114; 32281.18; 3842.65
760; 0.0752424292532479; 32788.5816972319; 31924.78; 3801.32
761; 0.0730319099425953; 32192.4720416542; 31362.01; 3763.45
762; 0.0730680030312161; 31854.6052355126; 31037.12; 3701.07
763; 0.0734317331196158; 31365.7197081588; 30554.28; 3654.01
764; 0.0689528393429793; 31022.9956316818; 30276.78; 3577.22
765; 0.0727459047578646; 30616.8176890316; 29844.63; 3508.38
766; 0.0715142153669429; 30344.076292639; 29592.35; 3473.91
767; 0.0703922363677397; 29937.8083274616; 29220.25; 3368.97
768; 0.0698724643174982; 29678.1426152217; 28985.12; 3278.08
769; 0.0725437573308923; 29321.15702204; 28613.79; 3222.52
770; 0.0736749239326495; 29104.805983717; 28396.16; 3178.58
771; 0.07490488745906; 28772.8158684607; 28063.51; 3128.02
772; 0.0794761138338622; 28583.9199126775; 27824.41; 3155.48
773; 0.0789190215315951; 28252.6864841955; 27511.03; 3101.69
774; 0.0783972458301293; 27984.9145681558; 27250.38; 3090.89
775; 0.0758517005615435; 27645.2377088658; 26923.11; 3139.57
776; 0.0727010029255355; 27388.4015580168; 26692.28; 3156.47
777; 0.0699514599553914; 27039.4877727685; 26378.67; 3113.38
778; 0.0691383989657736; 26810.4485457832; 26156.79; 3114.98
779; 0.0662878311666632; 26455.6059971804; 25833.84; 3089.73
780; 0.0655416209112456; 26251.953563151; 25644.18; 3053.81
781; 0.0615384780176741; 25947.4330739054; 25391.25; 2975.72
782; 0.0645719424805827; 25795.5093440184; 25220.98; 2928.73
783; 0.065145040891459; 25507.2626530921; 24943.53; 2847.78
784; 0.0672411478578914; 25358.6613189239; 24783.44; 2814.52
785; 0.0661888599856228; 25077.5508314124; 24512.17; 2809.55
786; 0.0681234202632154; 24928.0022187395; 24354.29; 2769.2
787; 0.0591787351867204; 24600.6963862915; 24111.29; 2718.46
788; 0.0604543979405121; 24430.2809188164; 23935.54; 2689.25
789; 0.0633235762910863; 24146.4595613207; 23629; 2684.53
790; 0.0640288352959773; 23955.8920344713; 23429.19; 2701.61
791; 0.0584585035139766; 23684.1402643275; 23215.9; 2629.93
792; 0.0621741566601727; 23522.1700327331; 23023.05; 2635.25
793; 0.0577797750763436; 23240.7790751388; 22777.42; 2632
794; 0.0636327615356878; 23102.6513133112; 22595.01; 2617.89
795; 0.0732964772911024; 22925.5133787824; 22336.97; 2634.77
796; 0.0766353312051898; 22736.3834135016; 22112.83; 2669.71
797; 0.0754005129349849; 22596.6400239495; 21984.92; 2661.85
798; 0.0755337943709375; 22380.6695335857; 21770.62; 2649.81
799; 0.0782292577355102; 22252.5907020837; 21624.52; 2633.75
800; 0.0780015031984602; 22058.9478909077; 21451.6; 2553.96
801; 0.0764068429164153; 21885.809018971; 21296.11; 2530.61
802; 0.0639005831800063; 21588.2825704834; 21094.24; 2534.16
803; 0.0619345086952972; 21436.9546932585; 20965.53; 2493.87
804; 0.0570613071263881; 21200.2520611187; 20777.34; 2427.37
805; 0.0546428614685406; 21030.8298381964; 20626.73; 2421.43
806; 0.0579332883179212; 20834.506378288; 20408.68; 2406.08
807; 0.0598003490133134; 20701.0693993636; 20262.29; 2401.48
808; 0.0596599778213739; 20499.4922690665; 20069.98; 2355.84
809; 0.0661004085602719; 20405.6618005283; 19935.88; 2325.21
810; 0.0652272138832203; 20220.2807655725; 19758.37; 2316.34
811; 0.0659033559756035; 20092.8004777082; 19629.76; 2297.52
812; 0.067445933256465; 19912.7360900686; 19440.29; 2289.84
813; 0.0700259029089696; 19816.0987154457; 19329.39; 2271.4
814; 0.0655137816987363; 19651.3330900362; 19206.63; 2217.59
815; 0.0629597378145402; 19531.1476821555; 19107.39; 2198.44
816; 0.0589387757476121; 19340.7654484211; 18944.37; 2196.29
817; 0.057829648462629; 19172.7385925289; 18785.86; 2184.32
818; 0.0567122422931921; 19061.940740869; 18686.34; 2162.08
819; 0.0618777182886131; 18869.91478388; 18460.03; 2162.05
820; 0.0647408865906048; 18743.6740752165; 18313.57; 2167.88
821; 0.0646272832973395; 18566.1416556587; 18130.17; 2200.68
822; 0.0668183775432574; 18449.7355946871; 17998; 2204.84
823; 0.0685719572908795; 18298.3257602833; 17836.87; 2194.12
824; 0.0701749757381406; 18199.5388403788; 17730.5; 2178.67
825; 0.0672473538379375; 18052.9794257485; 17610.23; 2146.02
826; 0.0661881489202128; 17957.272514484; 17535.63; 2076.42
827; 0.059215245000643; 17801.8130120955; 17428.2; 2056.75
828; 0.0615198934833874; 17720.9825743989; 17337.68; 2031.24
829; 0.0714086443127855; 17623.5043381068; 17185.3; 2000.41
830; 0.0668605590898481; 17460.8706133397; 17061.23; 1948.34
831; 0.0650930245574505; 17353.3399526858; 16971.77; 1909.83
832; 0.0618675369700436; 17215.301902435; 16860.01; 1870.11
833; 0.0643989011211526; 17141.295040079; 16770.25; 1875.35
834; 0.0607896701086067; 16987.1124263171; 16645.37; 1828.97
835; 0.059710587736994; 16885.4134929534; 16549.23; 1831.26
836; 0.0442189287694661; 16695.5155388616; 16453.14; 1782.35
837; 0.038046906836588; 16585.3839974279; 16379.07; 1763.51
838; 0.0381880694433067; 16441.1272232584; 16235.15; 1754.35
839; 0.0414181828390655; 16300.5265973764; 16074.2; 1778.6
840; 0.0412681025878655; 16206.8615639091; 15981.44; 1777.93
841; 0.0438270173155712; 16105.4182077651; 15866.44; 1776.81
842; 0.0458971773308614; 16028.6720365373; 15776.56; 1789.51
843; 0.0527427474110088; 15932.6803356968; 15646.69; 1766.05
844; 0.0551477819023503; 15844.1014439071; 15542.12; 1783.07
845; 0.0642424655602562; 15741.3725890593; 15390.02; 1780.43
846; 0.0616222172691282; 15664.6647459613; 15331.09; 1761.82
847; 0.0588904815269243; 15544.1991616123; 15227.78; 1748.28
848; 0.0592912575299978; 15407.280369308; 15098.25; 1695.53
849; 0.058622557846663; 15316.456904133; 15011.88; 1689.72
850; 0.0597553920928742; 15162.1955253137; 14856.35; 1664.16
851; 0.060084993525801; 15051.357812666; 14747.7; 1642.82
852; 0.0595168135550299; 14913.6143231891; 14619.18; 1607.71
853; 0.0608398890528332; 14815.632264559; 14518.29; 1587.92
854; 0.0635113395954952; 14639.7328525144; 14338.6; 1540.12
855; 0.066523092875368; 14467.7702297032; 14151.45; 1544.2
856; 0.064594632563621; 14346.9728502414; 14045.55; 1515.11
857; 0.063202790917917; 14202.1328679662; 13919.7; 1450.59
858; 0.059885552496684; 14095.9323667035; 13825.47; 1465.77
859; 0.0643175368941476; 13943.0098686069; 13648.99; 1483.35
860; 0.0618392195622262; 13818.5541332388; 13531.11; 1507.95
861; 0.0567130883349648; 13661.7451277397; 13401.13; 1490.49
862; 0.0606161704184424; 13554.3418245618; 13274.97; 1494.59
863; 0.0640654960987492; 13453.3239637715; 13154.46; 1512.49
864; 0.0696898901055237; 13288.4953135623; 12956.07; 1546.21
865; 0.0797398130044967; 13201.9341361291; 12824.65; 1533.39
866; 0.0854603635302309; 13035.8519869118; 12635.79; 1516.83
867; 0.085607351769009; 12833.9604514809; 12433.88; 1513.95
868; 0.0875161032682787; 12694.3120924869; 12293.84; 1482.09
869; 0.0803745877190385; 12419.622414102; 12058.37; 1455.45
870; 0.0796130996204253; 12245.9108284497; 11894.82; 1427.76
871; 0.0776348628931327; 11972.72194209; 11642.25; 1377.84
872; 0.077509476256748; 11798.7833010749; 11469.19; 1376.13
873; 0.0647051347798586; 11502.1702213503; 11235.69; 1332.53
874; 0.0628019516387259; 11261.505803154; 11012.1; 1284.65
875; 0.0547017223977442; 11077.6687903755; 10866.29; 1249.76
876; 0.0574877136472293; 10861.0528823562; 10645.77; 1210.92
877; 0.0639772798769301; 10743.9781608553; 10509.02; 1187.3
878; 0.0681092646777421; 10579.0033331733; 10330.64; 1178.63
879; 0.0684169082391237; 10434.4344805404; 10193.75; 1136.83
880; 0.0615565247119187; 10325.8608011411; 10109.79; 1134.09
881; 0.0666965670021934; 10212.2079092968; 9979.85; 1125.33
882; 0.0652966244753097; 10117.9190945939; 9891.73; 1118.72
883; 0.0695059621298708; 10038.1431730529; 9795.02; 1129.43
884; 0.0732476002842871; 9946.89274184091; 9695.26; 1109.03
885; 0.0709010112650951; 9888.46335872305; 9644.88; 1108.83
886; 0.0627422348203105; 9807.97127653975; 9598.29; 1078.41
887; 0.0722718525274301; 9777.89886980877; 9533.9; 1089.26
888; 0.0716514069360457; 9712.78648798296; 9478.5; 1054.82
889; 0.0697969948567756; 9683.21726765082; 9465.16; 1007.67
890; 0.0753510235135596; 9669.50653962859; 9433.9; 1008.35
891; 0.075633249812006; 9648.31592460544; 9408.11; 1024.03
892; 0.0726584316932695; 9663.16444420932; 9432.88; 1021.76
893; 0.06807928644174; 9679.5263658955; 9463.6; 1022.36
894; 0.0621863517609114; 9753.20406237594; 9551.22; 1046.8
895; 0.0677359713007079; 9830.30173153152; 9605.56; 1069.14
896; 0.068140656367563; 9961.2317575331; 9731.54; 1086.02
897; 0.064734148842499; 10044.108298613; 9819.83; 1116.08
898; 0.0581678952496173; 10211.9005241056; 10007.83; 1129.97
899; 0.0523519468823558; 10387.7460270888; 10203.23; 1135.01
900; 0.0557338973707323; 10506.573199904; 10302.21; 1180.62
901; 0.0642421438224502; 10653.819617741; 10410.07; 1221.5
902; 0.0635341340145453; 10751.2331478151; 10506.52; 1239.79
903; 0.0610099825871795; 10792.0452037652; 10552.68; 1262.66
904; 0.0666582934172985; 10830.0665344891; 10574.7; 1232.72
905; 0.0627536009891264; 10788.8673800931; 10548.03; 1234.76
906; 0.0613966894623081; 10710.2925124606; 10477.21; 1221.21
907; 0.0680459799394594; 10600.8426353487; 10347.55; 1197.22
908; 0.0579299257623569; 10477.6793994136; 10275.37; 1123.04
909; 0.0514649446998254; 10271.6620752414; 10095.42; 1101.09
910; 0.0520469184469194; 10027.4057800078; 9857.05; 1052.24
911; 0.0495405660723753; 9816.40843470418; 9654.96; 1047.5
912; 0.0541349780781041; 9509.96222621921; 9338.38; 1018.6
913; 0.0604030837054449; 9279.18052093707; 9092.46; 993.31
914; 0.0575661768496004; 8903.05841362551; 8733.46; 946.53
915; 0.0669876825242065; 8546.11795288654; 8353.23; 924.95
916; 0.0659809912907637; 8304.06760834557; 8121.34; 889.45
917; 0.0718517528443301; 7947.22375047668; 7752.42; 870.64
918; 0.064780159164568; 7625.45556861139; 7459.75; 821.3
919; 0.0652918353279808; 7427.40048325307; 7264.7; 799.98
920; 0.0643982989184216; 7146.23792121972; 6995.79; 749.9
921; 0.0665364331030714; 6872.35158067759; 6721.88; 725.82
922; 0.0667316573384024; 6688.5424813587; 6539.28; 717.81
923; 0.0687633177702157; 6436.96182406979; 6288.76; 691.56
924; 0.0600992482993183; 6271.07416808902; 6145.76; 668.97
925; 0.0737744448715405; 6045.76110751711; 5898.34; 641.02
926; 0.080336450324629; 5811.38856917804; 5662.37; 594.98
927; 0.0664300868207119; 5642.63917475884; 5522.49; 580.06
928; 0.0605240062900771; 5420.98741006723; 5315.76; 557.52
929; 0.0540702306557369; 5180.37698701228; 5094.54; 509
930; 0.0562186959491158; 5006.90293507812; 4918.46; 504.36
931; 0.0668698384645877; 4720.1922935959; 4620.77; 476.6
932; 0.0717558716963085; 4406.39227940091; 4308.68; 436.45
933; 0.0679524770286684; 4153.39367134277; 4066.76; 408.57
934; 0.0923666503197143; 3782.80576032189; 3675.65; 371.73
935; 0.0806144490325119; 3338.21929786792; 3254.36; 333.29
936; 0.0859666581769769; 3054.19103474511; 2974.81; 295.81
937; 0.0928129114811677; 2635.02459186345; 2559.82; 259.54
938; 0.0700022027860268; 2231.62988169297; 2188.07; 199.29
939; 0.054049814329375; 1996.63002980248; 1968.44; 167.02
940; 0.027498707423051; 1707.75344071142; 1694.3; 156.65
941; -0.015281957203932; 1486.26493572353; 1492.72; 135.23
942; 0.0199338859941121; 1395.46795470182; 1387.37; 130.04
943; 0.0381032076067825; 1302.440851207; 1286.69; 132.31
944; 0.039608661252434; 1260.70375777125; 1244.67; 129.55
945; 0.0352687491317163; 1263.51528482519; 1249.62; 126.07
946; 0.0331848273791052; 1291.37190686744; 1278.41; 124.97
947; 0.0576451849350623; 1336.10948848019; 1312.83; 129.19
948; 0.0725968960251321; 1379.73107660337; 1348.84; 136.11
949; 0.0709389412741109; 1446.77235536659; 1415.09; 142.84
950; 0.087193361218646; 1531.53201212007; 1490.69; 149.79
951; 0.0930944483335996; 1590.58417623052; 1540.43; 172.26
952; 0.0983160531350759; 1675.00322772211; 1616.44; 190.44
953; 0.107763361896823; 1766.43572384979; 1698.68; 200.99
954; 0.0991351902974531; 1825.82062553204; 1761.94; 205.96
955; 0.0875328731525134; 1912.74757738645; 1851.17; 224.82
956; 0.0886017313524729; 2001.08868090652; 1937.02; 231.07
957; 0.0736277359197765; 2049.95124494228; 1996.3; 232.82
958; 0.0380445867633377; 2116.61417842567; 2090.68; 217.78
959; 0.0321084430306163; 2182.73289698488; 2161.75; 208.75
960; 0.0449621360598654; 2228.06523203637; 2195.68; 230.05
961; 0.0626870905938536; 2286.81481702158; 2242.09; 227.85
962; 0.0713075794826363; 2337.29326325829; 2286.61; 226.96
963; 0.0656650409354503; 2353.76859255572; 2305.87; 232.89
964; 0.0593575054225647; 2380.46120296433; 2338.55; 225.41
965; 0.0747176819047959; 2399.97777325257; 2344.92; 235.21
966; 0.0597487115394475; 2416.96539018498; 2370.41; 248.69
967; 0.0525914342377262; 2422.27269312206; 2385.29; 224.41
968; 0.0521332789080844; 2433.28615698364; 2395.91; 228.76
969; 0.0452420276753487; 2427.97946722954; 2396.97; 218.68
970; 0.0453120640558048; 2429.04204199169; 2398.3; 216.43
971; 0.0537965946893445; 2426.92173001146; 2389.14; 224.01
972; 0.0628054365662679; 2424.13503958384; 2381.04; 218.84
973; 0.0846772245915457; 2421.74960586317; 2367.5; 204.3
974; 0.097908649932493; 2417.23891026622; 2349.98; 219.04
975; 0.0976745984611992; 2406.09372043485; 2340.69; 213.48
976; 0.0918180800124742; 2391.3562678559; 2329.67; 214.16
977; 0.100329282056928; 2381.39509586711; 2314.39; 212.87
978; 0.084343787308318; 2350.04599028273; 2293; 215.55
979; 0.0713997880014394; 2321.35578069102; 2270.94; 225.01
980; 0.0461388184705791; 2285.75122976296; 2253.53; 222.51
981; 0.0476821674081546; 2244.42816075222; 2211.65; 219
982; 0.0317726429930799; 2188.87118756288; 2166.45; 224.79
983; 0.0363798314519893; 2162.67505878219; 2136.66; 227.76
984; 0.0238745191419371; 2123.71137557612; 2107.27; 219.31
985; 0.0413271392223935; 2095.50688617084; 2067.62; 214.87
986; 0.0164226656667208; 2047.3337045834; 2036.48; 210.42
987; 0.0344435277966343; 2029.62846853196; 2005.72; 220.98
988; 0.0182120124596778; 1996.48133152553; 1984.27; 213.43
989; 0.0169850182564044; 1963.97776499168; 1952.57; 213.76
990; 0.0191542000864745; 1942.66196999334; 1930.05; 209.54
991; 0.0351635372802748; 1904.56759001009; 1880.21; 220.41
992; 0.0153216942972264; 1858.17825041294; 1848.35; 204.08
993; 0.0525861395729459; 1837.11386664491; 1804.62; 196.57
994; 0.0345266747799744; 1805.36660883963; 1785.01; 187.54
995; 0.047817755705151; 1768.41973516501; 1738.71; 197.61
996; 0.0714588605495089; 1740.13248322151; 1698.8; 183.94
997; 0.0903197148684447; 1709.04152089543; 1659.01; 176.14
998; 0.0991849384769563; 1686.20977410326; 1637.37; 156.56
999; 0.119972551573275; 1660.56748879183; 1600.11; 160.2
1000; 0.115944052315723; 1615.68829255391; 1558.01; 158.13
1001; 0.122433721304234; 1598.44624181894; 1537.83; 157.36
1002; 0.112412303549097; 1562.23124004123; 1513.64; 137.37
1003; 0.0928830159801024; 1523.06312940189; 1482.74; 137.95
1004; 0.03341154219092; 1471.97402459317; 1458.8; 125.28
1005; 0.0229903215903333; 1448.5639037337; 1439.4; 126.63
1006; 0.0161561433806068; 1410.29691943896; 1403.8; 127.74
1007; -0.00899407263105604; 1374.55762821895; 1377.82; 115.21
1008; -0.0018912996553018; 1335.45172746749; 1336.17; 120.61
1009; 0.00265661646750961; 1308.80060903655; 1307.77; 123.19
1010; 0.0121577456251004; 1278.79709550304; 1274.54; 111.18
1011; 0.0318352516846259; 1255.47632501227; 1243.99; 114.55
1012; 0.0274965560588534; 1219.14391743186; 1208.87; 118.61
1013; 0.0178459655132965; 1196.88915538849; 1190.37; 115.95
1014; 0.0114871623456552; 1167.11513087685; 1163.01; 113.42
1015; 0.016706424755288; 1143.36541968021; 1137.11; 118.82
1016; 0.0117080006929265; 1117.60312743646; 1113.5; 111.2
1017; -0.0160658565603083; 1089.15045583123; 1094.83; 112.16
1018; 0.0107767084705979; 1070.09083944482; 1066.64; 101.58
1019; 0.0397100651099322; 1055.58927602653; 1043.81; 94.09
1020; 0.0643585530503359; 1034.76947711915; 1015.07; 97.08
1021; 0.0912711634637581; 1019.99220360543; 986.98; 114.7
1022; 0.0882059997845492; 992.042460435508; 965.88; 94.05
1023; 0.0951010387521863; 961.933120469418; 931.74; 100.66
1024; 0.0859063657056622; 934.9117283543; 909.96; 92.08
1025; 0.0736407346527308; 913.270702643401; 889.66; 101.63
1026; 0.0813516756972085; 886.785261455512; 858.31; 110.94
1027; 0.110770699251304; 860.829148457807; 822.79; 108.83
1028; 0.0777501068181858; 835.138674259585; 812.16; 93.65
1029; 0.117690844237877; 827.466926968341; 790.63; 99.17
1030; 0.129900318961864; 812.256023814; 774.07; 93.13
1031; 0.113680599345418; 793.948705787507; 765.45; 79.41
1032; 0.139338772495009; 776.985460412528; 747.55; 66.91
1033; 0.133396157822425; 757.999696499321; 731.51; 62.89
1034; 0.0886719279589326; 746.415767616501; 729.22; 61.41
1035; 0.0930176432963223; 727.288507444648; 712.65; 49.83
1036; 0.0540426673158444; 700.881728236818; 692.97; 46.35
1037; 0.0706867115852226; 686.865949741028; 674.92; 53.5
1038; 0.0829702919635086; 677.835544786443; 662.79; 57.4
1039; 0.103364141586082; 619.739373620433; 596.18; 72.14
1040; -0.160519329960923; 647.921471723516; 690.97; 84.87
1041; 0.771679469996447; 601.801073692413; 731.93; -53.36
