# 06/03/2019 18:44:09
# NanoCalc data
# Original file name: C:\SVA_DATA\StudentProjects\2018_Nathan\PS-b-PI\PSbPI_798.dat
# Fit Result : Fitness; Thickness 1; Thickness 2; Thickness 3 
# Fit Result : 1.11337460095893; 2; 115.2; -1
# comment:PSbPI id:370 slowslow script start 16:33
#
# WaveLength; Reflectance; Raw Intensity; Dark Intensity; Reference Intensity
400; 0.528751458440177; 4418.60280564007; 3706.58; 652.97
401; 0.519986909522396; 4567.53508341604; 3827.82; 686.82
402; 0.507618211925821; 4651.73669558296; 3922.88; 690.19
403; 0.501275733660968; 4747.4555262391; 4026.52; 688.46
404; 0.503377021141962; 4849.11988102709; 4116.57; 693.7
405; 0.49480788494499; 5018.35859050007; 4267.86; 720.2
406; 0.495448183576518; 5117.54769928118; 4392.4; 692.25
407; 0.4873842037761; 5227.78932600497; 4498.1; 705.33
408; 0.483985120159722; 5340.63804129724; 4602.23; 715.92
409; 0.482796188237365; 5440.93576004254; 4697.66; 719.74
410; 0.480590095583657; 5603.53475922907; 4851.48; 728.85
411; 0.486140103977418; 5706.4379435194; 4933.69; 737.74
412; 0.472414862751782; 5786.82076295465; 5006.35; 764.04
413; 0.46976844369669; 5877.09938689949; 5074.69; 787.31
414; 0.465674272764601; 6018.02558798149; 5187.46; 819.34
415; 0.464460394185174; 6106.49213360268; 5262.83; 831.69
416; 0.460360965070485; 6182.8777450827; 5333.87; 841.6
417; 0.45654426941552; 6269.80009906262; 5432.16; 834.5
418; 0.455235875137737; 6405.86166908089; 5554.94; 847.33
419; 0.451188334866274; 6492.44528176372; 5639.25; 854.66
420; 0.440173492990228; 6604.92136828205; 5731.78; 893.85
421; 0.444583600747656; 6723.92523102335; 5844.55; 888.7
422; 0.438523250188068; 6886.38135814361; 5986.26; 919.54
423; 0.432028368874664; 7002.88349143021; 6097.41; 936.13
424; 0.415653083365436; 7119.78609286721; 6222.48; 961.37
425; 0.413067084550173; 7269.21536093883; 6336.9; 1002.4
426; 0.407160348117333; 7474.49848239275; 6501.39; 1058.55
427; 0.408111141984468; 7640.03384571765; 6648.16; 1073.5
428; 0.402338806663123; 7785.44253797717; 6783.3; 1097.16
429; 0.405194038035528; 7916.00462827444; 6907.86; 1093.25
430; 0.399490849218886; 8121.330647204; 7111.68; 1107.74
431; 0.401793561942374; 8273.93920491418; 7247.41; 1117.05
432; 0.399554896720708; 8393.78998997359; 7363.78; 1124.31
433; 0.396519029375215; 8502.04654936129; 7451.35; 1152.9
434; 0.401516732455737; 8685.81509224101; 7622.06; 1149.92
435; 0.390860946038374; 8772.49148107448; 7725.43; 1160.22
436; 0.395767597141152; 8871.26314045029; 7810.18; 1158.66
437; 0.396442547848601; 8990.46307240025; 7906.48; 1178.93
438; 0.393339417827344; 9171.72381922168; 8054.32; 1222.03
439; 0.392210123756889; 9261.45401778132; 8136.76; 1230.73
440; 0.391508723352682; 9364.52207167788; 8228.69; 1242.29
441; 0.391662030612514; 9464.25827594196; 8339.09; 1227.41
442; 0.387002937158401; 9633.83304767577; 8479.44; 1271.58
443; 0.383064686525409; 9738.04976179994; 8574.86; 1291.6
444; 0.379900187356446; 9880.50893935815; 8692.65; 1327.07
445; 0.374909283024537; 10003.380365199; 8808.71; 1349.4
446; 0.359274416985441; 10178.0354982192; 8995.09; 1391.12
447; 0.358664908347164; 10353.1811650586; 9152.97; 1410.79
448; 0.358199145712522; 10550.045769537; 9325.63; 1437.98
449; 0.364240777769119; 10853.2990463952; 9579.28; 1468.31
450; 0.367290221134682; 11058.4146974791; 9774.98; 1463.74
451; 0.365409861259352; 11247.9237699465; 9949.44; 1485.53
452; 0.368595820520993; 11452.5725136525; 10146.84; 1477.89
453; 0.362432797152136; 11783.1281128839; 10453.15; 1527.91
454; 0.366947285070387; 12028.6604317096; 10674.94; 1533.01
455; 0.363158472312503; 12242.3181260807; 10869.94; 1567.29
456; 0.354400395951381; 12469.1084041681; 11067.31; 1637.27
457; 0.344139642858743; 12812.0176097469; 11406.59; 1687.26
458; 0.34100925867585; 13090.5804981311; 11668.57; 1719.54
459; 0.338297750758357; 13337.6987895523; 11888.18; 1763.56
460; 0.335509815956198; 13597.4618835903; 12120.23; 1808.82
461; 0.330844441718876; 13941.522096238; 12477.98; 1813.95
462; 0.333715590690391; 14177.3311414649; 12696.02; 1816.78
463; 0.329848684855395; 14386.9664710878; 12920.83; 1815.95
464; 0.326226684636398; 14755.3166606046; 13251.1; 1880.37
465; 0.323915645145575; 15013.7511617445; 13499.29; 1903.39
466; 0.32052529674665; 15259.3964906459; 13714.15; 1959.18
467; 0.314908857640661; 15495.8368225531; 13941.45; 2002.55
468; 0.307219590459062; 15975.2942663752; 14419.99; 2050.42
469; 0.307826396209923; 16320.3517883913; 14715.46; 2108.14
470; 0.3104986542473; 16679.1437723862; 15030.91; 2142.93
471; 0.302273521303246; 17094.2702089621; 15439.32; 2206.59
472; 0.307575009370712; 17773.1903555232; 16033.97; 2275.28
473; 0.300335228540618; 18214.4087964546; 16472.79; 2329.59
474; 0.296280206070617; 18703.6572149448; 16951.53; 2371.89
475; 0.299200709196287; 19607.3881513034; 17780.12; 2445.55
476; 0.301573229442114; 20221.5106524408; 18330.84; 2506.42
477; 0.299298721961244; 20845.7618242173; 18892.02; 2605.57
478; 0.296841091958502; 21576.2697286879; 19567.89; 2696.25
479; 0.296060075701382; 22654.5000378001; 20540.83; 2840.66
480; 0.291876465466919; 23412.745926275; 21247.71; 2946.79
481; 0.290643489549963; 24159.8226281378; 21945.87; 3021.61
482; 0.289710171042305; 25291.3769897879; 23001.33; 3130.81
483; 0.285885200983113; 26021.6249555909; 23698.95; 3213.18
484; 0.28627691860034; 26768.6225758489; 24387.59; 3284.49
485; 0.284635571073764; 27501.7375851029; 25047.89; 3399.35
486; 0.280482875900634; 28490.7926574451; 25989.21; 3511.42
487; 0.278275457501098; 29098.1582086586; 26548.62; 3601.68
488; 0.275385031164442; 29710.7844247411; 27137.19; 3668.26
489; 0.268062144324616; 30242.858020756; 27674.23; 3755.82
490; 0.260940543091769; 31057.7812596313; 28469.58; 3882.15
491; 0.260664522204963; 31569.7627177826; 28962.28; 3910.11
492; 0.255235981392646; 32016.4473510151; 29398.31; 4004.35
493; 0.248248445259931; 32628.4011875328; 30045.96; 4055.79
494; 0.247000771934451; 33044.6442788507; 30450.65; 4089.41
495; 0.244284858766891; 33430.1929577448; 30849.74; 4108.15
496; 0.241912448085781; 33986.8883694096; 31406.65; 4142.99
497; 0.243052378108069; 34363.3770790058; 31767.86; 4142.86
498; 0.240328668795009; 34669.4829774813; 32067.12; 4195.67
499; 0.240367387738632; 35040.9273561749; 32404.94; 4243.83
500; 0.240597072289591; 35520.8731149815; 32863.49; 4268.88
501; 0.240472943983003; 35834.8204513921; 33146.16; 4315.77
502; 0.239934566044014; 36177.8856730892; 33476.28; 4340.55
503; 0.24057021336344; 36709.7316181231; 33974.55; 4377.29
504; 0.239364974272089; 37067.6883207438; 34328.61; 4399.96
505; 0.2392531590227; 37484.5660715714; 34741.28; 4403.53
506; 0.239918527693785; 37881.1551418589; 35107.34; 4434.89
507; 0.238542935443704; 38465.0205283554; 35715.47; 4416.36
508; 0.235466982404423; 38851.7475147144; 36120.4; 4439.31
509; 0.23203459296275; 39245.4556462513; 36537.16; 4462.01
510; 0.227227256596179; 39878.5232760536; 37164.54; 4560.8
511; 0.225436077966906; 40296.5503060972; 37577.28; 4600.76
512; 0.217966836950079; 40657.2311390205; 38001.86; 4641.31
513; 0.215618748769307; 41251.517198416; 38544.65; 4777.5
514; 0.211579342950938; 41640.0645829258; 38978.11; 4782.45
515; 0.208473691662175; 42057.2418124789; 39357.58; 4916.92
516; 0.205958314390308; 42428.3850243751; 39710.45; 5004.9
517; 0.206459810583702; 43091.5136378333; 40331.64; 5063.94
518; 0.202745131800729; 43487.7792268111; 40749.91; 5109.82
519; 0.203106228744754; 43916.1414852083; 41153.15; 5141.7
520; 0.202028107652866; 44542.6170878858; 41744.27; 5229.46
521; 0.199072843948143; 44933.5488837066; 42147.85; 5277.47
522; 0.197014060979921; 45349.5717679485; 42528.95; 5393.7
523; 0.194671469842459; 45939.6007266606; 43144.91; 5402.76
524; 0.193535356151189; 46376.3115643364; 43568.3; 5454.65
525; 0.192838424476394; 46749.5843182578; 43928.06; 5495.06
526; 0.19004110213065; 47253.993108005; 44426.05; 5582.88
527; 0.186356110726387; 47575.6843481682; 44754.61; 5673.87
528; 0.183708692397986; 47912.3854200651; 45083.01; 5766.75
529; 0.184338053429116; 48229.9967286719; 45349.17; 5845.8
530; 0.184269285208038; 48597.9055223319; 45699.78; 5877.43
531; 0.183351259008466; 48807.1291059617; 45874.99; 5970.71
532; 0.181789933424557; 49009.0326178541; 46081.55; 6006.91
533; 0.178924544527659; 49266.7672691522; 46374.85; 6023.42
534; 0.17781731011383; 49415.1291454369; 46512.86; 6077.02
535; 0.176060997022031; 49573.8959878326; 46705.25; 6060.18
536; 0.176150716606593; 49793.4120770896; 46893.06; 6117.76
537; 0.173420724642648; 49923.1709430662; 47060.97; 6125.72
538; 0.168645689457349; 50055.8267955429; 47278.55; 6105.66
539; 0.166701746197211; 50310.9753651235; 47591.89; 6041.35
540; 0.168357885823405; 50502.5942182741; 47751.12; 6047.07
541; 0.166947751437768; 50674.4891012335; 47934.66; 6067.28
542; 0.165481562745497; 50976.7829826088; 48265.44; 6052.34
543; 0.165385969951471; 51194.9137309446; 48472.17; 6076.53
544; 0.164787184875451; 51443.4557583235; 48742.04; 6046.08
545; 0.165693989057069; 51853.8410182701; 49147.92; 6018.12
546; 0.165930891599758; 52124.962362817; 49400.39; 6046.02
547; 0.168399163659975; 52397.020618177; 49589.44; 6133.58
548; 0.166945503137194; 52904.1571878169; 50065.48; 6250.24
549; 0.167397859587447; 53193.8182337623; 50321; 6302.83
550; 0.16349012099677; 53470.6060573558; 50631.34; 6372.71
551; 0.162398057664148; 53774.1352056994; 50941.36; 6395.47
552; 0.163026642278134; 54238.1361532802; 51381.82; 6418.3
553; 0.160789502193418; 54487.0363329632; 51642.05; 6476.44
554; 0.157979653058974; 54773.4670553242; 51958.5; 6516.52
555; 0.157257170194075; 55252.9252802223; 52472.31; 6461.05
556; 0.156680195232383; 55536.720352484; 52774.37; 6436.57
557; 0.1548929777271; 55860.2098572923; 53127.07; 6436.47
558; 0.155777019703999; 56387.9912245813; 53628.3; 6456.57
559; 0.155447974668746; 56757.6825251224; 53982.54; 6500.87
560; 0.152252069433766; 57111.7227724323; 54374.65; 6540.64
561; 0.149202331593646; 57813.2978808185; 55113.13; 6578.83
562; 0.150110573793806; 58342.265053389; 55594.48; 6648.59
563; 0.147829510332933; 58848.7889506688; 56111.99; 6718.72
564; 0.146843969329059; 59661.6429556527; 56872.57; 6887.39
565; 0.146857590510596; 60196.065262716; 57392.16; 6918.28
566; 0.145293624243716; 60690.0527167361; 57887.77; 6983.55
567; 0.142150859479677; 61352.3765057409; 58581.27; 7053.7
568; 0.143273914802914; 61723.0122742057; 58892.28; 7144.09
569; 0.141506480052399; 61873.1157417869; 59048.64; 7212.18
570; 0.138260192112227; 61953.2167972239; 59201.32; 7186.7
571; 0.138097455650238; 61937.1279926028; 59179.33; 7205.05
572; 0.138718467649833; 61887.990754013; 59136.17; 7151.54
573; 0.135268329944723; 61592.1442253579; 58913.77; 7132.5
574; 0.133802976291731; 61350.7952832627; 58730.17; 7049.31
575; 0.133013767508221; 61005.8303232609; 58409.27; 7020.39
576; 0.129634624069094; 60784.6840813056; 58286.82; 6924.21
577; 0.129953863308591; 60654.0605264099; 58156.17; 6901.91
578; 0.133389945788222; 60503.5457136707; 57942.19; 6889.6
579; 0.132175968424998; 60368.1959997955; 57832.37; 6878.4
580; 0.128771911372803; 60216.9182309957; 57747.7; 6869.6
581; 0.132177357567972; 60091.4971483915; 57553.64; 6873.83
582; 0.130858930052708; 59973.4300184793; 57452.74; 6891.28
583; 0.131528236392334; 59889.2977279832; 57372.5; 6841
584; 0.134157725625194; 59820.1909768016; 57257.56; 6824.62
585; 0.134363984138456; 59749.8383988341; 57205.45; 6761.24
586; 0.134834211210121; 59701.2924587675; 57145.37; 6763.8
587; 0.129849275194032; 59547.1872332954; 57079.59; 6776.52
588; 0.132468087686894; 59481.7680229093; 56937.13; 6845.66
589; 0.128272979687858; 59396.946891034; 56955.2; 6779.63
590; 0.1302578832598; 59409.2254909199; 56919.06; 6804.44
591; 0.12992269107778; 59374.9771797308; 56871.59; 6853.91
592; 0.127675638397123; 59353.7391156637; 56866.08; 6926.36
593; 0.127329284865831; 59398.7678519531; 56885.37; 7012.64
594; 0.125778495528483; 59424.4969629476; 56949.44; 6986.4
595; 0.126739356012184; 59645.7805965357; 57139.71; 7015.88
596; 0.124587363397739; 59832.2660878652; 57370.84; 7005.49
597; 0.125385481591073; 60108.0224773355; 57620.87; 7029.2
598; 0.125651431076235; 60602.3461773341; 58084.9; 7095.26
599; 0.124834092363425; 61025.5241691883; 58524.45; 7090.77
600; 0.122848310124944; 61483.63841923; 59020.31; 7092.14
601; 0.122306736663704; 62298.9107091353; 59811.73; 7187.95
602; 0.119266236399018; 62882.3881801308; 60413.01; 7313.98
603; 0.11538653450482; 63414.3962625507; 60992.44; 7410
604; 0.115705754365925; 64306.5056834289; 61857.75; 7466.56
605; 0.113997117847356; 64848.7468810337; 62404.92; 7558.6
606; 0.11261645471615; 65381.2773811926; 62931.49; 7665.24
607; 0.110373368345811; 65998.1179085036; 63575.16; 7730.63
608; 0.113475110835597; 66422.6995759106; 63913.77; 7781.35
609; 0.113604972989749; 66828.2621379779; 64286.44; 7869.52
610; 0.116597266689887; 67004.3003271857; 64387.2; 7889.79
611; 0.118311959289544; 67126.8308551174; 64454.87; 7933.77
612; 0.116505594706646; 67104.4999683895; 64486.18; 7890.17
613; 0.118021190431425; 67051.9202282795; 64382.6; 7935.66
614; 0.117758360909507; 66897.2675519212; 64258.5; 7857.7
615; 0.118070893446034; 66568.5092311078; 63951.06; 7769
616; 0.116474968547643; 66222.9968615089; 63649.54; 7738.29
617; 0.112903072347727; 65618.7810382025; 63191.8; 7524.48
618; 0.111039751345402; 65213.8137158972; 62865.79; 7397.46
619; 0.107831677986537; 64783.3256977532; 62524.5; 7324.23
620; 0.10727937856538; 64136.4304512041; 61903.74; 7272.85
621; 0.106368719660593; 63704.134986019; 61522.57; 7163.5
622; 0.107408643044845; 63315.6141486966; 61120.28; 7135.28
623; 0.108074370038886; 62768.0341473267; 60595.35; 7014.78
624; 0.107684389936072; 62401.0179912969; 60252.71; 6957.84
625; 0.10765540207539; 61918.0859953249; 59771.23; 6951.65
626; 0.107511571965661; 61631.0690114001; 59483.48; 6959.96
627; 0.1106405509586; 61359.7469677673; 59165.07; 6908.27
628; 0.110726442857523; 60955.7555641427; 58794.21; 6795.41
629; 0.107381828226397; 60637.9008650412; 58562.43; 6724.97
630; 0.109256264518283; 60396.6231552317; 58288.09; 6711.82
631; 0.10842750297448; 59964.7025536678; 57859.83; 6748.49
632; 0.105583141578996; 59706.8393179196; 57682.5; 6662.28
633; 0.104962278878387; 59329.3216213528; 57342.16; 6575.79
634; 0.107157814669658; 59106.3363657284; 57084.01; 6552.04
635; 0.106576025589262; 58853.4178534471; 56861.14; 6486.39
636; 0.103511931892772; 58539.7585978307; 56610.25; 6464.46
637; 0.105564831622209; 58356.2952964622; 56396.33; 6434.92
638; 0.100936044582933; 58117.8262972882; 56258.02; 6382.24
639; 0.100157172316806; 57862.613299757; 56020.93; 6365.53
640; 0.103330320400392; 57730.7587458333; 55817.61; 6405.6
641; 0.106490720440048; 57497.3191221472; 55521.74; 6414.99
642; 0.103798384088811; 57249.1806234278; 55345.1; 6339.9
643; 0.102114271017806; 57085.4858351554; 55211.6; 6339.15
644; 0.10258961756279; 56804.1513673519; 54932.43; 6299.39
645; 0.10309560346795; 56665.9916091705; 54787.8; 6287.41
646; 0.106235818256302; 56464.9516637258; 54543.39; 6239.56
647; 0.106518423313927; 56309.153886842; 54402.96; 6170.73
648; 0.103517186601264; 56064.7000357187; 54223.42; 6130.91
649; 0.105770187669341; 55859.9211094117; 53981.55; 6118.52
650; 0.105465095228923; 55742.0268731091; 53857.78; 6152.73
651; 0.108431617825606; 55616.29761856; 53690.78; 6112.63
652; 0.111011747024495; 55508.1496927823; 53508.46; 6197.48
653; 0.111442205595976; 55377.5150051171; 53373.85; 6182.75
654; 0.110999108205018; 55176.2283856884; 53197.75; 6126.54
655; 0.110057319221961; 55053.6851036718; 53072.59; 6184.61
656; 0.11376966572827; 54979.9793257567; 52943.74; 6146.82
657; 0.110531728134007; 54864.9832418492; 52900.86; 6100.67
658; 0.111811053096383; 54812.0521240275; 52840.08; 6052.84
659; 0.112674927997804; 54702.7013490137; 52741.87; 5970.05
660; 0.107869069298363; 54586.180612048; 52729.32; 5902.95
661; 0.10319402473806; 54384.8436050122; 52604.84; 5911.68
662; 0.103005753389183; 54299.0295255624; 52521.21; 5912.09
663; 0.1001665038077; 54168.0709834875; 52451.09; 5868.51
664; 0.100783211616218; 54012.9609650069; 52287.7; 5857.45
665; 0.103112285870111; 53905.5082525582; 52132.9; 5880.01
666; 0.0974365716710524; 53646.0421236076; 51959.38; 5918.55
667; 0.0973205744205216; 53476.4787430483; 51781.68; 5952.26
668; 0.0985415981798501; 53324.8971856987; 51634.69; 5860.85
669; 0.0995884954337444; 53148.6370117893; 51450.2; 5825.24
670; 0.0977407186306007; 52967.9622805948; 51293.57; 5849.09
671; 0.0978403597156084; 52747.1106658784; 51072.93; 5839.11
672; 0.0949590215917552; 52549.9845176775; 50919.86; 5854.67
673; 0.0916791116903699; 52359.8115924892; 50787.07; 5847.19
674; 0.0905115816183033; 52104.9152136106; 50579.53; 5741.04
675; 0.0884654473735278; 51900.2782559028; 50427.07; 5670.38
676; 0.0882280412111699; 51582.2000948753; 50091.77; 5749.54
677; 0.0901506669946361; 51396.5460310023; 49872.31; 5752.67
678; 0.0912943860572671; 51078.8238330888; 49530.92; 5766.75
679; 0.0911212483760176; 50852.7014737996; 49327.37; 5691.42
680; 0.0915792278085082; 50594.8350594277; 49070.42; 5657.7
681; 0.0921500192116572; 50192.5127285038; 48667.39; 5623.25
682; 0.0958691405387926; 49965.2508572113; 48374.21; 5636.53
683; 0.0952669781152192; 49622.6675571382; 48043.66; 5627.07
684; 0.0958494342675167; 49399.3069826844; 47814.76; 5610.48
685; 0.0950263846761365; 49008.637876181; 47448.75; 5568.84
686; 0.0965909199528369; 48740.7636043499; 47154.8; 5568.22
687; 0.094940663507842; 48466.1807921974; 46914.24; 5541.32
688; 0.0917613317540252; 48034.2701974557; 46556.39; 5457.75
689; 0.0911791949028704; 47808.9978336546; 46363.53; 5370.2
690; 0.0894014479646581; 47447.3995754702; 46046.68; 5305.36
691; 0.0907326546451157; 47210.2455964871; 45810.71; 5221.06
692; 0.0872074943220256; 46924.8441824934; 45598.99; 5144.11
693; 0.0848713531761537; 46529.725164964; 45273.63; 5005.64
694; 0.0844884875089918; 46300.3343702541; 45056.87; 4975.81
695; 0.086231068543942; 45965.2981185976; 44704.09; 4942.74
696; 0.0866858421840775; 45721.6149811086; 44432.28; 5024.34
697; 0.0834490123858258; 45295.605572385; 44035.44; 5098.84
698; 0.0834384541594182; 45014.5686871346; 43744.03; 5139.29
699; 0.0887502188976375; 44699.9164744028; 43359.07; 5097.07
700; 0.0892567200028761; 44472.5708054005; 43110.29; 5147.14
701; 0.088792589706529; 44251.107062541; 42902.64; 5120.03
702; 0.0874811878008528; 43889.5258046719; 42569.63; 5084.98
703; 0.0853994263052666; 43628.8115560484; 42344.57; 5066.69
704; 0.0862630329011961; 43341.4407202431; 42087.37; 4896.64
705; 0.0856760439884334; 43116.7011459816; 41885.5; 4838.37
706; 0.0809100386438028; 42764.616658946; 41620.16; 4760.67
707; 0.081606375321596; 42576.1716937406; 41416.61; 4780.31
708; 0.076889661808986; 42341.6476742675; 41271.22; 4681.56
709; 0.0781236548962096; 42059.6092367839; 40978.27; 4652.88
710; 0.0799897866043177; 41872.7584250194; 40764.97; 4653.78
711; 0.0789609045750189; 41557.4104959213; 40463.52; 4654.28
712; 0.0789227058957432; 41345.5541910845; 40255.7; 4638.36
713; 0.0806237017439263; 41067.9832120159; 39964.91; 4594.59
714; 0.0792660069269106; 40764.8813899641; 39680.95; 4591.35
715; 0.077219406589881; 40334.8633225928; 39286.31; 4557.68
716; 0.0797720401045662; 40047.5060552237; 38975.93; 4507.33
717; 0.0798351775753791; 39732.4964262989; 38672.49; 4453.37
718; 0.0750118408754131; 39203.3947122386; 38238.07; 4314.65
719; 0.0745747825244707; 38864.9440809537; 37915.28; 4267.7
720; 0.0742688357873165; 38313.5957107334; 37379.7; 4212.45
721; 0.0774476480556104; 38000.3889981626; 37030.83; 4192.27
722; 0.0752474949963083; 37502.9278398814; 36569.84; 4151.01
723; 0.0737579842102462; 37181.3746269711; 36281.38; 4083.14
724; 0.0722401969533001; 36725.4767799456; 35846.8; 4068.68
725; 0.0737745255734862; 36516.5653638446; 35618.41; 4070.88
726; 0.075231625346388; 36272.4752315434; 35362.68; 4042.28
727; 0.0767798020723455; 36172.8250263242; 35264.68; 3952.13
728; 0.0778460519325954; 36071.157794436; 35147.92; 3961.44
729; 0.0777435493162894; 35953.8372789608; 35036.8; 3938.93
730; 0.0848088112035516; 35977.2701098762; 34982.23; 3916.83
731; 0.0874532183549529; 36014.5834542974; 34979.16; 3952.18
732; 0.0932747667712797; 36080.6332347317; 34973.38; 3962.08
733; 0.0912978482248428; 36080.5138905714; 34983.99; 4008.15
734; 0.0914087712349395; 36042.490750503; 34934.58; 4044.48
735; 0.092693457224893; 36031.8957465794; 34904.98; 4055.84
736; 0.0943276663066212; 35995.4985300081; 34849.66; 4051.37
737; 0.0891789626320922; 35886.1269359694; 34798.35; 4066.75
738; 0.0901757212685413; 35819.7092814522; 34719.07; 4067.97
739; 0.0862478953149578; 35701.7365162887; 34662.43; 4014.73
740; 0.0847857199560846; 35622.5947062217; 34599.66; 4018.14
741; 0.0853373885379076; 35578.4407516533; 34559.08; 3976.86
742; 0.0835084041305736; 35573.9676806695; 34577.6; 3971.06
743; 0.0811858438977968; 35565.7245829589; 34597.75; 3966.91
744; 0.0817572556860194; 35742.8932293712; 34756.32; 4013.5
745; 0.0801706966998454; 35888.4716976623; 34929.32; 3977.68
746; 0.0774018338249935; 36108.0786809919; 35180.48; 3982.95
747; 0.0783178286921386; 36313.6649210258; 35380.24; 3959.61
748; 0.081944575485902; 36564.480372796; 35579.02; 3993.96
749; 0.083732930142906; 36651.8142189883; 35638.56; 4017.77
750; 0.0877710934610305; 36685.4802102653; 35621.81; 4022.63
751; 0.092098425018753; 36647.9224148239; 35526.21; 4042.69
752; 0.0906963836790511; 36376.8343762824; 35272.84; 4040.09
753; 0.091597884496188; 36143.3187405249; 35021.98; 4063.05
754; 0.092380651877061; 35665.4087841196; 34535.94; 4057.58
755; 0.0893460653659514; 35251.3191036474; 34165.32; 4032.92
756; 0.0911296415912393; 34684.0917250106; 33598.04; 3953.07
757; 0.0855960793251586; 34258.2809064997; 33242.28; 3935.57
758; 0.0819227924105583; 33627.0783322823; 32670.12; 3871.5
759; 0.0845133073119045; 33261.5020115564; 32281.18; 3842.65
760; 0.0849341357472525; 32899.8448847935; 31924.78; 3801.32
761; 0.0875142658986151; 32357.1541224686; 31362.01; 3763.45
762; 0.0846824914764947; 31984.5481986176; 31037.12; 3701.07
763; 0.0858954338555392; 31503.4468359015; 30554.28; 3654.01
764; 0.0833311770117546; 31178.5996710263; 30276.78; 3577.22
765; 0.0865239970818811; 30763.0702280076; 29844.63; 3508.38
766; 0.0905206307960548; 30543.8634557026; 29592.35; 3473.91
767; 0.0878629229296121; 30115.8995101803; 29220.25; 3368.97
768; 0.0866757785117711; 29844.8045021474; 28985.12; 3278.08
769; 0.0922753143846087; 29513.5574885561; 28613.79; 3222.52
770; 0.0921881905031433; 29282.8767749764; 28396.16; 3178.58
771; 0.0957210935579006; 28969.9332748925; 28063.51; 3128.02
772; 0.0967245866918145; 28748.7541689366; 27824.41; 3155.48
773; 0.0941003632541026; 28395.3560245518; 27511.03; 3101.69
774; 0.0908382571227577; 28101.4792862207; 27250.38; 3090.89
775; 0.0918810020987934; 27797.8407844477; 26923.11; 3139.57
776; 0.0867023757196211; 27522.4665234448; 26692.28; 3156.47
777; 0.0847169394126284; 27178.9743718332; 26378.67; 3113.38
778; 0.0895371080296888; 27003.3050582572; 26156.79; 3114.98
779; 0.0919773832148445; 26696.5686243358; 25833.84; 3089.73
780; 0.0927894035831992; 26504.6247930085; 25644.18; 3053.81
781; 0.0986652892691203; 26282.9841741488; 25391.25; 2975.72
782; 0.103029239890954; 26137.6834370549; 25220.98; 2928.73
783; 0.105741908640638; 25858.5676741698; 24943.53; 2847.78
784; 0.108104227063614; 25708.2287350793; 24783.44; 2814.52
785; 0.102470668036426; 25387.4676180948; 24512.17; 2809.55
786; 0.101213660198216; 25206.6769373368; 24354.29; 2769.2
787; 0.0932202578348575; 24882.218769805; 24111.29; 2718.46
788; 0.0888765329203036; 24662.8792682114; 23935.54; 2689.25
789; 0.0877421568823198; 24346.0002180696; 23629; 2684.53
790; 0.0888166975240123; 24159.797312544; 23429.19; 2701.61
791; 0.0888432500939469; 23927.5156659357; 23215.9; 2629.93
792; 0.0910137080099938; 23753.6874120907; 23023.05; 2635.25
793; 0.0932503004322627; 23525.2313735752; 22777.42; 2632
794; 0.0984624210020495; 23380.5109196992; 22595.01; 2617.89
795; 0.103922068034511; 23171.425451497; 22336.97; 2634.77
796; 0.109062949578405; 23000.2349792266; 22112.83; 2669.71
797; 0.109748146060609; 22875.3003956148; 21984.92; 2661.85
798; 0.110490538633601; 22662.9980689216; 21770.62; 2649.81
799; 0.112737794703179; 22529.6456258879; 21624.52; 2633.75
800; 0.107082122742098; 22285.3801033893; 21451.6; 2553.96
801; 0.103606243471882; 22095.7307905289; 21296.11; 2530.61
802; 0.103758321996037; 21896.4396914107; 21094.24; 2534.16
803; 0.102515912366458; 21745.8467177646; 20965.53; 2493.87
804; 0.102575467886979; 21537.5820051158; 20777.34; 2427.37
805; 0.10091661889722; 21373.0377201983; 20626.73; 2421.43
806; 0.105849905133412; 21186.7073320191; 20408.68; 2406.08
807; 0.110539283765811; 21073.3615294664; 20262.29; 2401.48
808; 0.113313569759533; 20885.7625436872; 20069.98; 2355.84
809; 0.123932866010846; 20816.6824974024; 19935.88; 2325.21
810; 0.122715223591351; 20627.3858524626; 19758.37; 2316.34
811; 0.120123606842317; 20473.7548386981; 19629.76; 2297.52
812; 0.119661843974575; 20278.4987338197; 19440.29; 2289.84
813; 0.119335744765883; 20158.8223190272; 19329.39; 2271.4
814; 0.11125769629575; 19961.8396681054; 19206.63; 2217.59
815; 0.112013966290017; 19861.312750821; 19107.39; 2198.44
816; 0.106612058720831; 19661.3943067943; 18944.37; 2196.29
817; 0.0987841399488501; 19446.7228972089; 18785.86; 2184.32
818; 0.101746004509349; 19360.1958224625; 18686.34; 2162.08
819; 0.10212833401362; 19136.539271398; 18460.03; 2162.05
820; 0.101141548047493; 18985.5007423763; 18313.57; 2167.88
821; 0.10411387179987; 18832.5157392877; 18130.17; 2200.68
822; 0.106342104638249; 18716.9416391911; 17998; 2204.84
823; 0.103810301593013; 18535.4625958572; 17836.87; 2194.12
824; 0.102021367664092; 18412.3952693562; 17730.5; 2178.67
825; 0.105078238378266; 18302.053946155; 17610.23; 2146.02
826; 0.100998805649584; 18179.0290233705; 17535.63; 2076.42
827; 0.100348861686087; 18061.3416930639; 17428.2; 2056.75
828; 0.102514522703424; 17976.401529583; 17337.68; 2031.24
829; 0.106807415148431; 17840.7314692632; 17185.3; 2000.41
830; 0.105354596755554; 17690.9581422515; 17061.23; 1948.34
831; 0.110476920154599; 17619.3766135021; 16971.77; 1909.83
832; 0.107732028953182; 17478.6917739081; 16860.01; 1870.11
833; 0.104383829561807; 17371.6748931126; 16770.25; 1875.35
834; 0.102698483422137; 17222.7119865754; 16645.37; 1828.97
835; 0.102446118811672; 17126.0237541215; 16549.23; 1831.26
836; 0.0904597139942785; 16948.9734029062; 16453.14; 1782.35
837; 0.0842481387327573; 16835.9158180444; 16379.07; 1763.51
838; 0.0795598540384191; 16664.2766371034; 16235.15; 1754.35
839; 0.0813907081811899; 16518.9535062628; 16074.2; 1778.6
840; 0.0801038046186214; 16418.9964607981; 15981.44; 1777.93
841; 0.0817493322999642; 16312.1994907354; 15866.44; 1776.81
842; 0.086225467433862; 16250.1943161023; 15776.56; 1789.51
843; 0.0933180439262738; 16152.6943327107; 15646.69; 1766.05
844; 0.095804093443334; 16066.7296483347; 15542.12; 1783.07
845; 0.105344468374508; 15966.1661890304; 15390.02; 1780.43
846; 0.106227513802096; 15906.1231211855; 15331.09; 1761.82
847; 0.108163966576736; 15808.9461024579; 15227.78; 1748.28
848; 0.109340606099515; 15668.1412333946; 15098.25; 1695.53
849; 0.105907608770626; 15562.1291325585; 15011.88; 1689.72
850; 0.106632127319219; 15402.1243285254; 14856.35; 1664.16
851; 0.111232391216367; 15309.8467629828; 14747.7; 1642.82
852; 0.110399741376874; 15165.3361396007; 14619.18; 1607.71
853; 0.109931249515389; 15055.5560467595; 14518.29; 1587.92
854; 0.110282676378775; 14861.494606418; 14338.6; 1540.12
855; 0.115337307422116; 14699.8839648108; 14151.45; 1544.2
856; 0.122708929921334; 14618.1560190919; 14045.55; 1515.11
857; 0.119963270136835; 14455.7771248116; 13919.7; 1450.59
858; 0.116814640749431; 14353.0423924307; 13825.47; 1465.77
859; 0.115383350611495; 14176.4510817582; 13648.99; 1483.35
860; 0.116029327837223; 14070.4432872982; 13531.11; 1507.95
861; 0.11756059229954; 13941.3592429984; 13401.13; 1490.49
862; 0.116507138581171; 13811.9358237267; 13274.97; 1494.59
863; 0.114986617335656; 13690.8697420653; 13154.46; 1512.49
864; 0.119760480663306; 13527.3352907988; 12956.07; 1546.21
865; 0.123627891418564; 13409.5879432667; 12824.65; 1533.39
866; 0.12826905605064; 13236.2505094474; 12635.79; 1516.83
867; 0.130592901299954; 13044.1975233508; 12433.88; 1513.95
868; 0.124552339479279; 12863.7892339428; 12293.84; 1482.09
869; 0.122817899821857; 12610.3885429838; 12058.37; 1455.45
870; 0.122568167813932; 12435.3410924398; 11894.82; 1427.76
871; 0.120152364654962; 12153.7081750327; 11642.25; 1377.84
872; 0.119546151748976; 11977.5357234987; 11469.19; 1376.13
873; 0.121831751816072; 11737.4392398694; 11235.69; 1332.53
874; 0.113926043551612; 11464.5352452548; 11012.1; 1284.65
875; 0.116574407156724; 11316.7576652474; 10866.29; 1249.76
876; 0.116187899267718; 11080.8762907592; 10645.77; 1210.92
877; 0.124212694757546; 10965.1942289021; 10509.02; 1187.3
878; 0.13415193089711; 10819.8307270897; 10330.64; 1178.63
879; 0.133562920586043; 10663.6122458699; 10193.75; 1136.83
880; 0.128588785030194; 10561.1520924713; 10109.79; 1134.09
881; 0.134611486971135; 10448.8103241336; 9979.85; 1125.33
882; 0.139752956349203; 10375.837638296; 9891.73; 1118.72
883; 0.140144283568874; 10285.2271975181; 9795.02; 1129.43
884; 0.135535379519315; 10160.8744233057; 9695.26; 1109.03
885; 0.129370893233457; 10089.3390582352; 9644.88; 1108.83
886; 0.124387642487397; 10013.9870139368; 9598.29; 1078.41
887; 0.123517758848189; 9950.91149903181; 9533.9; 1089.26
888; 0.128825366652345; 9899.73447405625; 9478.5; 1054.82
889; 0.120844110084751; 9842.69683394031; 9465.16; 1007.67
890; 0.129807160536414; 9839.77923676304; 9433.9; 1008.35
891; 0.127895143671602; 9814.29605328401; 9408.11; 1024.03
892; 0.123344869174483; 9823.81060477589; 9432.88; 1021.76
893; 0.114769826321445; 9827.61426641354; 9463.6; 1022.36
894; 0.105884692368144; 9895.1382345054; 9551.22; 1046.8
895; 0.104449768893596; 9952.11473994758; 9605.56; 1069.14
896; 0.0996911667965405; 10067.5837150547; 9731.54; 1086.02
897; 0.0982923099378071; 10160.3740935546; 9819.83; 1116.08
898; 0.103839791390132; 10372.1313136553; 10007.83; 1129.97
899; 0.109536488737249; 10589.2946819588; 10203.23; 1135.01
900; 0.112190162744231; 10713.5851547583; 10302.21; 1180.62
901; 0.122434001453674; 10874.6130441318; 10410.07; 1221.5
902; 0.126143240816481; 10992.3833868958; 10506.52; 1239.79
903; 0.127705992451017; 11053.7188400193; 10552.68; 1262.66
904; 0.136567112129826; 11097.8857637198; 10574.7; 1232.72
905; 0.129432753267736; 11044.7703416521; 10548.03; 1234.76
906; 0.125775249071042; 10954.6952083325; 10477.21; 1221.21
907; 0.133090457399898; 10842.9625537552; 10347.55; 1197.22
908; 0.125115983174036; 10712.3141023766; 10275.37; 1123.04
909; 0.11900924364628; 10502.9680153621; 10095.42; 1101.09
910; 0.116488449952273; 10238.3306088367; 9857.05; 1052.24
911; 0.114982904002431; 10029.6793732468; 9654.96; 1047.5
912; 0.119283311332991; 9716.4515691763; 9338.38; 1018.6
913; 0.127365445880889; 9486.17735589252; 9092.46; 993.31
914; 0.12014258127488; 9087.41769370491; 8733.46; 946.53
915; 0.130506269785679; 8729.01680541339; 8353.23; 924.95
916; 0.127115311378408; 8473.37285640133; 8121.34; 889.45
917; 0.128713866962351; 8101.38774302705; 7752.42; 870.64
918; 0.122663179054556; 7773.51847625952; 7459.75; 821.3
919; 0.116680253238262; 7555.45509200489; 7264.7; 799.98
920; 0.119825118243958; 7275.72658609752; 6995.79; 749.9
921; 0.130511095303695; 7017.02973812751; 6721.88; 725.82
922; 0.134687800815057; 6840.54384028578; 6539.28; 717.81
923; 0.13250711330537; 6574.34534595001; 6288.76; 691.56
924; 0.132558493253022; 6422.16041722992; 6145.76; 668.97
925; 0.141701971741207; 6181.4985062798; 5898.34; 641.02
926; 0.155851773722547; 5951.46428074237; 5662.37; 594.98
927; 0.142870413928888; 5780.89343062231; 5522.49; 580.06
928; 0.135344010084822; 5551.06992943662; 5315.76; 557.52
929; 0.134861663087723; 5308.63412688879; 5094.54; 509
930; 0.141751036728987; 5141.46193071048; 4918.46; 504.36
931; 0.143158548084466; 4833.61859549876; 4620.77; 476.6
932; 0.140663691563497; 4500.22627498341; 4308.68; 436.45
933; 0.133596072878038; 4237.08371410859; 4066.76; 408.57
934; 0.138119125185367; 3835.88380541574; 3675.65; 371.73
935; 0.134194048918351; 3393.95555458609; 3254.36; 333.29
936; 0.137934292898043; 3102.17759959357; 2974.81; 295.81
937; 0.121146098936618; 2657.98245154884; 2559.82; 259.54
938; 0.127197071881971; 2267.22021502691; 2188.07; 199.29
939; 0.136861026736445; 2039.82075255888; 1968.44; 167.02
940; 0.136942881166317; 1761.2978011795; 1694.3; 156.65
941; 0.113437758009999; 1540.63585328775; 1492.72; 135.23
942; 0.133835599222421; 1441.73946014008; 1387.37; 130.04
943; 0.123274321354796; 1337.64832123481; 1286.69; 132.31
944; 0.144763679640914; 1303.27096504256; 1244.67; 129.55
945; 0.131419996292563; 1301.39723410011; 1249.62; 126.07
946; 0.110251030595202; 1321.47376448154; 1278.41; 124.97
947; 0.119850729487706; 1361.23063709735; 1312.83; 129.19
948; 0.111844402551097; 1396.43148387926; 1348.84; 136.11
949; 0.116979468407371; 1467.3347195026; 1415.09; 142.84
950; 0.14533736145736; 1558.7670897598; 1490.69; 149.79
951; 0.133734087598283; 1612.47858203141; 1540.43; 172.26
952; 0.136831892869994; 1697.94568545285; 1616.44; 190.44
953; 0.127466510685114; 1778.82398907067; 1698.68; 200.99
954; 0.124909533181918; 1842.42906841893; 1761.94; 205.96
955; 0.143302773819916; 1951.98055638622; 1851.17; 224.82
956; 0.12847766253463; 2029.92331282355; 1937.02; 231.07
957; 0.123739399025477; 2086.46673843345; 1996.3; 232.82
958; 0.11617484515017; 2169.87389902805; 2090.68; 217.78
959; 0.119067254795264; 2239.560560271; 2161.75; 208.75
960; 0.135642176397234; 2293.38005923859; 2195.68; 230.05
961; 0.150302016933302; 2349.32468168062; 2242.09; 227.85
962; 0.133078208983167; 2381.19795192281; 2286.61; 226.96
963; 0.131859571430354; 2402.05341504916; 2305.87; 232.89
964; 0.126986382773678; 2428.21266395876; 2338.55; 225.41
965; 0.136083509545442; 2445.19686647871; 2344.92; 235.21
966; 0.131219485702731; 2472.65445346791; 2370.41; 248.69
967; 0.127820037157598; 2475.17401395715; 2385.29; 224.41
968; 0.120364961387982; 2482.20381819814; 2395.91; 228.76
969; 0.129774233185151; 2485.91892731313; 2396.97; 218.68
970; 0.1399030045085; 2493.21741612273; 2398.3; 216.43
971; 0.144414934219396; 2490.56363258878; 2389.14; 224.01
972; 0.144918213209942; 2480.47814542411; 2381.04; 218.84
973; 0.156272440819308; 2467.6180466485; 2367.5; 204.3
974; 0.161011032180215; 2460.58745473201; 2349.98; 219.04
975; 0.149922309757194; 2441.07922082902; 2340.69; 213.48
976; 0.148250324138651; 2429.26922058159; 2329.67; 214.16
977; 0.123107138765403; 2396.6073294355; 2314.39; 212.87
978; 0.106851875087936; 2365.2693540625; 2293; 215.55
979; 0.0890215847082793; 2333.7986276941; 2270.94; 225.01
980; 0.0767236875781773; 2307.11029632455; 2253.53; 222.51
981; 0.0824561362622208; 2268.33283629548; 2211.65; 219
982; 0.0948519504653683; 2233.38473289434; 2166.45; 224.79
983; 0.102740971828536; 2210.12962079762; 2136.66; 227.76
984; 0.119436533078997; 2189.52090885336; 2107.27; 219.31
985; 0.146559021857994; 2166.51566122324; 2067.62; 214.87
986; 0.15127125528364; 2136.454848793; 2036.48; 210.42
987; 0.153076395591887; 2111.97572991836; 2005.72; 220.98
988; 0.140260512713743; 2078.31603826625; 1984.27; 213.43
989; 0.14917425446479; 2052.76093368367; 1952.57; 213.76
990; 0.145922394694343; 2026.13173951052; 1930.05; 209.54
991; 0.153758968708463; 1986.71799691518; 1880.21; 220.41
992; 0.145108486429315; 1941.43125550631; 1848.35; 204.08
993; 0.159949021426306; 1903.45521046454; 1804.62; 196.57
994; 0.158164538873206; 1878.26235258422; 1785.01; 187.54
995; 0.152078400294878; 1833.19810238898; 1738.71; 197.61
996; 0.152359103624789; 1786.92595171249; 1698.8; 183.94
997; 0.155764562648382; 1745.29390802895; 1659.01; 176.14
998; 0.177717401386424; 1724.88003802809; 1637.37; 156.56
999; 0.147947032924384; 1674.66460409498; 1600.11; 160.2
1000; 0.144297415472133; 1629.79314349158; 1558.01; 158.13
1001; 0.129896439508566; 1602.14099132489; 1537.83; 157.36
1002; 0.129639753276915; 1569.67796178425; 1513.64; 137.37
1003; 0.115592265307832; 1532.92185319116; 1482.74; 137.95
1004; 0.107627741266788; 1501.23714648829; 1458.8; 125.28
1005; 0.0709298155566598; 1467.67250584801; 1439.4; 126.63
1006; 0.117573107646626; 1451.08003401389; 1403.8; 127.74
1007; 0.101219050782043; 1414.53464402407; 1377.82; 115.21
1008; 0.112944719090519; 1379.06383186154; 1336.17; 120.61
1009; 0.131668188106007; 1358.84941855667; 1307.77; 123.19
1010; 0.136732569460553; 1322.41759380066; 1274.54; 111.18
1011; 0.113027706265953; 1284.77098651218; 1243.99; 114.55
1012; 0.13641576525605; 1259.84090361589; 1208.87; 118.61
1013; 0.108746489661971; 1230.09524005669; 1190.37; 115.95
1014; 0.113432954001849; 1203.54717601556; 1163.01; 113.42
1015; 0.130173395895744; 1185.85108221562; 1137.11; 118.82
1016; 0.125705480887658; 1157.55411488019; 1113.5; 111.2
1017; 0.136051870801929; 1142.92657092127; 1094.83; 112.16
1018; 0.165729009729151; 1119.70854179875; 1066.64; 101.58
1019; 0.160382388605988; 1091.38454866807; 1043.81; 94.09
1020; 0.163771413519714; 1065.19870955751; 1015.07; 97.08
1021; 0.165384833758667; 1046.79865025156; 986.98; 114.7
1022; 0.14787232287982; 1009.73987128199; 965.88; 94.05
1023; 0.141169330361253; 976.559096133021; 931.74; 100.66
1024; 0.190443386113283; 965.27477904039; 909.96; 92.08
1025; 0.153255012695045; 938.796643603801; 889.66; 101.63
1026; 0.173099845584523; 918.899573830958; 858.31; 110.94
1027; 0.229366385594821; 901.55543212098; 822.79; 108.83
1028; 0.220533085335988; 877.337504427705; 812.16; 93.65
1029; 0.231034406158979; 862.943165921817; 790.63; 99.17
1030; 0.21716441881195; 837.908531995762; 774.07; 93.13
1031; 0.136562000828142; 799.684867741409; 765.45; 79.41
1032; 0.199002834006827; 789.589555376437; 747.55; 66.91
1033; 0.162316594395242; 763.74269239926; 731.51; 62.89
1034; 0.101655178528135; 748.933553852053; 729.22; 61.41
1035; 0.141574004663389; 734.92998955673; 712.65; 49.83
1036; 0.161460639287106; 716.607484277314; 692.97; 46.35
1037; 0.132628474200382; 697.334016036336; 674.92; 53.5
1038; 0.191239714349534; 697.468746080079; 662.79; 57.4
1039; 0.519543988849211; 714.597574583685; 596.18; 72.14
1040; -0.160161136058354; 648.017533178214; 690.97; 84.87
1041; 0.269793047139395; 686.434582647944; 731.93; -53.36
