# 06/03/2019 17:57:49
# NanoCalc data
# Original file name: C:\SVA_DATA\StudentProjects\2018_Nathan\PS-b-PI\PSbPI_520.dat
# Fit Result : Fitness; Thickness 1; Thickness 2; Thickness 3 
# Fit Result : 0.604950961992301; 2; 172.6; -1
# comment:PSbPI id:370 slowslow script start 16:33
#
# WaveLength; Reflectance; Raw Intensity; Dark Intensity; Reference Intensity
400; 0.161124784735125; 3923.55249143046; 3706.58; 652.97
401; 0.155522592392109; 4049.06096837375; 3827.82; 686.82
402; 0.157908349535185; 4149.61055289039; 3922.88; 690.19
403; 0.149823539332204; 4241.99644323936; 4026.52; 688.46
404; 0.150810625605494; 4336.04030000356; 4116.57; 693.7
405; 0.141449794692351; 4482.40361333578; 4267.86; 720.2
406; 0.132953844607179; 4586.9938601117; 4392.4; 692.25
407; 0.132705111754687; 4696.78002040989; 4498.1; 705.33
408; 0.138756183169376; 4813.92799889337; 4602.23; 715.92
409; 0.133668099019193; 4903.44509174784; 4697.66; 719.74
410; 0.132767109503308; 5059.2415362626; 4851.48; 728.85
411; 0.127292767678005; 5136.02925085234; 4933.69; 737.74
412; 0.129684498818587; 5220.60015958805; 5006.35; 764.04
413; 0.131005760009809; 5298.46035533201; 5074.69; 787.31
414; 0.136323018259448; 5430.60250204092; 5187.46; 819.34
415; 0.145796342478792; 5527.65958484095; 5262.83; 831.69
416; 0.139256243465653; 5590.68940525813; 5333.87; 841.6
417; 0.128717268615344; 5668.32274008227; 5432.16; 834.5
418; 0.118917801916171; 5777.21978948127; 5554.94; 847.33
419; 0.121042935984033; 5868.14169309533; 5639.25; 854.66
420; 0.124633383386852; 5979.00652462499; 5731.78; 893.85
421; 0.125874536469683; 6093.52668155513; 5844.55; 888.7
422; 0.128035979923724; 6249.06914430595; 5986.26; 919.54
423; 0.121339150110504; 6351.72057729824; 6097.41; 936.13
424; 0.114919038329269; 6470.56562093267; 6222.48; 961.37
425; 0.123742066456721; 6616.19271943212; 6336.9; 1002.4
426; 0.144865087781298; 6847.6158699168; 6501.39; 1058.55
427; 0.145058622178162; 7000.71066238753; 6648.16; 1073.5
428; 0.147497745221611; 7150.68629805119; 6783.3; 1097.16
429; 0.150013016981273; 7281.10047997876; 6907.86; 1093.25
430; 0.151087789101679; 7493.53075915857; 7111.68; 1107.74
431; 0.149802509932003; 7630.1355237024; 7247.41; 1117.05
432; 0.153534482730039; 7759.57555228905; 7363.78; 1124.31
433; 0.160124467399843; 7875.64798547228; 7451.35; 1152.9
434; 0.155974079322592; 8035.2886595436; 7622.06; 1149.92
435; 0.156487940448653; 8144.63917491812; 7725.43; 1160.22
436; 0.157394350294431; 8232.16626847155; 7810.18; 1158.66
437; 0.162945951710084; 8352.01909344093; 7906.48; 1178.93
438; 0.166728158521808; 8527.96355734579; 8054.32; 1222.03
439; 0.17269261027406; 8631.96992428708; 8136.76; 1230.73
440; 0.168311306377633; 8716.98915760907; 8228.69; 1242.29
441; 0.162471124941803; 8805.83770912879; 8339.09; 1227.41
442; 0.168119920284439; 8980.92577314989; 8479.44; 1271.58
443; 0.171092653851467; 9094.38902546136; 8574.86; 1291.6
444; 0.179543714699141; 9254.04115907; 8692.65; 1327.07
445; 0.17786585922243; 9375.48996682144; 8808.71; 1349.4
446; 0.175292851898979; 9572.25853808797; 8995.09; 1391.12
447; 0.188093426153112; 9782.39268643848; 9152.97; 1410.79
448; 0.18621808522959; 9962.17077028728; 9325.63; 1437.98
449; 0.197454228190841; 10269.9232855957; 9579.28; 1468.31
450; 0.195060737929842; 10456.5873632498; 9774.98; 1463.74
451; 0.197419808577852; 10650.9711968342; 9949.44; 1485.53
452; 0.195648304220323; 10839.9144675845; 10146.84; 1477.89
453; 0.193698263908756; 11163.9423276439; 10453.15; 1527.91
454; 0.198014699124877; 11405.4442301451; 10674.94; 1533.01
455; 0.198411225934286; 11619.7372571235; 10869.94; 1567.29
456; 0.201109231170291; 11862.7791996356; 11067.31; 1637.27
457; 0.206533786998817; 12250.0507654686; 11406.59; 1687.26
458; 0.203374958798825; 12516.6447050443; 11668.57; 1719.54
459; 0.201448463302221; 12751.3348156274; 11888.18; 1763.56
460; 0.201311792636801; 13006.5951210271; 12120.23; 1808.82
461; 0.199841120479101; 13362.0084299806; 12477.98; 1813.95
462; 0.201228811183195; 13589.2431166447; 12696.02; 1816.78
463; 0.198862988416405; 13804.7513052938; 12920.83; 1815.95
464; 0.19809090916972; 14164.4883275659; 13251.1; 1880.37
465; 0.198080488761359; 14425.4113887759; 13499.29; 1903.39
466; 0.198085797766297; 14669.1179446584; 13714.15; 1959.18
467; 0.2094064816491; 14975.0781998266; 13941.45; 2002.55
468; 0.207664925497909; 15471.2971256972; 14419.99; 2050.42
469; 0.211250051413287; 15816.838819311; 14715.46; 2108.14
470; 0.21768517367369; 16186.4578585455; 15030.91; 2142.93
471; 0.217794763228499; 16631.7482595506; 15439.32; 2206.59
472; 0.220658081249766; 17281.7079983031; 16033.97; 2275.28
473; 0.22339513872499; 17768.2396697926; 16472.79; 2329.59
474; 0.226649797433042; 18291.8803514828; 16951.53; 2371.89
475; 0.227825135669389; 19171.4857343705; 17780.12; 2445.55
476; 0.228958732801964; 19766.2643496; 18330.84; 2506.42
477; 0.233475811728978; 20416.0875113108; 18892.02; 2605.57
478; 0.237231636001655; 21172.9616078615; 19567.89; 2696.25
479; 0.238227514931099; 22241.6144076799; 20540.83; 2840.66
480; 0.238456809561394; 23016.497897097; 21247.71; 2946.79
481; 0.238417376806714; 23761.9945544921; 21945.87; 3021.61
482; 0.241748752053006; 24912.2604997204; 23001.33; 3130.81
483; 0.245702277521485; 25695.1587039424; 23698.95; 3213.18
484; 0.250194364947199; 26468.5154764432; 24387.59; 3284.49
485; 0.256084784989459; 27255.6008242565; 25047.89; 3399.35
486; 0.257687906749501; 28287.4879126461; 25989.21; 3511.42
487; 0.261754226481335; 28946.7919684691; 26548.62; 3601.68
488; 0.262174532174095; 29587.3264923842; 27137.19; 3668.26
489; 0.262419114204885; 30188.7853156225; 27674.23; 3755.82
490; 0.260446523445564; 31052.881207476; 28469.58; 3882.15
491; 0.262080640035451; 31583.9284459688; 28962.28; 3910.11
492; 0.2621360276063; 32087.2260422369; 29398.31; 4004.35
493; 0.262147628190483; 32772.989494764; 30045.96; 4055.79
494; 0.263069647657613; 33213.3991024369; 30450.65; 4089.41
495; 0.265538671285801; 33654.7032432149; 30849.74; 4108.15
496; 0.2643598045497; 34226.3118918382; 31406.65; 4142.99
497; 0.266869673472155; 34617.7181283484; 31767.86; 4142.86
498; 0.269698189177456; 34987.5064280037; 32067.12; 4195.67
499; 0.272763623838389; 35396.2004635211; 32404.94; 4243.83
500; 0.277270648628854; 35925.9310053479; 32863.49; 4268.88
501; 0.282039628693137; 36299.5658793997; 33146.16; 4315.77
502; 0.283290343748422; 36666.061332556; 33476.28; 4340.55
503; 0.283408978625237; 37196.7902678577; 33974.55; 4377.29
504; 0.291252254759119; 37661.4398733114; 34328.61; 4399.96
505; 0.293263384624112; 38103.8494290828; 34741.28; 4403.53
506; 0.296330464907825; 38533.3610683041; 35107.34; 4434.89
507; 0.300874466390774; 39183.4811003691; 35715.47; 4416.36
508; 0.299004204947862; 39588.7605477681; 36120.4; 4439.31
509; 0.298599204533757; 40022.3943147933; 36537.16; 4462.01
510; 0.297490192493622; 40717.737883529; 37164.54; 4560.8
511; 0.298918890950791; 41182.9196625802; 37577.28; 4600.76
512; 0.294418944858508; 41588.6054879716; 38001.86; 4641.31
513; 0.296617911322486; 42268.376713026; 38544.65; 4777.5
514; 0.297272314105022; 42718.1981762465; 38978.11; 4782.45
515; 0.293036004820895; 43152.2943622243; 39357.58; 4916.92
516; 0.293576827211254; 43584.645336005; 39710.45; 5004.9
517; 0.295611378781246; 44283.2567773058; 40331.64; 5063.94
518; 0.294463730835515; 44726.3467208528; 40749.91; 5109.82
519; 0.297301213847364; 45197.5396156167; 41153.15; 5141.7
520; 0.300229715274905; 45902.8346630908; 41744.27; 5229.46
521; 0.300062875132802; 46346.7392092031; 42147.85; 5277.47
522; 0.298231805992245; 46798.6915590152; 42528.95; 5393.7
523; 0.299333426099235; 47442.1208382192; 43144.91; 5402.76
524; 0.299482814069121; 47913.507108148; 43568.3; 5454.65
525; 0.301478654484326; 48339.158863584; 43928.06; 5495.06
526; 0.302599259994008; 48928.936387173; 44426.05; 5582.88
527; 0.302734681318701; 49337.4328569493; 44754.61; 5673.87
528; 0.298823634337601; 49685.3194220152; 45083.01; 5766.75
529; 0.297515434074723; 49998.7276943068; 45349.17; 5845.8
530; 0.300150231444921; 50420.4421836204; 45699.78; 5877.43
531; 0.30175105990822; 50700.5695340977; 45874.99; 5970.71
532; 0.299033368319245; 50897.0806040433; 46081.55; 6006.91
533; 0.298575989145185; 51200.6667231476; 46374.85; 6023.42
534; 0.297129838958912; 51362.5046338495; 46512.86; 6077.02
535; 0.296666916591383; 51538.98588925; 46705.25; 6060.18
536; 0.299531446359713; 51824.8971752258; 46893.06; 6117.76
537; 0.297824311797512; 51976.3745910684; 47060.97; 6125.72
538; 0.297207902845452; 52173.0042530593; 47278.55; 6105.66
539; 0.299380696221434; 52475.1122113208; 47591.89; 6041.35
540; 0.30340012849073; 52709.5906251238; 47751.12; 6047.07
541; 0.304853409802572; 52937.6997929541; 47934.66; 6067.28
542; 0.309617056994294; 53338.3799750023; 48265.44; 6052.34
543; 0.310428187086345; 53582.7389348732; 48472.17; 6076.53
544; 0.311419331181427; 53847.249421084; 48742.04; 6046.08
545; 0.315240875784902; 54296.0663899721; 49147.92; 6018.12
546; 0.3179740771127; 54621.4996694594; 49400.39; 6046.02
547; 0.322041275312626; 54958.5690572344; 49589.44; 6133.58
548; 0.317797713113386; 55469.1902024484; 50065.48; 6250.24
549; 0.318450226691782; 55786.1213584245; 50321; 6302.83
550; 0.317444716891528; 56144.2725506759; 50631.34; 6372.71
551; 0.315530314335551; 56445.2832854915; 50941.36; 6395.47
552; 0.316441249381411; 56926.0441804272; 51381.82; 6418.3
553; 0.319579288473795; 57296.6399800868; 51642.05; 6476.44
554; 0.317268136604646; 57611.7555614158; 51958.5; 6516.52
555; 0.317126539671439; 58079.7293684535; 52472.31; 6461.05
556; 0.32114553330306; 58436.3266742473; 52774.37; 6436.57
557; 0.319155145948857; 58758.6723027825; 53127.07; 6436.47
558; 0.319307009782206; 59285.0313620304; 53628.3; 6456.57
559; 0.320494065256999; 59704.1758813254; 53982.54; 6500.87
560; 0.317890268013837; 60089.4412697528; 54374.65; 6540.64
561; 0.316928688506608; 60848.7016634921; 55113.13; 6578.83
562; 0.318335861576574; 61421.6412737909; 55594.48; 6648.59
563; 0.31810359879805; 62001.1091172438; 56111.99; 6718.72
564; 0.317157482194719; 62896.4834117246; 56872.57; 6887.39
565; 0.320388404740516; 63509.2339016061; 57392.16; 6918.28
566; 0.321385897984335; 64086.3499584262; 57887.77; 6983.55
567; 0.320576507157268; 64830.6282368962; 58581.27; 7053.7
568; 0.320020538301205; 65215.0811004239; 58892.28; 7144.09
569; 0.320168180862095; 65439.2113703159; 59048.64; 7212.18
570; 0.320724316305135; 65584.9377669674; 59201.32; 7186.7
571; 0.319215612227016; 65554.046829228; 59179.33; 7205.05
572; 0.319855963775774; 65481.2968913584; 59136.17; 7151.54
573; 0.316599891195278; 65182.5913026293; 58913.77; 7132.5
574; 0.318052328008569; 64959.4482662961; 58730.17; 7049.31
575; 0.3169883559226; 64597.1962826945; 58409.27; 7020.39
576; 0.320335791771901; 64459.2085417923; 58286.82; 6924.21
577; 0.316212521006811; 64234.2060078983; 58156.17; 6901.91
578; 0.313277232956322; 63957.7440648437; 57942.19; 6889.6
579; 0.313591297108021; 63848.6903189795; 57832.37; 6878.4
580; 0.311833508959788; 63727.1482907822; 57747.7; 6869.6
581; 0.311029941435995; 63525.536962997; 57553.64; 6873.83
582; 0.30949912435668; 63414.5138978893; 57452.74; 6891.28
583; 0.311651707510747; 63335.967091929; 57372.5; 6841
584; 0.313430115903723; 63244.5854980423; 57257.56; 6824.62
585; 0.318671473310638; 63239.9837698191; 57205.45; 6761.24
586; 0.320390239926334; 63218.699627905; 57145.37; 6763.8
587; 0.318023576509689; 63123.1670345684; 57079.59; 6776.52
588; 0.318009341768421; 63045.9119476716; 56937.13; 6845.66
589; 0.319581620707649; 63038.6123499228; 56955.2; 6779.63
590; 0.318150547563661; 63001.2063901741; 56919.06; 6804.44
591; 0.317513171955706; 62989.5236532808; 56871.59; 6853.91
592; 0.314540538643202; 62994.6543155459; 56866.08; 6926.36
593; 0.312543535597713; 63054.777547061; 56885.37; 7012.64
594; 0.313757731414996; 63123.5340258064; 56949.44; 6986.4
595; 0.31450033821649; 63358.4574751656; 57139.71; 7015.88
596; 0.315853546403285; 63611.0407543881; 57370.84; 7005.49
597; 0.313482337344261; 63839.1208056994; 57620.87; 7029.2
598; 0.313874517368073; 64373.4253048287; 58084.9; 7095.26
599; 0.314728074480043; 64830.0852835792; 58524.45; 7090.77
600; 0.313700532946725; 65310.5669612014; 59020.31; 7092.14
601; 0.31083541723296; 66132.7542914385; 59811.73; 7187.95
602; 0.306702121499896; 66763.2022211901; 60413.01; 7313.98
603; 0.304722323928911; 67388.5428376998; 60992.44; 7410
604; 0.303697659543589; 68285.099909491; 61857.75; 7466.56
605; 0.302862201279819; 68897.5647502622; 62404.92; 7558.6
606; 0.302089238379746; 69502.9489048473; 62931.49; 7665.24
607; 0.303220750116872; 70231.5765389625; 63575.16; 7730.63
608; 0.304243571764174; 70640.5816317218; 63913.77; 7781.35
609; 0.306503311491546; 71144.2111169656; 64286.44; 7869.52
610; 0.308353066527501; 71308.3820671937; 64387.2; 7889.79
611; 0.310712981993912; 71472.0213518152; 64454.87; 7933.77
612; 0.311269525159531; 71481.579794563; 64486.18; 7890.17
613; 0.31168077461482; 71431.9764162512; 64382.6; 7935.66
614; 0.313509982180931; 71283.7333829456; 64258.5; 7857.7
615; 0.312413914376836; 70876.7936512558; 63951.06; 7769
616; 0.31398458881035; 70586.8743007303; 63649.54; 7738.29
617; 0.314656958694738; 69955.7122338371; 63191.8; 7524.48
618; 0.316514460064796; 69558.7395937429; 62865.79; 7397.46
619; 0.314079266268365; 69103.7384114343; 62524.5; 7324.23
620; 0.314564051261203; 68450.4236491315; 61903.74; 7272.85
621; 0.315827258896397; 68000.0164883777; 61522.57; 7163.5
622; 0.313846427705991; 67535.0131225639; 61120.28; 7135.28
623; 0.315364811499095; 66935.318730072; 60595.35; 7014.78
624; 0.313886768072186; 66514.7638836888; 60252.71; 6957.84
625; 0.312306695741374; 65999.2268232617; 59771.23; 6951.65
626; 0.308275931997868; 65641.4218097357; 59483.48; 6959.96
627; 0.308865086789938; 65291.748566333; 59165.07; 6908.27
628; 0.307172116423066; 64790.6685563085; 58794.21; 6795.41
629; 0.306695538403425; 64490.2267688574; 58562.43; 6724.97
630; 0.307558188401546; 64223.6456431195; 58288.09; 6711.82
631; 0.307742742286762; 63833.9531150764; 57859.83; 6748.49
632; 0.306134323705112; 63551.9952505965; 57682.5; 6662.28
633; 0.304549006440066; 63107.9275108217; 57342.16; 6575.79
634; 0.306192923912614; 62862.608835156; 57084.01; 6552.04
635; 0.308541110327969; 62628.850116658; 56861.14; 6486.39
636; 0.305674884556201; 62308.1662412221; 56610.25; 6464.46
637; 0.305965722995841; 62077.0305682055; 56396.33; 6434.92
638; 0.306584968734181; 61907.0293094272; 56258.02; 6382.24
639; 0.303247021040319; 61597.0156804592; 56020.93; 6365.53
640; 0.300829229171876; 61387.4278450436; 55817.61; 6405.6
641; 0.29980954431141; 61083.7032763732; 55521.74; 6414.99
642; 0.301256979173324; 60871.3669236308; 55345.1; 6339.9
643; 0.29886740793429; 60696.0773089554; 55211.6; 6339.15
644; 0.299161834194489; 60390.5612481773; 54932.43; 6299.39
645; 0.299992684975951; 60253.0548196152; 54787.8; 6287.41
646; 0.298427085388336; 59941.2497436523; 54543.39; 6239.56
647; 0.298505310107147; 59744.8434001998; 54402.96; 6170.73
648; 0.3023455957654; 59601.2990522454; 54223.42; 6130.91
649; 0.308274128921717; 59456.1854365547; 53981.55; 6118.52
650; 0.306970329769301; 59342.1336882946; 53857.78; 6152.73
651; 0.308167966409477; 59163.1953406214; 53690.78; 6112.63
652; 0.307181476878916; 59041.8170508791; 53508.46; 6197.48
653; 0.307434307492989; 58901.337184966; 53373.85; 6182.75
654; 0.309495440508947; 58714.281163341; 53197.75; 6126.54
655; 0.307091575921841; 58600.415152734; 53072.59; 6184.61
656; 0.303828129992779; 58381.6287606125; 52943.74; 6146.82
657; 0.300435871837322; 58239.535948733; 52900.86; 6100.67
658; 0.300415588849522; 58138.4038278231; 52840.08; 6052.84
659; 0.301140178408658; 57982.4777622059; 52741.87; 5970.05
660; 0.298403434364542; 57866.0435054079; 52729.32; 5902.95
661; 0.294900415708485; 57691.6054829156; 52604.84; 5911.68
662; 0.290780378565112; 57539.9105837461; 52521.21; 5912.09
663; 0.290794508732874; 57435.6768890009; 52451.09; 5868.51
664; 0.288969212153445; 57234.4296568758; 52287.7; 5857.45
665; 0.28894498480518; 57100.1670941091; 52132.9; 5880.01
666; 0.285794910244367; 56906.5927555594; 51959.38; 5918.55
667; 0.286716642208414; 56774.7352477646; 51781.68; 5952.26
668; 0.290473680484396; 56616.9585148157; 51634.69; 5860.85
669; 0.287541113299157; 56354.0844006162; 51450.2; 5825.24
670; 0.287685334528948; 56221.8957799251; 51293.57; 5849.09
671; 0.289717791182633; 56030.3926050927; 51072.93; 5839.11
672; 0.288469817621338; 55871.9089410281; 50919.86; 5854.67
673; 0.286273302731152; 55698.0461397461; 50787.07; 5847.19
674; 0.281022341193195; 55315.5794235762; 50579.53; 5741.04
675; 0.279730397286944; 55085.398680237; 50427.07; 5670.38
676; 0.274304254816235; 54725.5724840872; 50091.77; 5749.54
677; 0.27224770678072; 54475.3792602377; 49872.31; 5752.67
678; 0.267703548387071; 54069.8557065165; 49530.92; 5766.75
679; 0.265143673676696; 53765.7638735014; 49327.37; 5691.42
680; 0.264466259434247; 53472.6884864201; 49070.42; 5657.7
681; 0.264639398912856; 53047.2866684157; 48667.39; 5623.25
682; 0.26724990692614; 52809.479979638; 48374.21; 5636.53
683; 0.264149671509632; 52421.8226727452; 48043.66; 5627.07
684; 0.26514810745435; 52198.0893001883; 47814.76; 5610.48
685; 0.265585888748894; 51808.4255717487; 47448.75; 5568.84
686; 0.262663985514696; 51467.5813815542; 47154.8; 5568.22
687; 0.259633638152631; 51158.3227690489; 46914.24; 5541.32
688; 0.260309154915149; 50748.8503524366; 46556.39; 5457.75
689; 0.262548297073924; 50525.7198351418; 46363.53; 5370.2
690; 0.261103867504496; 50137.5902343522; 46046.68; 5305.36
691; 0.263431047380417; 49874.0886090664; 45810.71; 5221.06
692; 0.261821457787723; 49579.5776498702; 45598.99; 5144.11
693; 0.26167162542875; 49146.3673985323; 45273.63; 5005.64
694; 0.261849462391294; 48910.6551304192; 45056.87; 4975.81
695; 0.262207045951495; 48539.1074791002; 44704.09; 4942.74
696; 0.258492490999466; 48277.0071503896; 44432.28; 5024.34
697; 0.250536493375137; 47818.797700121; 44035.44; 5098.84
698; 0.246907116766975; 47503.7478320435; 43744.03; 5139.29
699; 0.249911085784749; 47134.7496822681; 43359.07; 5097.07
700; 0.246561891438035; 46873.4411894952; 43110.29; 5147.14
701; 0.247875699779098; 46667.0556777176; 42902.64; 5120.03
702; 0.243289976733014; 46240.3325553843; 42569.63; 5084.98
703; 0.24059450701213; 45962.6442357387; 42344.57; 5066.69
704; 0.241602947429154; 45599.7341275444; 42087.37; 4896.64
705; 0.240692824689442; 45344.3581334029; 41885.5; 4838.37
706; 0.239706007405794; 45010.7545536948; 41620.16; 4760.67
707; 0.235852798438283; 44767.8906977739; 41416.61; 4780.31
708; 0.234413939752219; 44534.6388061356; 41271.22; 4681.56
709; 0.232026451880567; 44189.8364163887; 40978.27; 4652.88
710; 0.230696341097306; 43959.9120946215; 40764.97; 4653.78
711; 0.227561496511795; 43616.0593435099; 40463.52; 4654.28
712; 0.226064412129024; 43377.4536730093; 40255.7; 4638.36
713; 0.222855108635138; 43013.9575527543; 39964.91; 4594.59
714; 0.218253515796979; 42665.480770681; 39680.95; 4591.35
715; 0.214777673577073; 42202.750998363; 39286.31; 4557.68
716; 0.214863796743072; 41862.1906424823; 38975.93; 4507.33
717; 0.214556957841562; 41521.2561833589; 38672.49; 4453.37
718; 0.213338131567664; 40983.5108272304; 38238.07; 4314.65
719; 0.212331099454314; 40619.1862213155; 37915.28; 4267.7
720; 0.213420755897577; 40063.3657179465; 37379.7; 4212.45
721; 0.218477346660626; 39765.9250308705; 37030.83; 4192.27
722; 0.219407827441345; 39290.5521748088; 36569.84; 4151.01
723; 0.220653701166028; 38973.7955750331; 36281.38; 4083.14
724; 0.214157439421554; 38451.6540453726; 35846.8; 4068.68
725; 0.213007358051022; 38211.6317074215; 35618.41; 4070.88
726; 0.215168565484872; 37964.7683365851; 35362.68; 4042.28
727; 0.219159136054859; 37856.8757859983; 35264.68; 3952.13
728; 0.217452626106123; 37726.8623861131; 35147.92; 3961.44
729; 0.216884590172304; 37595.0991279569; 35036.8; 3938.93
730; 0.221996772672547; 37586.861404891; 34982.23; 3916.83
731; 0.221143709855018; 37597.4442468398; 34979.16; 3952.18
732; 0.225746440564677; 37653.1881109903; 34973.38; 3962.08
733; 0.223082663431739; 37663.3025443961; 34983.99; 4008.15
734; 0.221486220739016; 37619.0812981777; 34934.58; 4044.48
735; 0.220392350214245; 37584.3882054734; 34904.98; 4055.84
736; 0.217460386022019; 37491.2443708516; 34849.66; 4051.37
737; 0.215159057034734; 37422.7925019032; 34798.35; 4066.75
738; 0.216227116889657; 37358.2289134639; 34719.07; 4067.97
739; 0.21753589307695; 37283.7863864479; 34662.43; 4014.73
740; 0.21658563262144; 37212.7528721513; 34599.66; 4018.14
741; 0.217263285691188; 37154.3043208198; 34559.08; 3976.86
742; 0.213565776176869; 37125.727213005; 34577.6; 3971.06
743; 0.213318291729925; 37141.1328677659; 34597.75; 3966.91
744; 0.215631697344368; 37358.3699124974; 34756.32; 4013.5
745; 0.210976427515536; 37453.4143006381; 34929.32; 3977.68
746; 0.205531765507978; 37643.6127859518; 35180.48; 3982.95
747; 0.2063994291706; 37840.1954672367; 35380.24; 3959.61
748; 0.207362275603104; 38072.7458410085; 35579.02; 3993.96
749; 0.206471393517806; 38137.0753418764; 35638.56; 4017.77
750; 0.208047581742738; 38143.0730524619; 35621.81; 4022.63
751; 0.206109233448355; 38036.5166194864; 35526.21; 4042.69
752; 0.205080498165295; 37769.1657351129; 35272.84; 4040.09
753; 0.204391069643224; 37524.1297589042; 35021.98; 4063.05
754; 0.202996005813576; 37017.8195625357; 34535.94; 4057.58
755; 0.201094750692554; 36609.6214709805; 34165.32; 4032.92
756; 0.196238082012125; 35936.7379665519; 33598.04; 3953.07
757; 0.192227713825678; 35523.9678184262; 33242.28; 3935.57
758; 0.188298373548833; 34869.6751203835; 32670.12; 3871.5
759; 0.190176945055613; 34487.159759383; 32281.18; 3842.65
760; 0.187876378795238; 34081.6472952716; 31924.78; 3801.32
761; 0.186599701670354; 33483.8765832925; 31362.01; 3763.45
762; 0.18225091496356; 33076.1442782154; 31037.12; 3701.07
763; 0.181113208162405; 32555.6279531474; 30554.28; 3654.01
764; 0.18122968054656; 32238.0686407167; 30276.78; 3577.22
765; 0.184814392346559; 31806.4091407073; 29844.63; 3508.38
766; 0.186910189630815; 31557.068527452; 29592.35; 3473.91
767; 0.185594219951158; 31112.1444037944; 29220.25; 3368.97
768; 0.186507516364214; 30834.9749895407; 28985.12; 3278.08
769; 0.195048449245806; 30515.6881890778; 28613.79; 3222.52
770; 0.194191758805567; 30264.0032579626; 28396.16; 3178.58
771; 0.19329582865404; 29893.9094607591; 28063.51; 3128.02
772; 0.193138480119253; 29670.129211645; 27824.41; 3155.48
773; 0.189738628002798; 29294.1347703029; 27511.03; 3101.69
774; 0.19076735762414; 29037.7542523341; 27250.38; 3090.89
775; 0.186394695014413; 28697.6354629629; 26923.11; 3139.57
776; 0.18169842597568; 28432.0660591956; 26692.28; 3156.47
777; 0.179458950989286; 28073.9836413698; 26378.67; 3113.38
778; 0.181780366682249; 27875.4050086623; 26156.79; 3114.98
779; 0.182653198012693; 27547.0888090463; 25833.84; 3089.73
780; 0.184126285281511; 27351.6002151156; 25644.18; 3053.81
781; 0.186108365005287; 27073.2922906531; 25391.25; 2975.72
782; 0.186501866923087; 26880.3817640672; 25220.98; 2928.73
783; 0.188017436312075; 26570.5390055878; 24943.53; 2847.78
784; 0.18650846123089; 26378.9458245946; 24783.44; 2814.52
785; 0.184083571460063; 26084.5996007526; 24512.17; 2809.55
786; 0.179763358397088; 25868.1957140053; 24354.29; 2769.2
787; 0.172774098726471; 25540.1266764801; 24111.29; 2718.46
788; 0.169647719301567; 25323.8867767715; 23935.54; 2689.25
789; 0.166415238052706; 24988.8909146253; 23629; 2684.53
790; 0.164968732508102; 24786.2249458102; 23429.19; 2701.61
791; 0.161329327860735; 24508.1138368327; 23215.9; 2629.93
792; 0.161327849375051; 24318.1533964313; 23023.05; 2635.25
793; 0.159225748164037; 24054.3148184738; 22777.42; 2632
794; 0.163317563855096; 23897.9039904752; 22595.01; 2617.89
795; 0.164834183106291; 23660.5270200587; 22336.97; 2634.77
796; 0.160925000153208; 23422.2173489579; 22112.83; 2669.71
797; 0.16159430962869; 23295.9253381388; 21984.92; 2661.85
798; 0.16168176611788; 23076.4445892579; 21770.62; 2649.81
799; 0.16097395674174; 22916.9140345926; 21624.52; 2633.75
800; 0.161465450025981; 22708.8283418466; 21451.6; 2553.96
801; 0.158678979312396; 22520.7756825516; 21296.11; 2530.61
802; 0.15497924686125; 22292.45043378; 21094.24; 2534.16
803; 0.156480742551572; 22156.6088930476; 20965.53; 2493.87
804; 0.155736880161032; 21931.5898463138; 20777.34; 2427.37
805; 0.156538696724589; 21784.3791479003; 20626.73; 2421.43
806; 0.157164624435229; 21563.8853191074; 20408.68; 2406.08
807; 0.161096448693866; 21444.3199406911; 20262.29; 2401.48
808; 0.163378335482081; 21246.1956499509; 20069.98; 2355.84
809; 0.171779687190007; 21156.7343411456; 19935.88; 2325.21
810; 0.160046162643487; 20891.7473299892; 19758.37; 2316.34
811; 0.157279130633211; 20734.8115213351; 19629.76; 2297.52
812; 0.151071273016701; 20498.5158827531; 19440.29; 2289.84
813; 0.153590360308144; 20396.9059314632; 19329.39; 2271.4
814; 0.14550158397047; 20194.2848463403; 19206.63; 2217.59
815; 0.144125482325031; 20077.4429647933; 19107.39; 2198.44
816; 0.141736945706451; 19897.6283505252; 18944.37; 2196.29
817; 0.142759259359703; 19740.9151109996; 18785.86; 2184.32
818; 0.14646404419361; 19656.3598984442; 18686.34; 2162.08
819; 0.153208485017983; 19474.8997868476; 18460.03; 2162.05
820; 0.156092373857615; 19350.5648519691; 18313.57; 2167.88
821; 0.151718905520531; 19153.6563521988; 18130.17; 2200.68
822; 0.151079225552525; 19019.3936092006; 17998; 2204.84
823; 0.146806227280111; 18824.8041628897; 17836.87; 2194.12
824; 0.148836857326483; 18725.3028657186; 17730.5; 2178.67
825; 0.14486327909816; 18563.9944230185; 17610.23; 2146.02
826; 0.145058515721525; 18459.7053565999; 17535.63; 2076.42
827; 0.142676492905154; 18328.403896293; 17428.2; 2056.75
828; 0.145452469500248; 18243.9284158425; 17337.68; 2031.24
829; 0.147956918283684; 18093.2483873246; 17185.3; 2000.41
830; 0.147899074093887; 17945.2560609222; 17061.23; 1948.34
831; 0.149386253453877; 17847.4599229961; 16971.77; 1909.83
832; 0.143193887634456; 17682.3415691287; 16860.01; 1870.11
833; 0.13868008977265; 17569.2785326616; 16770.25; 1875.35
834; 0.13617706265867; 17410.9191421251; 16645.37; 1828.97
835; 0.133399315880262; 17300.2969325137; 16549.23; 1831.26
836; 0.121636142673775; 17119.8595801894; 16453.14; 1782.35
837; 0.119886006777299; 17029.1665085054; 16379.07; 1763.51
838; 0.120650182428326; 16885.9079441559; 16235.15; 1754.35
839; 0.126471297907246; 16765.2930552494; 16074.2; 1778.6
840; 0.128111086251345; 16681.229900817; 15981.44; 1777.93
841; 0.125933982556724; 16553.1277851037; 15866.44; 1776.81
842; 0.124004806295875; 16457.7152708415; 15776.56; 1789.51
843; 0.126045149706363; 16330.1525886392; 15646.69; 1766.05
844; 0.127338775670324; 16239.4091024044; 15542.12; 1783.07
845; 0.125171223656291; 16074.601968077; 15390.02; 1780.43
846; 0.118295780759186; 15971.4513301141; 15331.09; 1761.82
847; 0.114286088947222; 15841.8403287833; 15227.78; 1748.28
848; 0.109875518602664; 15670.929236471; 15098.25; 1695.53
849; 0.107846143703473; 15572.2009033936; 15011.88; 1689.72
850; 0.107029401539967; 15404.1576938584; 14856.35; 1664.16
851; 0.116080317391075; 15334.3472342618; 14747.7; 1642.82
852; 0.114879530340371; 15187.4980053443; 14619.18; 1607.71
853; 0.113702503305487; 15073.9872628519; 14518.29; 1587.92
854; 0.113543585472378; 14876.9558903934; 14338.6; 1540.12
855; 0.113099450621058; 14689.2428573884; 14151.45; 1544.2
856; 0.111811253276289; 14567.3033611388; 14045.55; 1515.11
857; 0.112856536110106; 14424.0194248131; 13919.7; 1450.59
858; 0.108614110457856; 14316.0061668568; 13825.47; 1465.77
859; 0.109648601393588; 14150.2353668387; 13648.99; 1483.35
860; 0.113507179492814; 14058.719712035; 13531.11; 1507.95
861; 0.110144350034165; 13907.2791923066; 13401.13; 1490.49
862; 0.107206098792587; 13769.0685749691; 13274.97; 1494.59
863; 0.111421013586672; 13674.2362882633; 13154.46; 1512.49
864; 0.115764607835516; 13508.2747172246; 12956.07; 1546.21
865; 0.11960344022606; 13390.5464941543; 12824.65; 1533.39
866; 0.126933676853677; 13229.9992552665; 12635.79; 1516.83
867; 0.121846680492029; 13003.3226230382; 12433.88; 1513.95
868; 0.115023851117926; 12820.1870449763; 12293.84; 1482.09
869; 0.11426150999977; 12571.930908961; 12058.37; 1455.45
870; 0.113365268878689; 12394.7566480868; 11894.82; 1427.76
871; 0.118882233404797; 12148.3015480959; 11642.25; 1377.84
872; 0.114699787323394; 11956.9275433589; 11469.19; 1376.13
873; 0.103539617661687; 11662.1053119668; 11235.69; 1332.53
874; 0.0980451157808695; 11401.4672124605; 11012.1; 1284.65
875; 0.103550940545376; 11266.4322916004; 10866.29; 1249.76
876; 0.107333396597631; 11047.7175036774; 10645.77; 1210.92
877; 0.115494747765858; 10933.1773504799; 10509.02; 1187.3
878; 0.11678778259751; 10756.5116210942; 10330.64; 1178.63
879; 0.114439385284227; 10596.3373824089; 10193.75; 1136.83
880; 0.11694745105454; 10520.2896108702; 10109.79; 1134.09
881; 0.117981866528832; 10390.8759504162; 9979.85; 1125.33
882; 0.115476219847222; 10291.7424328669; 9891.73; 1118.72
883; 0.11378014537119; 10193.0087354321; 9795.02; 1129.43
884; 0.120531271743621; 10109.3297342808; 9695.26; 1109.03
885; 0.11342450247368; 10034.5545727748; 9644.88; 1108.83
886; 0.104727536841133; 9948.28396621115; 9598.29; 1078.41
887; 0.10708903439213; 9895.44605765328; 9533.9; 1089.26
888; 0.103547935139887; 9817.08207534523; 9478.5; 1054.82
889; 0.103716137346912; 9789.18623590848; 9465.16; 1007.67
890; 0.102954763940076; 9755.81753395141; 9433.9; 1008.35
891; 0.104887746025574; 9741.22616354549; 9408.11; 1024.03
892; 0.0997735980023285; 9749.10355488935; 9432.88; 1021.76
893; 0.0960149517956624; 9768.12962562425; 9463.6; 1022.36
894; 0.0815737632617014; 9816.17524532842; 9551.22; 1046.8
895; 0.0797948261859925; 9870.31190448932; 9605.56; 1069.14
896; 0.0763810114167367; 9989.00873731051; 9731.54; 1086.02
897; 0.0775128039858955; 10088.3812995773; 9819.83; 1116.08
898; 0.0766615341947967; 10276.7817885207; 10007.83; 1129.97
899; 0.0751003759137591; 10467.9235562421; 10203.23; 1135.01
900; 0.0805757992282699; 10597.6626588295; 10302.21; 1180.62
901; 0.0863940560835093; 10737.8691189655; 10410.07; 1221.5
902; 0.0920132424914387; 10860.9255578943; 10506.52; 1239.79
903; 0.0941157460135714; 10921.931616977; 10552.68; 1262.66
904; 0.0932412184029601; 10931.9051667457; 10574.7; 1232.72
905; 0.0946962429233458; 10911.4576709359; 10548.03; 1234.76
906; 0.0882796718997084; 10812.3493683566; 10477.21; 1221.21
907; 0.0899802757954306; 10682.4903036874; 10347.55; 1197.22
908; 0.0830032835229446; 10565.2433982116; 10275.37; 1123.04
909; 0.0750729001300454; 10352.5076893093; 10095.42; 1101.09
910; 0.0649267933109759; 10069.5631486733; 9857.05; 1052.24
911; 0.0703863598718265; 9884.34307990325; 9654.96; 1047.5
912; 0.058569207650145; 9524.01663260393; 9338.38; 1018.6
913; 0.0581403819445472; 9272.18596328203; 9092.46; 993.31
914; 0.0513398412927912; 8884.71471440967; 8733.46; 946.53
915; 0.0648231320643498; 8539.8852293262; 8353.23; 924.95
916; 0.0663831060566551; 8305.18122407056; 8121.34; 889.45
917; 0.0730473102879769; 7950.46513380713; 7752.42; 870.64
918; 0.0609255869105799; 7615.59569646322; 7459.75; 821.3
919; 0.0655432148188685; 7428.02689487777; 7264.7; 799.98
920; 0.069437728313177; 7158.01108432042; 6995.79; 749.9
921; 0.0798935938923349; 6902.55868682366; 6721.88; 725.82
922; 0.0857596842623922; 6731.10354798458; 6539.28; 717.81
923; 0.0843637695851544; 6470.58462602668; 6288.76; 691.56
924; 0.0821097843961162; 6316.96878571263; 6145.76; 668.97
925; 0.0862106061528132; 6070.61188982444; 5898.34; 641.02
926; 0.094523080976141; 5837.70378963654; 5662.37; 594.98
927; 0.092244979718831; 5689.32943555238; 5522.49; 580.06
928; 0.0758413819950752; 5447.61829379854; 5315.76; 557.52
929; 0.061636825060585; 5192.38902501877; 5094.54; 509
930; 0.0687246312831809; 5026.577201942; 4918.46; 504.36
931; 0.0772049123128971; 4735.55851505052; 4620.77; 476.6
932; 0.0771009406814963; 4413.67083182806; 4308.68; 436.45
933; 0.0838057724562644; 4173.60528460295; 4066.76; 408.57
934; 0.0788028207934945; 3767.07018410767; 3675.65; 371.73
935; 0.0871061672172168; 3344.97231715241; 3254.36; 333.29
936; 0.0973779821574468; 3064.72817466181; 2974.81; 295.81
937; 0.0915315011619029; 2633.98628869494; 2559.82; 259.54
938; 0.0877041210672402; 2242.64515600406; 2188.07; 199.29
939; 0.0840606388176889; 2012.28236917162; 1968.44; 167.02
940; 0.0565224751433857; 1721.95300043038; 1694.3; 156.65
941; 0.0439469117250451; 1511.28307645362; 1492.72; 135.23
942; 0.0549546383005409; 1409.69480770403; 1387.37; 130.04
943; 0.0776850711945441; 1318.80293941491; 1286.69; 132.31
944; 0.0717366810931929; 1273.70931947184; 1244.67; 129.55
945; 0.0485686596511939; 1268.75522242909; 1249.62; 126.07
946; 0.0383430883350987; 1293.38671011911; 1278.41; 124.97
947; 0.0881255596388987; 1348.41871313771; 1312.83; 129.19
948; 0.0870689007520491; 1385.88913336752; 1348.84; 136.11
949; 0.0930718704786832; 1456.65724109746; 1415.09; 142.84
950; 0.108864282174486; 1541.68283098932; 1490.69; 149.79
951; 0.103060668267044; 1595.95342820893; 1540.43; 172.26
952; 0.136902177400122; 1697.9875513416; 1616.44; 190.44
953; 0.137713064464933; 1785.26646317408; 1698.68; 200.99
954; 0.133250717280098; 1847.80395150809; 1761.94; 205.96
955; 0.120290460003637; 1935.79186653945; 1851.17; 224.82
956; 0.124114765203574; 2026.76846389832; 1937.02; 231.07
957; 0.0977290631024299; 2067.51346102779; 1996.3; 232.82
958; 0.0831578758707383; 2147.3669395572; 2090.68; 217.78
959; 0.0628546272388302; 2202.82555657924; 2161.75; 208.75
960; 0.0636343210975128; 2241.51439388813; 2195.68; 230.05
961; 0.0588048292341559; 2284.04497354507; 2242.09; 227.85
962; 0.059757291686897; 2329.08366925289; 2286.61; 226.96
963; 0.0642299060220393; 2352.72175025576; 2305.87; 232.89
964; 0.0781697712647911; 2393.74418523118; 2338.55; 225.41
965; 0.0873356498489832; 2409.27566901524; 2344.92; 235.21
966; 0.0766254882486781; 2430.11554697529; 2370.41; 248.69
967; 0.0750679334123857; 2438.07833682589; 2385.29; 224.41
968; 0.0858371504429335; 2457.44963221151; 2395.91; 228.76
969; 0.0953998936975977; 2462.35831324151; 2396.97; 218.68
970; 0.0926558365858206; 2461.16249983203; 2398.3; 216.43
971; 0.0815855058307359; 2446.43807940345; 2389.14; 224.01
972; 0.0790570901783587; 2435.28639357494; 2381.04; 218.84
973; 0.0828084738324189; 2420.55236548799; 2367.5; 204.3
974; 0.0822487104500179; 2406.48122475884; 2349.98; 219.04
975; 0.054249461476942; 2377.01588890129; 2340.69; 213.48
976; 0.0404393317720506; 2356.83841226984; 2329.67; 214.16
977; 0.0271750479584691; 2332.53890584603; 2314.39; 212.87
978; 0.0142742127858384; 2302.65437561984; 2293; 215.55
979; 0.00841028112965919; 2276.87854548944; 2270.94; 225.01
980; 0.00793455755678519; 2259.07113023652; 2253.53; 222.51
981; 0.0220118109650615; 2226.78158309446; 2211.65; 219
982; 0.0423571458162565; 2196.34041582664; 2166.45; 224.79
983; 0.0537100077764904; 2175.06779227747; 2136.66; 227.76
984; 0.0526888712751384; 2143.554606034; 2107.27; 219.31
985; 0.0622528408848318; 2109.62721173137; 2067.62; 214.87
986; 0.0647744478896608; 2079.28929394865; 2036.48; 210.42
987; 0.0659032137915875; 2051.46574713701; 2005.72; 220.98
988; 0.0503850386850958; 2018.05365859746; 1984.27; 213.43
989; 0.0399912937097505; 1979.42962849537; 1952.57; 213.76
990; 0.0385816688909076; 1955.45387216111; 1930.05; 209.54
991; 0.0418796299975788; 1909.21979071373; 1880.21; 220.41
992; 0.0323460413967784; 1869.09868409118; 1848.35; 204.08
993; 0.0391885849291163; 1828.83529062659; 1804.62; 196.57
994; 0.0480934389236737; 1813.36544778525; 1785.01; 187.54
995; 0.0581320508869737; 1774.82812831828; 1738.71; 197.61
996; 0.0825580523356052; 1746.5523611029; 1698.8; 183.94
997; 0.0912817803271604; 1709.57444549744; 1659.01; 176.14
998; 0.115726868532543; 1694.35520565318; 1637.37; 156.56
999; 0.133226782659074; 1667.24666262623; 1600.11; 160.2
1000; 0.156226073337877; 1635.72725226572; 1558.01; 158.13
1001; 0.126201304166181; 1600.31155075017; 1537.83; 157.36
1002; 0.107755985622179; 1560.21850429121; 1513.64; 137.37
1003; 0.0765409164934062; 1515.96856442306; 1482.74; 137.95
1004; 0.0588498141790629; 1482.00422370414; 1458.8; 125.28
1005; 0.0239964244209848; 1448.96493463925; 1439.4; 126.63
1006; 0.0145011633712127; 1409.63139725704; 1403.8; 127.74
1007; -0.0145015122692779; 1372.55994414427; 1377.82; 115.21
1008; 0.0235224982492115; 1345.10330908244; 1336.17; 120.61
1009; 0.0482643584021938; 1326.4936978017; 1307.77; 123.19
1010; 0.0561768715624592; 1294.21061284865; 1274.54; 111.18
1011; 0.0474584312772789; 1261.1132497743; 1243.99; 114.55
1012; 0.0443635586922053; 1225.44616823037; 1208.87; 118.61
1013; 0.0560359029822232; 1210.83999130438; 1190.37; 115.95
1014; 0.0400273527670101; 1177.31444846325; 1163.01; 113.42
1015; 0.0572203595056429; 1158.53513243878; 1137.11; 118.82
1016; 0.033574569615313; 1125.2663759483; 1113.5; 111.2
1017; 0.0382606530937865; 1108.35576928323; 1094.83; 112.16
1018; 0.0216660573866542; 1073.57774779634; 1066.64; 101.58
1019; 0.0410359046412412; 1055.98256245814; 1043.81; 94.09
1020; 0.0358419730351268; 1026.04085149131; 1015.07; 97.08
1021; 0.0448314220014127; 1003.19524230508; 986.98; 114.7
1022; -0.00917838025272488; 963.157634051986; 965.88; 94.05
1023; -0.00137103275464747; 931.304718139026; 931.74; 100.66
1024; -0.0209397411587555; 903.877997474218; 909.96; 92.08
1025; 0.00994359335721244; 892.848116292853; 889.66; 101.63
1026; 0.0456641126014079; 874.293660254262; 858.31; 110.94
1027; 0.0712516109321112; 847.258118594752; 822.79; 108.83
1028; 0.0563766602642302; 828.821853791203; 812.16; 93.65
1029; 0.101383642740575; 822.362815476031; 790.63; 99.17
1030; 0.0997155020047073; 803.382772783065; 774.07; 93.13
1031; 0.0696745273804223; 782.916778571997; 765.45; 79.41
1032; 0.0877568380087227; 766.088723177189; 747.55; 66.91
1033; 0.109700277121004; 753.294188497356; 731.51; 62.89
1034; 0.0637146267042384; 741.575904961102; 729.22; 61.41
1035; 0.0664778664221047; 723.111851193372; 712.65; 49.83
1036; 0.0567998549746586; 701.285374476685; 692.97; 46.35
1037; 0.101788193877005; 692.122054261907; 674.92; 53.5
1038; 0.120133414081514; 684.574576372308; 662.79; 57.4
1039; 0.326416040388159; 670.578697006568; 596.18; 72.14
1040; -0.00919369400544463; 688.504409117861; 690.97; 84.87
1041; 0.72843012476117; 609.094245375467; 731.93; -53.36
