# 06/03/2019 18:51:09
# NanoCalc data
# Original file name: C:\SVA_DATA\StudentProjects\2018_Nathan\PS-b-PI\PSbPI_840.dat
# Fit Result : Fitness; Thickness 1; Thickness 2; Thickness 3 
# Fit Result : 1.26714705888796; 2; 113.2; -1
# comment:PSbPI id:370 slowslow script start 16:33
#
# WaveLength; Reflectance; Raw Intensity; Dark Intensity; Reference Intensity
400; 0.528717318528994; 4418.55683244234; 3706.58; 652.97
401; 0.525474647121229; 4575.34174585571; 3827.82; 686.82
402; 0.519389734999237; 4668.63867665397; 3922.88; 690.19
403; 0.513476323759339; 4765.00243356445; 4026.52; 688.46
404; 0.504570113688465; 4850.85615377353; 4116.57; 693.7
405; 0.489685894469577; 5010.58982458241; 4267.86; 720.2
406; 0.498962503604568; 5122.69132714653; 4392.4; 692.25
407; 0.492851464848541; 5235.97465908745; 4498.1; 705.33
408; 0.483382140600154; 5339.71808542055; 4602.23; 715.92
409; 0.483864040232058; 5442.57974258073; 4697.66; 719.74
410; 0.47864853894393; 5600.49650079504; 4851.48; 728.85
411; 0.467550493069211; 5676.8886767903; 4933.69; 737.74
412; 0.460980404841684; 5767.93003619579; 5006.35; 764.04
413; 0.466543408099043; 5871.59071795554; 5074.69; 787.31
414; 0.464520857782484; 6015.96838437623; 5187.46; 819.34
415; 0.464189798204101; 6106.00061358161; 5262.83; 831.69
416; 0.464102918781551; 6189.77873783292; 5333.87; 841.6
417; 0.455661918343185; 6268.18121412823; 5432.16; 834.5
418; 0.450127970218676; 6396.31403187431; 5554.94; 847.33
419; 0.450515690713704; 6491.17331444335; 5639.25; 854.66
420; 0.450160761636514; 6624.73241449471; 5731.78; 893.85
421; 0.449053034100711; 6732.76565829232; 5844.55; 888.7
422; 0.443267281468479; 6896.11904908102; 5986.26; 919.54
423; 0.426085493719467; 6990.42802252217; 6097.41; 936.13
424; 0.42501639681392; 7139.99948365628; 6222.48; 961.37
425; 0.410664993079731; 7263.79370702343; 6336.9; 1002.4
426; 0.412318698386464; 7486.82687936278; 6501.39; 1058.55
427; 0.40575637711996; 7634.3108221546; 6648.16; 1073.5
428; 0.402356427204941; 7785.48642709303; 6783.3; 1097.16
429; 0.399186710119943; 7901.05807230402; 6907.86; 1093.25
430; 0.388597934838207; 8093.80050959035; 7111.68; 1107.74
431; 0.392728189971517; 8250.7783831317; 7247.41; 1117.05
432; 0.393511954665769; 8378.21192864459; 7363.78; 1124.31
433; 0.388707645948447; 8481.34793717822; 7451.35; 1152.9
434; 0.393774101964178; 8665.30221706801; 7622.06; 1149.92
435; 0.383441480278502; 8752.61577620794; 7725.43; 1160.22
436; 0.37896015641752; 8826.20110880649; 7810.18; 1158.66
437; 0.374139072454677; 8929.47923019181; 7906.48; 1178.93
438; 0.371657798084235; 9110.13038716322; 8054.32; 1222.03
439; 0.372979279300612; 9206.308027388; 8136.76; 1230.73
440; 0.36643391225291; 9291.77586465983; 8228.69; 1242.29
441; 0.363142607905889; 9382.32756229201; 8339.09; 1227.41
442; 0.364649508251931; 9567.15488985398; 8479.44; 1271.58
443; 0.361150598059433; 9671.50684035758; 8574.86; 1291.6
444; 0.358070655197367; 9812.25310327235; 8692.65; 1327.07
445; 0.354995637376715; 9939.92436825329; 8808.71; 1349.4
446; 0.346484899671292; 10135.9247850264; 8995.09; 1391.12
447; 0.341873554324967; 10296.991752309; 9152.97; 1410.79
448; 0.342317393831081; 10495.7579029012; 9325.63; 1437.98
449; 0.34907600306789; 10800.2566278006; 9579.28; 1468.31
450; 0.344083570586518; 10977.3229100807; 9774.98; 1463.74
451; 0.337893417070247; 11150.1440984756; 9949.44; 1485.53
452; 0.330584109395891; 11317.9179018735; 10146.84; 1477.89
453; 0.335227477472878; 11683.2958680878; 10453.15; 1527.91
454; 0.335979806769305; 11914.4170245492; 10674.94; 1533.01
455; 0.339960385073357; 12154.6524100884; 10869.94; 1567.29
456; 0.334421726877988; 12390.0846029974; 11067.31; 1637.27
457; 0.328697287525439; 12748.9527667528; 11406.59; 1687.26
458; 0.323766945728958; 13018.6799576069; 11668.57; 1719.54
459; 0.324399684006424; 13278.149150661; 11888.18; 1763.56
460; 0.328215136405524; 13565.3437973217; 12120.23; 1808.82
461; 0.333664721008172; 13953.9980424609; 12477.98; 1813.95
462; 0.333410624808166; 14175.977445768; 12696.02; 1816.78
463; 0.328128672680341; 14379.3212304174; 12920.83; 1815.95
464; 0.331689814491637; 14780.5069081665; 13251.1; 1880.37
465; 0.321675961415147; 15003.2795649718; 13499.29; 1903.39
466; 0.320393953609419; 15258.7632878256; 13714.15; 1959.18
467; 0.318966884458073; 15515.8672004148; 13941.45; 2002.55
468; 0.310882249643661; 15993.8365391761; 14419.99; 2050.42
469; 0.303797419224878; 16299.346208108; 14715.46; 2108.14
470; 0.302597118804523; 16637.1997014785; 15030.91; 2142.93
471; 0.296834969062292; 17064.494087227; 15439.32; 2206.59
472; 0.298291198898287; 17720.6939183663; 16033.97; 2275.28
473; 0.293248148604897; 18173.3114144126; 16472.79; 2329.59
474; 0.289743787432038; 18665.0024659934; 16951.53; 2371.89
475; 0.289143912220107; 19545.9696310464; 17780.12; 2445.55
476; 0.285795836623415; 20122.5965225974; 18330.84; 2506.42
477; 0.28678121547964; 20764.0508974623; 18892.02; 2605.57
478; 0.285530121476946; 21499.741497111; 19567.89; 2696.25
479; 0.282860165449256; 22560.2615467254; 20540.83; 2840.66
480; 0.277578309787696; 23306.687287133; 21247.71; 2946.79
481; 0.275421866185219; 24043.873177128; 21945.87; 3021.61
482; 0.274619250004652; 25172.0890884654; 23001.33; 3130.81
483; 0.270936019613252; 25900.1702980747; 23698.95; 3213.18
484; 0.266352379953502; 26602.9054939101; 24387.59; 3284.49
485; 0.265844755809264; 27339.7416810599; 25047.89; 3399.35
486; 0.263807146948408; 28342.0644535817; 25989.21; 3511.42
487; 0.261852641938274; 28947.6936432702; 26548.62; 3601.68
488; 0.25840182058855; 29552.0688407186; 27137.19; 3668.26
489; 0.257059977064054; 30137.4329329066; 27674.23; 3755.82
490; 0.248407974409397; 30933.473976195; 28469.58; 3882.15
491; 0.24959728600857; 31459.0547976115; 28962.28; 3910.11
492; 0.247910619453948; 31941.3058933069; 29398.31; 4004.35
493; 0.243887277249599; 32583.0334919412; 30045.96; 4055.79
494; 0.245385701479367; 33027.6828601166; 30450.65; 4089.41
495; 0.241676756007592; 33402.6427996495; 30849.74; 4108.15
496; 0.240426353809487; 33971.0376866415; 31406.65; 4142.99
497; 0.241520468424081; 34347.0180629812; 31767.86; 4142.86
498; 0.243550775776476; 34704.3730801065; 32067.12; 4195.67
499; 0.24232393993926; 35062.3838728474; 32404.94; 4243.83
500; 0.242606184350163; 35543.0636612549; 32863.49; 4268.88
501; 0.242715496998323; 35859.8938068498; 33146.16; 4315.77
502; 0.239375242538151; 36171.5878245489; 33476.28; 4340.55
503; 0.238737242634277; 36688.8915158724; 33974.55; 4377.29
504; 0.238098778996591; 37053.1991163834; 34328.61; 4399.96
505; 0.233620356278599; 37419.9801351728; 34741.28; 4403.53
506; 0.234332154145926; 37816.5683519845; 35107.34; 4434.89
507; 0.230037366583967; 38366.9816100837; 35715.47; 4416.36
508; 0.222117113349889; 38696.8929729374; 36120.4; 4439.31
509; 0.222159473061139; 39130.1937626922; 36537.16; 4462.01
510; 0.218607985928599; 39775.5754308258; 37164.54; 4560.8
511; 0.217764225385764; 40204.0103670387; 37577.28; 4600.76
512; 0.212804269719037; 40594.3383970769; 38001.86; 4641.31
513; 0.212988843436513; 41218.5014958349; 38544.65; 4777.5
514; 0.207024525228811; 41582.7588094003; 38978.11; 4782.45
515; 0.205032017318195; 42012.6733265307; 39357.58; 4916.92
516; 0.204009907124343; 42402.6728099127; 39710.45; 5004.9
517; 0.201020041835111; 43018.7969462763; 40331.64; 5063.94
518; 0.20014344639464; 43452.6460803434; 40749.91; 5109.82
519; 0.19907657083142; 43861.3233214737; 41153.15; 5141.7
520; 0.198298362900949; 44490.9553637507; 41744.27; 5229.46
521; 0.195876108915966; 44888.8158049298; 42147.85; 5277.47
522; 0.194606980474053; 45315.1099450802; 42528.95; 5393.7
523; 0.190293605686535; 45876.7523988135; 43144.91; 5402.76
524; 0.186618630675541; 46275.9565413101; 43568.3; 5454.65
525; 0.186144042458277; 46651.6351584308; 43928.06; 5495.06
526; 0.181934331814773; 47133.3587558257; 44426.05; 5582.88
527; 0.180678955575807; 47489.7430999663; 44754.61; 5673.87
528; 0.17679046419389; 47805.8348558236; 45083.01; 5766.75
529; 0.175176154000969; 48086.8149804272; 45349.17; 5845.8
530; 0.174503719458352; 48444.3159791412; 45699.78; 5877.43
531; 0.175532168753586; 48682.086821369; 45874.99; 5970.71
532; 0.177319722719603; 48937.0458807979; 46081.55; 6006.91
533; 0.176363227040512; 49225.3692692723; 46374.85; 6023.42
534; 0.174091342113822; 49354.3152575405; 46512.86; 6077.02
535; 0.171715668765777; 49503.0954773336; 46705.25; 6060.18
536; 0.171371657813951; 49714.7240458242; 46893.06; 6117.76
537; 0.168950410045564; 49849.3911876077; 47060.97; 6125.72
538; 0.165025148010855; 49996.2032986186; 47278.55; 6105.66
539; 0.162405956723276; 50240.9064032999; 47591.89; 6041.35
540; 0.158637921584615; 50343.7407682277; 47751.12; 6047.07
541; 0.159392318009188; 50550.4946406806; 47934.66; 6067.28
542; 0.159358132364867; 50876.4532557404; 48265.44; 6052.34
543; 0.159468429614886; 51097.4934609013; 48472.17; 6076.53
544; 0.15731743950444; 51321.0015282135; 48742.04; 6046.08
545; 0.15742480187368; 51718.798295653; 49147.92; 6018.12
546; 0.159121019869222; 52013.1447974893; 49400.39; 6046.02
547; 0.16089288559873; 52271.8746237352; 49589.44; 6133.58
548; 0.160464646922151; 52793.9591989555; 50065.48; 6250.24
549; 0.157733555289036; 53027.9631286043; 50321; 6302.83
550; 0.154187740346562; 53309.0554176492; 50631.34; 6372.71
551; 0.154335743232658; 53633.5009841417; 50941.36; 6395.47
552; 0.156541402950048; 54124.5112046715; 51381.82; 6418.3
553; 0.153430198737989; 54356.8218757678; 51642.05; 6476.44
554; 0.152624384500783; 54678.043978543; 51958.5; 6516.52
555; 0.148614528179775; 55100.1064140505; 52472.31; 6461.05
556; 0.15162999829394; 55447.6828498671; 52774.37; 6436.57
557; 0.148642220834156; 55749.9131023778; 53127.07; 6436.47
558; 0.148111324356608; 56252.1884455789; 53628.3; 6456.57
559; 0.146138471627181; 56591.4841694767; 53982.54; 6500.87
560; 0.143547675079004; 56955.2417414845; 54374.65; 6540.64
561; 0.139393699252035; 57635.7875582874; 55113.13; 6578.83
562; 0.13600917693559; 58084.1379505498; 55594.48; 6648.59
563; 0.13501506153947; 58611.5523533726; 56111.99; 6718.72
564; 0.134407506019184; 59425.4316652604; 56872.57; 6887.39
565; 0.135212497463862; 59973.7292052808; 57392.16; 6918.28
566; 0.136950824563634; 60529.1448759799; 57887.77; 6983.55
567; 0.132962712012675; 61173.2616181158; 58581.27; 7053.7
568; 0.133813559735424; 61536.0994474582; 58892.28; 7144.09
569; 0.135840522711291; 61760.0229770031; 59048.64; 7212.18
570; 0.137879339018602; 61945.6363910886; 59201.32; 7186.7
571; 0.138378639991481; 61942.7432272078; 59179.33; 7205.05
572; 0.13889482832265; 61891.4893001537; 59136.17; 7151.54
573; 0.138246557051411; 61651.1144715573; 58913.77; 7132.5
574; 0.134809658720792; 61370.5118658002; 58730.17; 7049.31
575; 0.135295785506561; 61050.3775720342; 58409.27; 7020.39
576; 0.132301535305917; 60836.0714466359; 58286.82; 6924.21
577; 0.129635805354039; 60647.9470186519; 58156.17; 6901.91
578; 0.130388559431575; 60445.9130484192; 57942.19; 6889.6
579; 0.128838469148932; 60304.165317521; 57832.37; 6878.4
580; 0.126663470578531; 60176.4886031934; 57747.7; 6869.6
581; 0.123508394821441; 59925.0496608624; 57553.64; 6873.83
582; 0.125938583495393; 59878.6510954857; 57452.74; 6891.28
583; 0.127724025315953; 59816.5040066013; 57372.5; 6841
584; 0.130436614471336; 59749.1116955559; 57257.56; 6824.62
585; 0.13078862444007; 59682.1334718288; 57205.45; 6761.24
586; 0.129964044517242; 59608.9733928824; 57145.37; 6763.8
587; 0.126473820401479; 59483.0416083408; 57079.59; 6776.52
588; 0.127754318717087; 59391.2191521493; 56937.13; 6845.66
589; 0.129239775373239; 59415.3503799433; 56955.2; 6779.63
590; 0.130329916324149; 59410.6025611329; 56919.06; 6804.44
591; 0.13025767819639; 59381.4318063333; 56871.59; 6853.91
592; 0.128711087937967; 59373.9140333021; 56866.08; 6926.36
593; 0.129084294417727; 59433.4106070942; 56885.37; 7012.64
594; 0.129280547392247; 59493.4099978316; 56949.44; 6986.4
595; 0.130409036052029; 59718.3427235333; 57139.71; 7015.88
596; 0.127994485257037; 59899.5793241381; 57370.84; 7005.49
597; 0.125527373021778; 60110.8370426178; 57620.87; 7029.2
598; 0.12484323027439; 60586.1537471986; 58084.9; 7095.26
599; 0.121629135590407; 60961.3122664412; 58524.45; 7090.77
600; 0.120152578030496; 61429.5841675099; 59020.31; 7092.14
601; 0.119576578819092; 62243.3913149528; 59811.73; 7187.95
602; 0.116221956618117; 62819.3571137356; 60413.01; 7313.98
603; 0.114305131668939; 63391.6976835359; 60992.44; 7410
604; 0.111262370431123; 64212.4674765685; 61857.75; 7466.56
605; 0.110213249957876; 64767.6297595028; 62404.92; 7558.6
606; 0.108381112298649; 65289.1444114984; 62931.49; 7665.24
607; 0.111235177284168; 66017.0366641247; 63575.16; 7730.63
608; 0.113118308764219; 66414.810698226; 63913.77; 7781.35
609; 0.109505662608281; 66736.5432844468; 64286.44; 7869.52
610; 0.113336057970149; 66931.100408785; 64387.2; 7889.79
611; 0.115193687762995; 67056.4077169613; 64454.87; 7933.77
612; 0.114298519234073; 67054.8986612923; 64486.18; 7890.17
613; 0.115215721731401; 66988.4681115588; 64382.6; 7935.66
614; 0.115328717234588; 66842.8233082803; 64258.5; 7857.7
615; 0.113210200941071; 66460.7551903918; 63951.06; 7769
616; 0.112519591435303; 66135.604759184; 63649.54; 7738.29
617; 0.112508090091144; 65610.2904415586; 63191.8; 7524.48
618; 0.110408968553289; 65200.4753128702; 62865.79; 7397.46
619; 0.108197942803794; 64790.9981034585; 62524.5; 7324.23
620; 0.10952255295736; 64183.1152298851; 61903.74; 7272.85
621; 0.107172619049108; 63720.6225282576; 61522.57; 7163.5
622; 0.108083076090621; 63329.3989415627; 61120.28; 7135.28
623; 0.10768580894104; 62760.2226695707; 60595.35; 7014.78
624; 0.108546236935341; 62418.2118742441; 60252.71; 6957.84
625; 0.106775077822387; 61900.5306347582; 59771.23; 6951.65
626; 0.104799119023769; 61576.8866194451; 59483.48; 6959.96
627; 0.105617845296726; 61260.1160789433; 59165.07; 6908.27
628; 0.102461404777017; 60794.4096747658; 58794.21; 6795.41
629; 0.102582893487225; 60545.1472828114; 58562.43; 6724.97
630; 0.103428408876834; 60284.1515555657; 58288.09; 6711.82
631; 0.101065988201971; 59821.7955423192; 57859.83; 6748.49
632; 0.0978863881009339; 59559.2699195008; 57682.5; 6662.28
633; 0.0986175801513953; 59209.2028325455; 57342.16; 6575.79
634; 0.101213829261285; 58994.1590276041; 57084.01; 6552.04
635; 0.103479298750945; 58795.5292217024; 56861.14; 6486.39
636; 0.102502416707482; 58520.9407843281; 56610.25; 6464.46
637; 0.10327168250146; 58313.7196334576; 56396.33; 6434.92
638; 0.101793586641525; 58133.6270167175; 56258.02; 6382.24
639; 0.102302781923733; 57902.0666238622; 56020.93; 6365.53
640; 0.101929525511184; 57704.8231929862; 55817.61; 6405.6
641; 0.104368396247796; 57457.9464956186; 55521.74; 6414.99
642; 0.104971865737857; 57270.7070054569; 55345.1; 6339.9
643; 0.102126508217264; 57085.7103984265; 55211.6; 6339.15
644; 0.104438352887277; 56837.8810711137; 54932.43; 6299.39
645; 0.102231890577957; 56650.256522046; 54787.8; 6287.41
646; 0.100574973403193; 56362.5599974067; 54543.39; 6239.56
647; 0.0988557437656575; 56172.026876722; 54402.96; 6170.73
648; 0.0996106656839995; 55995.2139995324; 54223.42; 6130.91
649; 0.102707819886631; 55805.5365678298; 53981.55; 6118.52
650; 0.10223288614745; 55684.2799963649; 53857.78; 6152.73
651; 0.101975744371155; 55501.6548757049; 53690.78; 6112.63
652; 0.105350370012859; 55406.1695189667; 53508.46; 6197.48
653; 0.108062613678045; 55316.7519394426; 53373.85; 6182.75
654; 0.11228819845815; 55199.2054820296; 53197.75; 6126.54
655; 0.114489763004578; 55133.4716434233; 53072.59; 6184.61
656; 0.116097959488443; 55021.6509197271; 52943.74; 6146.82
657; 0.111828684016159; 54888.0298478762; 52900.86; 6100.67
658; 0.110985997319337; 54797.5009061644; 52840.08; 6052.84
659; 0.111095940272233; 54675.2229322352; 52741.87; 5970.05
660; 0.104671084451389; 54531.130428164; 52729.32; 5902.95
661; 0.0983822450377967; 54301.8447566318; 52604.84; 5911.68
662; 0.0983316079204648; 54218.3564873467; 52521.21; 5912.09
663; 0.0925490020304034; 54037.4973366483; 52451.09; 5868.51
664; 0.0919402531030143; 53861.582467603; 52287.7; 5857.45
665; 0.0943322867628564; 53754.57086674; 52132.9; 5880.01
666; 0.09068222276959; 53529.1219131943; 51959.38; 5918.55
667; 0.0932667876994029; 53405.8836743237; 51781.68; 5952.26
668; 0.0941165586805205; 53248.9979340434; 51634.69; 5860.85
669; 0.0932489315390432; 53040.5186000142; 51450.2; 5825.24
670; 0.0934947387139995; 52895.2245711168; 51293.57; 5849.09
671; 0.0973932594091898; 52739.4601759283; 51072.93; 5839.11
672; 0.0961624833651487; 52570.6438769465; 50919.86; 5854.67
673; 0.0920539459648319; 52366.2418189919; 50787.07; 5847.19
674; 0.0897829673294776; 52092.6359290955; 50579.53; 5741.04
675; 0.0882866132634467; 51897.3001452932; 50427.07; 5670.38
676; 0.0899769408702532; 51611.7441338116; 50091.77; 5749.54
677; 0.0914737791708316; 51418.9167501467; 49872.31; 5752.67
678; 0.0899236851903343; 51055.5834870219; 49530.92; 5766.75
679; 0.0884740436159333; 50808.388376579; 49327.37; 5691.42
680; 0.0877690466506745; 50531.4113150357; 49070.42; 5657.7
681; 0.0910202769862935; 50173.815005378; 48667.39; 5623.25
682; 0.0945907877919027; 49944.0353603496; 48374.21; 5636.53
683; 0.0929681662018423; 49584.5657777444; 48043.66; 5627.07
684; 0.0931269289393763; 49354.2995432977; 47814.76; 5610.48
685; 0.0947253938379608; 49003.697017272; 47448.75; 5568.84
686; 0.0950132498199532; 48714.8592293667; 47154.8; 5568.22
687; 0.095553756802937; 48476.2026780673; 46914.24; 5541.32
688; 0.0921550892338417; 48040.6119360824; 46556.39; 5457.75
689; 0.0921087724803974; 47823.734468351; 46363.53; 5370.2
690; 0.0904038836394085; 47463.105487452; 46046.68; 5305.36
691; 0.0914271875419948; 47220.958646997; 45810.71; 5221.06
692; 0.0882089991750096; 46940.0705045938; 45598.99; 5144.11
693; 0.0840610240752285; 46517.7323025009; 45273.63; 5005.64
694; 0.0819179421990903; 46262.5022158479; 45056.87; 4975.81
695; 0.080137146518415; 45876.1689443629; 44704.09; 4942.74
696; 0.0811079163226309; 45638.6508573948; 44432.28; 5024.34
697; 0.0809278642448899; 45257.5336527869; 44035.44; 5098.84
698; 0.0813966004655973; 44983.4768585814; 43744.03; 5139.29
699; 0.08228857761805; 44602.293403314; 43359.07; 5097.07
700; 0.0822737678293424; 44365.9934887488; 43110.29; 5147.14
701; 0.0825714316190822; 44156.6281561423; 42902.64; 5120.03
702; 0.0838715988393273; 43835.0651663716; 42569.63; 5084.98
703; 0.0833701987137923; 43598.2959131173; 42344.57; 5066.69
704; 0.0840640445037873; 43309.4723686724; 42087.37; 4896.64
705; 0.0830981859437377; 43079.6562308448; 41885.5; 4838.37
706; 0.0787663293833223; 42734.2943110751; 41620.16; 4760.67
707; 0.0779832306967742; 42524.6896900213; 41416.61; 4780.31
708; 0.0771972752066606; 42345.9301471787; 41271.22; 4681.56
709; 0.074791614375402; 42013.4891959526; 40978.27; 4652.88
710; 0.076517539241527; 41824.6708428343; 40764.97; 4653.78
711; 0.0767410552458671; 41526.6576556821; 40463.52; 4654.28
712; 0.0730212965617782; 41264.0608410665; 40255.7; 4638.36
713; 0.0698969446520306; 40921.2224190489; 39964.91; 4594.59
714; 0.0700910063913331; 40639.4168753631; 39680.95; 4591.35
715; 0.0685670217718842; 40217.3735975364; 39286.31; 4557.68
716; 0.0722468756529033; 39946.4206871242; 38975.93; 4507.33
717; 0.0733347103628194; 39646.1868917237; 38672.49; 4453.37
718; 0.0699390139646708; 39138.1126831522; 38238.07; 4314.65
719; 0.0697253378226621; 38803.1893792974; 37915.28; 4267.7
720; 0.0722219323701964; 38287.8568621131; 37379.7; 4212.45
721; 0.0788611880529741; 38018.0849574088; 37030.83; 4192.27
722; 0.0787067450426655; 37545.8234094087; 36569.84; 4151.01
723; 0.0779396288187078; 37232.3990376815; 36281.38; 4083.14
724; 0.0784872047321063; 36801.4608014582; 35846.8; 4068.68
725; 0.0793295428883633; 36584.1939735689; 35618.41; 4070.88
726; 0.0817590888529224; 36351.413512419; 35362.68; 4042.28
727; 0.0803673291840653; 36215.2579945707; 35264.68; 3952.13
728; 0.0817518036140065; 36117.4791874732; 35147.92; 3961.44
729; 0.0848140885554568; 36037.239028967; 35036.8; 3938.93
730; 0.0880143839106379; 36014.8802752989; 34982.23; 3916.83
731; 0.0873286459095886; 36013.1085488094; 34979.16; 3952.18
732; 0.0906111210899096; 36049.0134258705; 34973.38; 3962.08
733; 0.090085903087545; 36065.9579418503; 34983.99; 4008.15
734; 0.0905875613947563; 36032.5373598374; 34934.58; 4044.48
735; 0.0950318570134786; 36060.3247168913; 34904.98; 4055.84
736; 0.0965623152165317; 36022.6437666314; 34849.66; 4051.37
737; 0.091501935470007; 35914.4618279819; 34798.35; 4066.75
738; 0.0921205006002265; 35843.4462751363; 34719.07; 4067.97
739; 0.0944126943034477; 35800.124178526; 34662.43; 4014.73
740; 0.0929709041831702; 35721.3484707359; 34599.66; 4018.14
741; 0.0938715375934863; 35680.3817267061; 34559.08; 3976.86
742; 0.0908684813054815; 35661.7833095354; 34577.6; 3971.06
743; 0.0903877723296476; 35675.4386957721; 34597.75; 3966.91
744; 0.0939841730056208; 35890.4367006391; 34756.32; 4013.5
745; 0.0926208769116404; 36037.4240203677; 34929.32; 3977.68
746; 0.0934629911667517; 36300.5587247994; 35180.48; 3982.95
747; 0.0928070952133032; 36486.354111777; 35380.24; 3959.61
748; 0.0964200706894852; 36738.5617786138; 35579.02; 3993.96
749; 0.0973973398451464; 36817.1675722885; 35638.56; 4017.77
750; 0.0991621444291224; 36823.5247657174; 35621.81; 4022.63
751; 0.0989788667961553; 36731.722729103; 35526.21; 4042.69
752; 0.09728112419352; 36456.9865962759; 35272.84; 4040.09
753; 0.0956912228855234; 36193.4292746195; 35021.98; 4063.05
754; 0.0930349690796192; 35673.4086286778; 34535.94; 4057.58
755; 0.0904085498410683; 35264.2335748431; 34165.32; 4032.92
756; 0.0893368823138382; 34662.7262365509; 33598.04; 3953.07
757; 0.0861904011946765; 34265.3353365968; 33242.28; 3935.57
758; 0.0888301896501972; 33707.7651734941; 32670.12; 3871.5
759; 0.0894927628680648; 33319.2617897799; 32281.18; 3842.65
760; 0.0898151968364392; 32955.8806733104; 31924.78; 3801.32
761; 0.0926542320437366; 32415.6018172128; 31362.01; 3763.45
762; 0.0929984905150259; 32077.5876433884; 31037.12; 3701.07
763; 0.095210192391537; 31606.3773351138; 30554.28; 3654.01
764; 0.0944236709009222; 31298.6439275545; 30276.78; 3577.22
765; 0.097010312686262; 30874.3810136794; 29844.63; 3508.38
766; 0.0934769343476659; 30574.9388313796; 29592.35; 3473.91
767; 0.0918826858390098; 30156.8758237469; 29220.25; 3368.97
768; 0.0930905063132091; 29908.4282984499; 28985.12; 3278.08
769; 0.0970900042215811; 29560.505054237; 28613.79; 3222.52
770; 0.0974329380437232; 29333.323644574; 28396.16; 3178.58
771; 0.0959126953569523; 28971.7476328748; 28063.51; 3128.02
772; 0.096353710438833; 28745.2099066805; 27824.41; 3155.48
773; 0.0960966437616364; 28414.1164495286; 27511.03; 3101.69
774; 0.100672422531094; 28193.6194419736; 27250.38; 3090.89
775; 0.0957117336657739; 27834.3103347579; 26923.11; 3139.57
776; 0.0913575522196896; 27567.0404438539; 26692.28; 3156.47
777; 0.0917659943897355; 27245.5654167244; 26378.67; 3113.38
778; 0.098960906610806; 27092.4009379483; 26156.79; 3114.98
779; 0.0992123890619934; 26764.4314665194; 25833.84; 3089.73
780; 0.101687804738129; 26587.140496787; 25644.18; 3053.81
781; 0.103816500682381; 26329.5406814018; 25391.25; 2975.72
782; 0.106920134592766; 26172.3027019368; 25220.98; 2928.73
783; 0.112714612480589; 25918.9059713161; 24943.53; 2847.78
784; 0.113165570793237; 25751.5265208612; 24783.44; 2814.52
785; 0.109313591627077; 25445.9194154186; 24512.17; 2809.55
786; 0.106691103149416; 25252.8060943346; 24354.29; 2769.2
787; 0.105741930767152; 24985.7726338878; 24111.29; 2718.46
788; 0.102696458949611; 24775.9774568401; 23935.54; 2689.25
789; 0.102357579275671; 24465.4326712433; 23629; 2684.53
790; 0.102221104233131; 24270.0621370085; 23429.19; 2701.61
791; 0.101267663546902; 24027.0325931512; 23215.9; 2629.93
792; 0.101277222889619; 23836.0805824666; 23023.05; 2635.25
793; 0.102322162700833; 23597.9822575133; 22777.42; 2632
794; 0.109628475675226; 23469.5900437541; 22595.01; 2617.89
795; 0.112581978275004; 23240.9613012575; 22336.97; 2634.77
796; 0.112726456825866; 23030.0435859569; 22112.83; 2669.71
797; 0.113901231294811; 22908.9941372094; 21984.92; 2661.85
798; 0.116299369698308; 22709.9131578724; 21770.62; 2649.81
799; 0.12075005080395; 22593.9727518271; 21624.52; 2633.75
800; 0.11461849482675; 22344.0610198207; 21451.6; 2553.96
801; 0.111887208850977; 22159.6423064847; 21296.11; 2530.61
802; 0.10607657709609; 21914.3631069989; 21094.24; 2534.16
803; 0.104359261042644; 21759.877669209; 20965.53; 2493.87
804; 0.103472214474436; 21544.2282767612; 20777.34; 2427.37
805; 0.101854545396222; 21379.9739591928; 20626.73; 2421.43
806; 0.0968440534423845; 21120.5117246173; 20408.68; 2406.08
807; 0.0993492893601305; 20991.2560049131; 20262.29; 2401.48
808; 0.106327485796384; 20835.4673728797; 20069.98; 2355.84
809; 0.113674233206235; 20743.7734323168; 19935.88; 2325.21
810; 0.114110696216501; 20566.4523311532; 19758.37; 2316.34
811; 0.11305514724462; 20424.0914663201; 19629.76; 2297.52
812; 0.112122369890087; 20225.686134447; 19440.29; 2289.84
813; 0.113572715757073; 20118.7669062523; 19329.39; 2271.4
814; 0.113044790211464; 19973.9703399411; 19206.63; 2217.59
815; 0.112265861465626; 19863.008159974; 19107.39; 2198.44
816; 0.106153312563762; 19658.3089884053; 18944.37; 2196.29
817; 0.105024192565436; 19488.4686597683; 18785.86; 2184.32
818; 0.104698221226728; 19379.7481226611; 18686.34; 2162.08
819; 0.111835857294085; 19200.8429689465; 18460.03; 2162.05
820; 0.109360696695628; 19040.1044018957; 18313.57; 2167.88
821; 0.111462860152268; 18882.0915601476; 18130.17; 2200.68
822; 0.112832199645827; 18760.8188932583; 17998; 2204.84
823; 0.114894140400557; 18610.0514141711; 17836.87; 2194.12
824; 0.11097864809861; 18472.264366335; 17730.5; 2178.67
825; 0.11309603990726; 18354.8422987091; 17610.23; 2146.02
826; 0.115047409952962; 18268.5237280888; 17535.63; 2076.42
827; 0.108332166169283; 18111.7116009214; 17428.2; 2056.75
828; 0.117575335542266; 18070.238628557; 17337.68; 2031.24
829; 0.11955883450107; 17918.9814813047; 17185.3; 2000.41
830; 0.116711848110508; 17758.8429903462; 17061.23; 1948.34
831; 0.1204161789642; 17677.6397306255; 16971.77; 1909.83
832; 0.115851836591579; 17525.3220754288; 16860.01; 1870.11
833; 0.113584421982178; 17424.6856452207; 16770.25; 1875.35
834; 0.111832837775919; 17274.0627574239; 16645.37; 1828.97
835; 0.104593995619204; 17138.1167640039; 16549.23; 1831.26
836; 0.0931218534713385; 16963.5652871565; 16453.14; 1782.35
837; 0.0931363824339214; 16884.1134046702; 16379.07; 1763.51
838; 0.0915071183271011; 16728.7172951307; 16235.15; 1754.35
839; 0.0927053673007824; 16580.7816243375; 16074.2; 1778.6
840; 0.0892317405038557; 16468.8566058854; 15981.44; 1777.93
841; 0.0881939308182401; 16347.3403398736; 15866.44; 1776.81
842; 0.094818842322181; 16297.397507449; 15776.56; 1789.51
843; 0.0950195157142163; 16161.9203308185; 15646.69; 1766.05
844; 0.0995527154511914; 16087.2565715861; 15542.12; 1783.07
845; 0.100175074176791; 15937.8939236465; 15390.02; 1780.43
846; 0.0988084607846476; 15865.9621397206; 15331.09; 1761.82
847; 0.100505774873399; 15767.7985598431; 15227.78; 1748.28
848; 0.105089961329004; 15645.9865620662; 15098.25; 1695.53
849; 0.10000657179153; 15531.4699521971; 15011.88; 1689.72
850; 0.106336775718804; 15400.6126328906; 14856.35; 1664.16
851; 0.115889793157943; 15333.3843620287; 14747.7; 1642.82
852; 0.120903747768946; 15217.3002792797; 14619.18; 1607.71
853; 0.121047755020548; 15109.88564815; 14518.29; 1587.92
854; 0.120891908067709; 14911.7972487779; 14338.6; 1540.12
855; 0.125852357636372; 14749.8834906197; 14151.45; 1544.2
856; 0.132197857279103; 14662.4349230255; 14045.55; 1515.11
857; 0.135121348226947; 14523.5136821008; 13919.7; 1450.59
858; 0.129712770252993; 14411.2944830626; 13825.47; 1465.77
859; 0.129492354588152; 14240.9486930741; 13648.99; 1483.35
860; 0.126463524757499; 14118.9440399116; 13531.11; 1507.95
861; 0.126495034575802; 13982.4159176298; 13401.13; 1490.49
862; 0.122897853839497; 13841.3897758594; 13274.97; 1494.59
863; 0.120302867189505; 13715.6699168938; 13154.46; 1512.49
864; 0.123763906871172; 13546.4318944878; 12956.07; 1546.21
865; 0.125639527470428; 13419.105878429; 12824.65; 1533.39
866; 0.133091499166565; 13258.8256085346; 12635.79; 1516.83
867; 0.129349554133464; 13038.3868203511; 12433.88; 1513.95
868; 0.132116862329684; 12898.4043525488; 12293.84; 1482.09
869; 0.131035706362352; 12647.3243772521; 12058.37; 1455.45
870; 0.133233214253525; 12482.3735532758; 11894.82; 1427.76
871; 0.130468690337289; 12197.622159761; 11642.25; 1377.84
872; 0.128011198641545; 12013.5316156634; 11469.19; 1376.13
873; 0.122969916767562; 11742.1266336788; 11235.69; 1332.53
874; 0.123688570134533; 11503.3052312137; 11012.1; 1284.65
875; 0.123460900426609; 11343.3685022286; 10866.29; 1249.76
876; 0.132409535540623; 11141.6238904079; 10645.77; 1210.92
877; 0.140105486534301; 11023.5609042892; 10509.02; 1187.3
878; 0.141086125989345; 10845.1165646938; 10330.64; 1178.63
879; 0.146372775914223; 10708.676155579; 10193.75; 1136.83
880; 0.145831041954169; 10621.67448688; 10109.79; 1134.09
881; 0.153809589112576; 10515.6927901517; 9979.85; 1125.33
882; 0.151859544831293; 10417.7751551184; 9891.73; 1118.72
883; 0.153409782323962; 10331.6282550769; 9795.02; 1129.43
884; 0.155774889178709; 10230.404664424; 9695.26; 1109.03
885; 0.149537353359943; 10158.6217666693; 9644.88; 1108.83
886; 0.146484685641621; 10087.8341797192; 9598.29; 1078.41
887; 0.150829175499651; 10043.1182788885; 9533.9; 1089.26
888; 0.141823373587384; 9942.23548730651; 9478.5; 1054.82
889; 0.136840355307825; 9892.67172946659; 9465.16; 1007.67
890; 0.132245042920079; 9847.40197373003; 9433.9; 1008.35
891; 0.125787113873103; 9807.60109771747; 9408.11; 1024.03
892; 0.119070378207637; 9810.26298540622; 9432.88; 1021.76
893; 0.11741327343033; 9835.99846016015; 9463.6; 1022.36
894; 0.110562654834473; 9910.33246661317; 9551.22; 1046.8
895; 0.111220586472685; 9974.57969080586; 9605.56; 1069.14
896; 0.115490729083074; 10120.8416292473; 9731.54; 1086.02
897; 0.113151250626568; 10211.8544635982; 9819.83; 1116.08
898; 0.119318233602317; 10426.4343583335; 10007.83; 1129.97
899; 0.11510879705588; 10608.9344518985; 10203.23; 1135.01
900; 0.114386694042154; 10721.639322615; 10302.21; 1180.62
901; 0.124813396638258; 10883.6410222189; 10410.07; 1221.5
902; 0.125247628934209; 10988.9337765984; 10506.52; 1239.79
903; 0.127814455671267; 11054.1443821964; 10552.68; 1262.66
904; 0.135199015239813; 11092.6446130131; 10574.7; 1232.72
905; 0.134283419246925; 11063.386352012; 10548.03; 1234.76
906; 0.133268328053237; 10983.1414599225; 10477.21; 1221.21
907; 0.139956072249819; 10868.5189448921; 10347.55; 1197.22
908; 0.130849679947076; 10732.3379628478; 10275.37; 1123.04
909; 0.126971156437063; 10530.2336432827; 10095.42; 1101.09
910; 0.120824577336128; 10252.5232716251; 9857.05; 1052.24
911; 0.114984746122746; 10029.6853765582; 9654.96; 1047.5
912; 0.10850951543061; 9682.30374181236; 9338.38; 1018.6
913; 0.110998257567687; 9435.58242363675; 9092.46; 993.31
914; 0.103430672410812; 9038.1819551669; 8733.46; 946.53
915; 0.112493838413185; 8677.1508371782; 8353.23; 924.95
916; 0.113243035807032; 8434.95500774704; 8121.34; 889.45
917; 0.110758569718999; 8052.70752152282; 7752.42; 870.64
918; 0.116183888873178; 7756.9446598696; 7459.75; 821.3
919; 0.113288162823868; 7547.00235443231; 7264.7; 799.98
920; 0.128129295080776; 7295.12688336504; 6995.79; 749.9
921; 0.143136758685835; 7045.5825690746; 6721.88; 725.82
922; 0.149026144029284; 6872.6152254737; 6539.28; 717.81
923; 0.150037181654643; 6612.12694505946; 6288.76; 691.56
924; 0.150239175250015; 6459.02676778168; 6145.76; 668.97
925; 0.152162079147318; 6202.40060349302; 5898.34; 641.02
926; 0.172142369719936; 5981.68221166637; 5662.37; 594.98
927; 0.159777705355582; 5811.47290461588; 5522.49; 580.06
928; 0.134837296629059; 5550.18895430188; 5315.76; 557.52
929; 0.13703225940038; 5312.0799684404; 5094.54; 509
930; 0.142392493420183; 5142.47106675566; 4918.46; 504.36
931; 0.143918236824519; 4834.74810319145; 4620.77; 476.6
932; 0.146339608540283; 4507.95535376653; 4308.68; 436.45
933; 0.141633361484552; 4247.33057853606; 4066.76; 408.57
934; 0.141574081630388; 3839.89194562071; 3675.65; 371.73
935; 0.152750248489304; 3413.25866818164; 3254.36; 333.29
936; 0.149971146005251; 3113.29234890438; 2974.81; 295.81
937; 0.134277426996363; 2668.62252469814; 2559.82; 259.54
938; 0.136128622691513; 2272.77800151239; 2188.07; 199.29
939; 0.157949076686334; 2050.81936123014; 1968.44; 167.02
940; 0.132466949060097; 1759.10800053567; 1694.3; 156.65
941; 0.141701791785285; 1552.57451744557; 1492.72; 135.23
942; 0.138300177928773; 1443.553153473; 1387.37; 130.04
943; 0.123095030491966; 1337.57420716724; 1286.69; 132.31
944; 0.121771214170076; 1293.96351535186; 1244.67; 129.55
945; 0.127159611182746; 1299.71871512727; 1249.62; 126.07
946; 0.111087976659363; 1321.80067342739; 1278.41; 124.97
947; 0.125617212659518; 1363.559379363; 1312.83; 129.19
948; 0.109428964405615; 1395.40367843759; 1348.84; 136.11
949; 0.124546869145109; 1470.71442992777; 1415.09; 142.84
950; 0.165981316573908; 1568.43687027167; 1490.69; 149.79
951; 0.170272317790715; 1632.16337386406; 1540.43; 172.26
952; 0.182596736271496; 1725.20610590633; 1616.44; 190.44
953; 0.17356079708099; 1807.80556207581; 1698.68; 200.99
954; 0.179421323073787; 1877.55531598769; 1761.94; 205.96
955; 0.175785782554411; 1974.83168547698; 1851.17; 224.82
956; 0.167783820720873; 2058.34593694224; 1937.02; 231.07
957; 0.160552877637042; 2113.29207719327; 1996.3; 232.82
958; 0.159579765403504; 2199.46210177039; 2090.68; 217.78
959; 0.150886709736725; 2260.35460327442; 2161.75; 208.75
960; 0.153806440467832; 2306.46337685306; 2195.68; 230.05
961; 0.156921340230305; 2354.04731309421; 2242.09; 227.85
962; 0.153538937288144; 2395.7408166037; 2286.61; 226.96
963; 0.156332443872704; 2419.90486429956; 2305.87; 232.89
964; 0.149060059163119; 2443.7984660362; 2338.55; 225.41
965; 0.146426000075813; 2452.81801429769; 2344.92; 235.21
966; 0.130962811938368; 2472.45445673254; 2370.41; 248.69
967; 0.128853640667667; 2475.90085173932; 2385.29; 224.41
968; 0.129526214779459; 2488.7718387044; 2395.91; 228.76
969; 0.130842754796675; 2486.65130575855; 2396.97; 218.68
970; 0.134916698931856; 2489.83444916647; 2398.3; 216.43
971; 0.140547719123033; 2487.84765999775; 2389.14; 224.01
972; 0.152951974589793; 2485.99065013072; 2381.04; 218.84
973; 0.175839996476627; 2480.15426506184; 2367.5; 204.3
974; 0.174435384466772; 2469.8093907555; 2349.98; 219.04
975; 0.183118578140046; 2463.30771719345; 2340.69; 213.48
976; 0.189628586985997; 2457.0684362161; 2329.67; 214.16
977; 0.179063524056504; 2433.9779044455; 2314.39; 212.87
978; 0.172518607109434; 2409.68310255951; 2293; 215.55
979; 0.14402970629323; 2372.64016310589; 2270.94; 225.01
980; 0.129284070873696; 2343.8160517542; 2253.53; 222.51
981; 0.136036834143682; 2305.16582489143; 2211.65; 219
982; 0.144058938704776; 2268.10891724881; 2166.45; 224.79
983; 0.140158646380125; 2236.88683665325; 2136.66; 227.76
984; 0.150785373029008; 2211.10953430083; 2107.27; 219.31
985; 0.159841583077559; 2175.47851903912; 2067.62; 214.87
986; 0.158601699158696; 2141.29952345787; 2036.48; 210.42
987; 0.165610439469551; 2120.67605223716; 2005.72; 220.98
988; 0.161974929164598; 2092.87576574019; 1984.27; 213.43
989; 0.171466434977722; 2067.73318467597; 1952.57; 213.76
990; 0.174320171198709; 2044.83008783797; 1930.05; 209.54
991; 0.17000671574879; 1997.97272245207; 1880.21; 220.41
992; 0.17198655477999; 1958.67245489601; 1848.35; 204.08
993; 0.181803958475592; 1916.95974637038; 1804.62; 196.57
994; 0.181516746255426; 1892.03059856363; 1785.01; 187.54
995; 0.181346752083641; 1851.38287429091; 1738.71; 197.61
996; 0.174144608416308; 1799.52689446953; 1698.8; 183.94
997; 0.197316667157829; 1768.31119708972; 1659.01; 176.14
998; 0.209836725528009; 1740.69595281831; 1637.37; 156.56
999; 0.190486793452699; 1696.10156664701; 1600.11; 160.2
1000; 0.218547469260564; 1666.73006469639; 1558.01; 158.13
1001; 0.213409533256584; 1643.48785092984; 1537.83; 157.36
1002; 0.204290830116487; 1601.9465683293; 1513.64; 137.37
1003; 0.184089797565663; 1562.65855831208; 1482.74; 137.95
1004; 0.169165415957572; 1525.5011818073; 1458.8; 125.28
1005; 0.146904387566552; 1497.95584318073; 1439.4; 126.63
1006; 0.161267402763898; 1468.65095478572; 1403.8; 127.74
1007; 0.13717564295134; 1427.57698606952; 1377.82; 115.21
1008; 0.155755684796026; 1395.32246156631; 1336.17; 120.61
1009; 0.16737474392547; 1372.70143654336; 1307.77; 123.19
1010; 0.187022001807873; 1340.0266903304; 1274.54; 111.18
1011; 0.160370430735701; 1301.85248866624; 1243.99; 114.55
1012; 0.166765367703628; 1271.18084411494; 1208.87; 118.61
1013; 0.165427044084657; 1250.80072340596; 1190.37; 115.95
1014; 0.135344496789613; 1211.37763476167; 1163.01; 113.42
1015; 0.11348039349455; 1179.60068829401; 1137.11; 118.82
1016; 0.084887836710998; 1143.24936720332; 1113.5; 111.2
1017; 0.106998236453254; 1132.65563398571; 1094.83; 112.16
1018; 0.131564164726734; 1108.76852286047; 1066.64; 101.58
1019; 0.0895684087203727; 1070.3788561994; 1043.81; 94.09
1020; 0.106087612068846; 1047.54230379683; 1015.07; 97.08
1021; 0.115810672614425; 1028.8679891407; 986.98; 114.7
1022; 0.139928638652352; 1007.38372402647; 965.88; 94.05
1023; 0.160380395639029; 982.658314563108; 931.74; 100.66
1024; 0.102233144373729; 939.653883873044; 909.96; 92.08
1025; 0.0880130799203383; 917.878765993149; 889.66; 101.63
1026; 0.117559465915723; 899.458956058142; 858.31; 110.94
1027; 0.181358539962762; 885.069325420558; 822.79; 108.83
1028; 0.177063318145925; 864.490221494239; 812.16; 93.65
1029; 0.189145519785722; 849.832053854357; 790.63; 99.17
1030; 0.193183479416065; 830.858997936326; 774.07; 93.13
1031; 0.208828329377255; 817.801387600763; 765.45; 79.41
1032; 0.249068574259623; 800.165995005169; 747.55; 66.91
1033; 0.244030720718709; 779.969414677853; 731.51; 62.89
1034; 0.165868025916528; 761.386076618853; 729.22; 61.41
1035; 0.150454694173542; 736.327574304108; 712.65; 49.83
1036; 0.164597446358025; 717.066705968416; 692.97; 46.35
1037; 0.125005025094576; 696.045664409433; 674.92; 53.5
1038; 0.139559068923488; 688.097157202317; 662.79; 57.4
1039; 0.288632263000554; 661.966792388519; 596.18; 72.14
1040; -0.0222029395977512; 685.01555281082; 690.97; 84.87
1041; -0.0102376908490244; 733.656389997208; 731.93; -53.36
