# 06/03/2019 16:42:19
# NanoCalc data
# Original file name: C:\SVA_DATA\StudentProjects\2018_Nathan\PS-b-PI\PSbPI_67.dat
# Fit Result : Fitness; Thickness 1; Thickness 2; Thickness 3 
# Fit Result : 2.21030553469766; 2; 102.2; -1
# comment:PSbPI id:370 slowslow script start 16:33
#
# WaveLength; Reflectance; Raw Intensity; Dark Intensity; Reference Intensity
400; 0.471903743411205; 4342.05101764394; 3706.58; 652.97
401; 0.450771264284096; 4469.07134163037; 3827.82; 686.82
402; 0.455849700280772; 4577.40558325011; 3922.88; 690.19
403; 0.46399117038327; 4693.832810352; 4026.52; 688.46
404; 0.461741089550163; 4788.5283254872; 4116.57; 693.7
405; 0.451918388512081; 4953.30605678037; 4267.86; 720.2
406; 0.452987634383804; 5055.40160494081; 4392.4; 692.25
407; 0.447917175814301; 5168.70109784792; 4498.1; 705.33
408; 0.438054737439711; 5270.5628209493; 4602.23; 715.92
409; 0.442279431256176; 5378.55928716772; 4697.66; 719.74
410; 0.429482688134795; 5523.55897662977; 4851.48; 728.85
411; 0.425188026941677; 5609.55107531568; 4933.69; 737.74
412; 0.412077449515376; 5687.13806739121; 5006.35; 764.04
413; 0.410367687718709; 5775.63722011241; 5074.69; 787.31
414; 0.419712195096889; 5936.04871638774; 5187.46; 819.34
415; 0.421788016066384; 6028.98053084749; 5262.83; 831.69
416; 0.411958786659493; 6093.61339065701; 5333.87; 841.6
417; 0.411758716339968; 6187.63024691924; 5432.16; 834.5
418; 0.41452450945256; 6329.76445194283; 5554.94; 847.33
419; 0.415088087361021; 6424.17986251011; 5639.25; 854.66
420; 0.397017001969828; 6519.31485580484; 5731.78; 893.85
421; 0.395776803552542; 6627.3866081709; 5844.55; 888.7
422; 0.385139693479069; 6776.8052306593; 5986.26; 919.54
423; 0.373969573572284; 6881.20004682769; 6097.41; 936.13
424; 0.366609156392528; 7013.91074572769; 6222.48; 961.37
425; 0.362173766079252; 7154.34631338143; 6336.9; 1002.4
426; 0.362763262430449; 7368.38996550207; 6501.39; 1058.55
427; 0.360623188785981; 7524.61906303074; 6648.16; 1073.5
428; 0.36085526477661; 7682.11563721107; 6783.3; 1097.16
429; 0.359629789239332; 7802.63831891819; 6907.86; 1093.25
430; 0.351895345891194; 8001.04045574464; 7111.68; 1107.74
431; 0.352092544489379; 8146.9597040909; 7247.41; 1117.05
432; 0.354858590620016; 8278.56767089685; 7363.78; 1124.31
433; 0.347384538681521; 8371.84992321743; 7451.35; 1152.9
434; 0.332829870618881; 8503.84011301131; 7622.06; 1149.92
435; 0.326542472984922; 8600.19134124627; 7725.43; 1160.22
436; 0.328957946754492; 8692.14136757968; 7810.18; 1158.66
437; 0.324296627681011; 8793.19626380766; 7906.48; 1178.93
438; 0.32463793438858; 8976.55573664124; 8054.32; 1222.03
439; 0.325824731227765; 9071.08857506814; 8136.76; 1230.73
440; 0.325146787822713; 9171.99503404746; 8228.69; 1242.29
441; 0.320138556085492; 9258.78534715922; 8339.09; 1227.41
442; 0.32690268191242; 9454.55968781726; 8479.44; 1271.58
443; 0.324649885017698; 9560.67110633664; 8574.86; 1291.6
444; 0.323639355580125; 9704.59449081243; 8692.65; 1327.07
445; 0.318678278072342; 9824.19697800785; 8808.71; 1349.4
446; 0.309346907498534; 10013.6443815892; 8995.09; 1391.12
447; 0.309692754229215; 10189.3041735229; 9152.97; 1410.79
448; 0.308859735241965; 10381.3911176125; 9325.63; 1437.98
449; 0.305809014632426; 10648.9200100705; 9579.28; 1468.31
450; 0.301422931520039; 10828.252389702; 9774.98; 1463.74
451; 0.301946307504218; 11022.4060615569; 9949.44; 1485.53
452; 0.297828706276514; 11201.8835019438; 10146.84; 1477.89
453; 0.296897897033466; 11542.642198053; 10453.15; 1527.91
454; 0.290489257014936; 11746.5959528103; 10674.94; 1533.01
455; 0.288164091033001; 11958.9138926848; 10869.94; 1567.29
456; 0.280716123333724; 12177.656992297; 11067.31; 1637.27
457; 0.276860553311947; 12537.2573722391; 11406.59; 1687.26
458; 0.276064751955243; 12819.7615452638; 11668.57; 1719.54
459; 0.275636193131522; 13069.2101432071; 11888.18; 1763.56
460; 0.279754902165901; 13351.9759621632; 12120.23; 1808.82
461; 0.286433416509156; 13745.0629851409; 12477.98; 1813.95
462; 0.284713934049692; 13959.820476824; 12696.02; 1816.78
463; 0.28707629222685; 14196.8484937617; 12920.83; 1815.95
464; 0.284075986163693; 14560.961674073; 13251.1; 1880.37
465; 0.273933121724954; 14780.0588667876; 13499.29; 1903.39
466; 0.270720402731556; 15019.2880234673; 13714.15; 1959.18
467; 0.268630955798518; 15267.4095838347; 13941.45; 2002.55
468; 0.256851407397928; 15720.3045051835; 14419.99; 2050.42
469; 0.247050121315279; 16003.4870045119; 14715.46; 2108.14
470; 0.246896709544461; 16341.52274951; 15030.91; 2142.93
471; 0.238648811906038; 16745.9243609431; 15439.32; 2206.59
472; 0.236395648954744; 17370.6979918495; 16033.97; 2275.28
473; 0.238175420169555; 17853.9492820343; 16472.79; 2329.59
474; 0.236135150085212; 18347.9743604132; 16951.53; 2371.89
475; 0.233829844295348; 19208.1574817722; 17780.12; 2445.55
476; 0.228028163953362; 19760.4302799931; 18330.84; 2506.42
477; 0.230836430262356; 20398.8583366334; 18892.02; 2605.57
478; 0.233878960216751; 21150.2779354668; 19567.89; 2696.25
479; 0.234763096603218; 22216.8807883268; 20540.83; 2840.66
480; 0.233059009255228; 22976.4589320951; 21247.71; 2946.79
481; 0.22962350802203; 23695.0079898265; 21945.87; 3021.61
482; 0.230770759685439; 24825.4837107495; 23001.33; 3130.81
483; 0.231198617379778; 25577.323684642; 23698.95; 3213.18
484; 0.229023590540923; 26292.4331580931; 24387.59; 3284.49
485; 0.230202513730002; 27032.4693702805; 25047.89; 3399.35
486; 0.223935864996096; 27986.4587605719; 25989.21; 3511.42
487; 0.220634030838335; 28570.0519178704; 26548.62; 3601.68
488; 0.220353244548422; 29196.488137032; 27137.19; 3668.26
489; 0.217523080170516; 29758.5820456604; 27674.23; 3755.82
490; 0.210077717459006; 30553.2861443405; 28469.58; 3882.15
491; 0.207262134500462; 31035.5672628357; 28962.28; 3910.11
492; 0.203169910895722; 31482.3685618694; 29398.31; 4004.35
493; 0.204376408687032; 32172.0158349149; 30045.96; 4055.79
494; 0.205857977344098; 32612.5639539697; 30450.65; 4089.41
495; 0.205656038694583; 33022.1453468002; 30849.74; 4108.15
496; 0.201620835068514; 33557.1379919685; 31406.65; 4142.99
497; 0.201169080249088; 33916.1121077092; 31767.86; 4142.86
498; 0.203151973567436; 34266.9207040312; 32067.12; 4195.67
499; 0.20195232884587; 34619.6488687698; 32404.94; 4243.83
500; 0.207179997707731; 35151.7831302164; 32863.49; 4268.88
501; 0.204892509078802; 35437.0056012649; 33146.16; 4315.77
502; 0.201983309671958; 35750.5636277245; 33476.28; 4340.55
503; 0.201001938545663; 36259.8570620453; 33974.55; 4377.29
504; 0.201284663905549; 36631.9313647005; 34328.61; 4399.96
505; 0.197643230860013; 37007.4650091066; 34741.28; 4403.53
506; 0.194025728196007; 37350.5660982661; 35107.34; 4434.89
507; 0.190556279435473; 37911.9052783228; 35715.47; 4416.36
508; 0.185511398756802; 38272.2774852065; 36120.4; 4439.31
509; 0.183446416957673; 38678.3369944433; 36537.16; 4462.01
510; 0.178598461804659; 39297.7050336656; 37164.54; 4560.8
511; 0.176172412673726; 39702.3187908518; 37577.28; 4600.76
512; 0.1723926120567; 40102.0252042166; 38001.86; 4641.31
513; 0.173997172357603; 40729.0019692058; 38544.65; 4777.5
514; 0.174275388300514; 41170.7303291278; 38978.11; 4782.45
515; 0.173086380524383; 41598.9884388119; 39357.58; 4916.92
516; 0.174054000125571; 42007.3587918314; 39710.45; 5004.9
517; 0.171766455228631; 42627.7464931201; 40331.64; 5063.94
518; 0.171327620435578; 43063.5173134145; 40749.91; 5109.82
519; 0.169838081906972; 43463.5723689899; 41153.15; 5141.7
520; 0.16626114617439; 44047.1990311677; 41744.27; 5229.46
521; 0.160381997100431; 44392.1337577871; 42147.85; 5277.47
522; 0.157316405090778; 44781.2261799203; 42528.95; 5393.7
523; 0.152716097027036; 45337.2921735083; 43144.91; 5402.76
524; 0.149714292989685; 45740.5101554047; 43568.3; 5454.65
525; 0.146773141678617; 46075.5780044525; 43928.06; 5495.06
526; 0.147345968478585; 46618.6599742616; 44426.05; 5582.88
527; 0.144563079901399; 46943.0179615763; 44754.61; 5673.87
528; 0.144910821295801; 47314.8429662243; 45083.01; 5766.75
529; 0.145349893310596; 47620.6915326921; 45349.17; 5845.8
530; 0.146405495803844; 48002.3965403515; 45699.78; 5877.43
531; 0.149132748176376; 48259.9093360996; 45874.99; 5970.71
532; 0.149850248627022; 48494.6869095791; 46081.55; 6006.91
533; 0.149347017891264; 48788.7123422308; 46374.85; 6023.42
534; 0.148553541985569; 48937.4966176279; 46512.86; 6077.02
535; 0.147064664972795; 49101.4448884872; 46705.25; 6060.18
536; 0.145361116727724; 49286.4559790291; 46893.06; 6117.76
537; 0.143915669477465; 49436.2084021529; 47060.97; 6125.72
538; 0.140332918457767; 49589.5687953077; 47278.55; 6105.66
539; 0.13613226942966; 49812.3542121105; 47591.89; 6041.35
540; 0.135341393015094; 49963.0054232759; 47751.12; 6047.07
541; 0.136725955309384; 50178.510234726; 47934.66; 6067.28
542; 0.136559494074142; 50502.9075451668; 48265.44; 6052.34
543; 0.137980382878049; 50743.7364610776; 48472.17; 6076.53
544; 0.13741651432959; 50994.7584838094; 48742.04; 6046.08
545; 0.140787698655887; 51447.1005259491; 49147.92; 6018.12
546; 0.142591001210707; 51741.7231739469; 49400.39; 6046.02
547; 0.145411568916288; 52013.7673759507; 49589.44; 6133.58
548; 0.140698084296103; 52457.8561632122; 50065.48; 6250.24
549; 0.139264673744785; 52711.0072261317; 50321; 6302.83
550; 0.136337524802337; 52999.0580257444; 50631.34; 6372.71
551; 0.132185171823861; 53247.1195804387; 50941.36; 6395.47
552; 0.128678406789474; 53636.3362358437; 51381.82; 6418.3
553; 0.128692015968998; 53919.1080267912; 51642.05; 6476.44
554; 0.126761351993151; 54217.2024521181; 51958.5; 6516.52
555; 0.12210745787512; 54631.4094088068; 52472.31; 6461.05
556; 0.123681904842227; 54954.9439578642; 52774.37; 6436.57
557; 0.121762688432678; 55275.6145096985; 53127.07; 6436.47
558; 0.121405909594223; 55779.0846533213; 53628.3; 6456.57
559; 0.125623878685077; 56225.2464016285; 53982.54; 6500.87
560; 0.12486970940513; 56619.4633741985; 54374.65; 6540.64
561; 0.123350517501132; 57345.4483684958; 55113.13; 6578.83
562; 0.122673885571167; 57840.0344649148; 55594.48; 6648.59
563; 0.124298032094278; 58413.1457235067; 56111.99; 6718.72
564; 0.127013942035513; 59285.0024093164; 56872.57; 6887.39
565; 0.128892841696238; 59853.0700278847; 57392.16; 6918.28
566; 0.128138229815276; 60359.1760829137; 57887.77; 6983.55
567; 0.123230227832504; 60983.5353630132; 58581.27; 7053.7
568; 0.123562332121196; 61333.5609679469; 58892.28; 7144.09
569; 0.12483540698145; 61540.3603693049; 59048.64; 7212.18
570; 0.120708651787152; 61603.8752632001; 59201.32; 7186.7
571; 0.121252153920063; 61600.728316899; 59179.33; 7205.05
572; 0.124040529302158; 61596.8178766336; 59136.17; 7151.54
573; 0.120612177400057; 61301.9457640138; 58913.77; 7132.5
574; 0.118613768767855; 61053.3039839436; 58730.17; 7049.31
575; 0.118528038853548; 60723.0545701727; 58409.27; 7020.39
576; 0.116789854588639; 60537.1847072126; 58286.82; 6924.21
577; 0.11377862907245; 60343.1504593119; 58156.17; 6901.91
578; 0.113939240083119; 60130.0529747817; 57942.19; 6889.6
579; 0.111650578530716; 59974.4117289475; 57832.37; 6878.4
580; 0.10578695753972; 59776.1787371247; 57747.7; 6869.6
581; 0.105811441654797; 59585.2612135437; 57553.64; 6873.83
582; 0.109115022299618; 59554.5846923416; 57452.74; 6891.28
583; 0.109338999187917; 59464.7058432782; 57372.5; 6841
584; 0.111507525653569; 59387.5352813689; 57257.56; 6824.62
585; 0.113455536016134; 59353.9048219818; 57205.45; 6761.24
586; 0.115080388538245; 59326.8382415446; 57145.37; 6763.8
587; 0.116650174098641; 59296.3574516404; 57079.59; 6776.52
588; 0.119809473260712; 59238.6031056173; 56937.13; 6845.66
589; 0.118962471793951; 59219.7162399708; 56955.2; 6779.63
590; 0.117668302071572; 59168.5479991974; 56919.06; 6804.44
591; 0.118859775568888; 59161.8137929069; 56871.59; 6853.91
592; 0.119649030430844; 59197.3469900723; 56866.08; 6926.36
593; 0.117060915271198; 59196.0768676332; 56885.37; 7012.64
594; 0.118283911727855; 59277.0192741567; 56949.44; 6986.4
595; 0.116814333979687; 59449.5289611462; 57139.71; 7015.88
596; 0.11628346494936; 59668.2090622215; 57370.84; 7005.49
597; 0.115880356659055; 59919.4783594515; 57620.87; 7029.2
598; 0.117287846924933; 60434.7804538866; 58084.9; 7095.26
599; 0.115689279556182; 60842.3061502863; 58524.45; 7090.77
600; 0.116000258664079; 61346.3227348486; 59020.31; 7092.14
601; 0.117317298445501; 62197.4474960348; 59811.73; 7187.95
602; 0.112524325075258; 62742.7985593133; 60413.01; 7313.98
603; 0.110406124466799; 63309.8577621666; 60992.44; 7410
604; 0.111136345822373; 64209.8003362986; 61857.75; 7466.56
605; 0.106846625922337; 64695.4573531144; 62404.92; 7558.6
606; 0.106592019160663; 65250.2256069217; 62931.49; 7665.24
607; 0.10938234537255; 65976.362597539; 63575.16; 7730.63
608; 0.108391648934655; 66310.3044628557; 63913.77; 7781.35
609; 0.107809815923678; 66698.6000454133; 64286.44; 7869.52
610; 0.110538637976945; 66868.3105253912; 64387.2; 7889.79
611; 0.110915768620956; 66959.7950620993; 64454.87; 7933.77
612; 0.108893907233836; 66933.4366529034; 64486.18; 7890.17
613; 0.112892565198221; 66935.9245920026; 64382.6; 7935.66
614; 0.112031133610471; 66768.9299846992; 64258.5; 7857.7
615; 0.110113190672653; 66392.0992591185; 63951.06; 7769
616; 0.11100483115478; 66102.1368794665; 63649.54; 7738.29
617; 0.107218049314528; 65496.5749474698; 63191.8; 7524.48
618; 0.107121369190401; 65130.9564137471; 62865.79; 7397.46
619; 0.105949565118919; 64743.8997610449; 62524.5; 7324.23
620; 0.107945533999373; 64150.2944285722; 61903.74; 7272.85
621; 0.108315230110485; 63744.0568639541; 61522.57; 7163.5
622; 0.108754962320448; 63343.1316798468; 61120.28; 7135.28
623; 0.107553662325172; 62757.5660465682; 60595.35; 7014.78
624; 0.108013571897478; 62407.5851849143; 60252.71; 6957.84
625; 0.112969551920653; 62024.0603750163; 59771.23; 6951.65
626; 0.113755781436964; 61755.7997301523; 59483.48; 6959.96
627; 0.114870213986688; 61443.64698407; 59165.07; 6908.27
628; 0.112562320251744; 60991.5946332519; 58794.21; 6795.41
629; 0.109546190319153; 60679.7335525556; 58562.43; 6724.97
630; 0.11048982073737; 60420.4295172582; 58288.09; 6711.82
631; 0.112319817491207; 60040.262958286; 57859.83; 6748.49
632; 0.109937889776678; 59790.3326471042; 57682.5; 6662.28
633; 0.108073082613226; 59388.215824675; 57342.16; 6575.79
634; 0.107482061866004; 59112.4556922209; 57084.01; 6552.04
635; 0.108793653670391; 58894.8730614902; 56861.14; 6486.39
636; 0.107934703181951; 58622.2010281155; 56610.25; 6464.46
637; 0.11184264880569; 58472.8521424124; 56396.33; 6434.92
638; 0.110964660447243; 58302.6094737501; 56258.02; 6382.24
639; 0.109411072300459; 58032.7733857827; 56020.93; 6365.53
640; 0.109928236098347; 57852.9183800408; 55817.61; 6405.6
641; 0.110506465710526; 57571.8178435704; 55521.74; 6414.99
642; 0.110166453667572; 57365.9966798626; 55345.1; 6339.9
643; 0.10900427762184; 57211.9234589149; 55211.6; 6339.15
644; 0.112141473064232; 56978.422531088; 54932.43; 6299.39
645; 0.110862106456681; 56807.4814521449; 54787.8; 6287.41
646; 0.111169198365782; 56554.1851656328; 54543.39; 6239.56
647; 0.111110089934119; 56391.3237741678; 54402.96; 6170.73
648; 0.111266560362586; 56202.539631872; 54223.42; 6130.91
649; 0.113224178507762; 55992.2964161899; 53981.55; 6118.52
650; 0.11364329186371; 55888.1391143518; 53857.78; 6152.73
651; 0.113938329991418; 55714.085251985; 53690.78; 6112.63
652; 0.114508493007935; 55571.1376835921; 53508.46; 6197.48
653; 0.116379417477652; 55466.2831573379; 53373.85; 6182.75
654; 0.116816580285899; 55279.9205950898; 53197.75; 6126.54
655; 0.116605381724986; 55171.5539983077; 53072.59; 6184.61
656; 0.119711959811812; 55086.3339750445; 52943.74; 6146.82
657; 0.11746392484865; 54988.1667739821; 52900.86; 6100.67
658; 0.118110810463238; 54923.1587237021; 52840.08; 6052.84
659; 0.11833716772471; 54801.2387730835; 52741.87; 5970.05
660; 0.114831781287949; 54706.0368945819; 52729.32; 5902.95
661; 0.110296039722155; 54507.3469409043; 52604.84; 5911.68
662; 0.110424625574672; 54427.0749540462; 52521.21; 5912.09
663; 0.111036300810358; 54354.3930975523; 52451.09; 5868.51
664; 0.112568941090297; 54214.7153909642; 52287.7; 5857.45
665; 0.113210138796799; 54079.1009266021; 52132.9; 5880.01
666; 0.111496576912511; 53889.4258746139; 51959.38; 5918.55
667; 0.114436775919243; 53774.5505224076; 51781.68; 5952.26
668; 0.11580829901797; 53621.0594397007; 51634.69; 5860.85
669; 0.11351646419739; 53386.1722566405; 51450.2; 5825.24
670; 0.113814742955116; 53243.3257383649; 51293.57; 5849.09
671; 0.115140712514454; 53043.1430624567; 51072.93; 5839.11
672; 0.111684899508369; 52837.1111457169; 50919.86; 5854.67
673; 0.109101013218274; 52658.6817347493; 50787.07; 5847.19
674; 0.105492956804872; 52357.3952584906; 50579.53; 5741.04
675; 0.103089526145102; 52143.8119091074; 50427.07; 5670.38
676; 0.10655180031881; 51891.7420687236; 50091.77; 5749.54
677; 0.107771101372507; 51694.4661890668; 49872.31; 5752.67
678; 0.107051800832375; 51345.9920981195; 49530.92; 5766.75
679; 0.106030667556435; 51102.2788965991; 49327.37; 5691.42
680; 0.107608019075928; 50861.6480843592; 49070.42; 5657.7
681; 0.11322027280328; 50541.2345510583; 48667.39; 5623.25
682; 0.116768365966462; 50312.0936613985; 48374.21; 5636.53
683; 0.114179880998284; 49936.1404642316; 48043.66; 5627.07
684; 0.113508096873571; 49691.2333854274; 47814.76; 5610.48
685; 0.112470027024761; 49294.9807304187; 47448.75; 5568.84
686; 0.114752593284536; 49038.9671302323; 47154.8; 5568.22
687; 0.11231666421732; 48750.2163498809; 46914.24; 5541.32
688; 0.108030986745819; 48296.3043296135; 46556.39; 5457.75
689; 0.105464149131461; 48035.4578486245; 46363.53; 5370.2
690; 0.10188570241431; 47642.9997585868; 46046.68; 5305.36
691; 0.103138312100984; 47401.6007296001; 45810.71; 5221.06
692; 0.102886673020992; 47163.2216845384; 45598.99; 5144.11
693; 0.106121910527948; 46844.2331979275; 45273.63; 5005.64
694; 0.103969414784191; 46587.0460830616; 45056.87; 4975.81
695; 0.108992851197955; 46298.2099746343; 44704.09; 4942.74
696; 0.111608543500029; 46092.3065475831; 44432.28; 5024.34
697; 0.109860665103213; 45694.4485845749; 44035.44; 5098.84
698; 0.10976448073401; 45415.4418286438; 43744.03; 5139.29
699; 0.113505361939214; 45073.9194535833; 43359.07; 5097.07
700; 0.111577012244787; 44813.2342948397; 43110.29; 5147.14
701; 0.112682288001678; 44613.912915952; 42902.64; 5120.03
702; 0.108895734143108; 44212.6234967202; 42569.63; 5084.98
703; 0.106943369193142; 43952.7906263391; 42344.57; 5066.69
704; 0.105568382355554; 43622.0971344745; 42087.37; 4896.64
705; 0.104735822959365; 43390.5982660952; 41885.5; 4838.37
706; 0.105228361814061; 43108.5945800186; 41620.16; 4760.67
707; 0.105058469172824; 42909.4072964828; 41416.61; 4780.31
708; 0.104103432038566; 42720.5070955414; 41271.22; 4681.56
709; 0.103327248221227; 42408.4617630321; 40978.27; 4652.88
710; 0.103946948996905; 42204.5441231874; 40764.97; 4653.78
711; 0.104134217092557; 41906.1507676038; 40463.52; 4654.28
712; 0.104919075993706; 41704.5415393094; 40255.7; 4638.36
713; 0.105116396987212; 41403.0861089127; 39964.91; 4594.59
714; 0.101600684162355; 41070.2992945463; 39680.95; 4591.35
715; 0.101873011896613; 40669.6317558127; 39286.31; 4557.68
716; 0.103995038651218; 40372.8930604236; 38975.93; 4507.33
717; 0.102657237645515; 40035.514858404; 38672.49; 4453.37
718; 0.100201585743092; 39527.5606430033; 38238.07; 4314.65
719; 0.101036910866215; 39201.9230427561; 37915.28; 4267.7
720; 0.101322582755191; 38653.7838661653; 37379.7; 4212.45
721; 0.104195401622857; 38335.2413249; 37030.83; 4192.27
722; 0.106766348723639; 37893.7695435344; 36569.84; 4151.01
723; 0.104874563114613; 37561.0589977346; 36281.38; 4083.14
724; 0.102555674654204; 37094.2120194959; 35846.8; 4068.68
725; 0.102332776514678; 36864.2429133166; 35618.41; 4070.88
726; 0.100150885834647; 36573.8302037565; 35362.68; 4042.28
727; 0.0997931811035443; 36445.0253334623; 35264.68; 3952.13
728; 0.0999069878290612; 36332.795851789; 35147.92; 3961.44
729; 0.104834502048497; 36273.3932266437; 35036.8; 3938.93
730; 0.105676280120102; 36222.1027902179; 34982.23; 3916.83
731; 0.106432149819011; 36239.2890871493; 34979.16; 3952.18
732; 0.111794733369787; 36300.4814705745; 34973.38; 3962.08
733; 0.113336097221927; 36345.2021280438; 34983.99; 4008.15
734; 0.115179839661982; 36330.6055769628; 34934.58; 4044.48
735; 0.116905425289148; 36326.2514528413; 34904.98; 4055.84
736; 0.118019577553722; 36283.2943148441; 34849.66; 4051.37
737; 0.11824786071583; 36240.7002115073; 34798.35; 4066.75
738; 0.121408116364653; 36200.9161119941; 34719.07; 4067.97
739; 0.121753530738985; 36129.5874003758; 34662.43; 4014.73
740; 0.123189202825257; 36085.9304600139; 34599.66; 4018.14
741; 0.125379091367125; 36056.7415409414; 34559.08; 3976.86
742; 0.122827193898745; 36043.0937737366; 34577.6; 3971.06
743; 0.124372331105815; 36080.6348177686; 34597.75; 3966.91
744; 0.121095319099683; 36217.5896943342; 34756.32; 4013.5
745; 0.116912281873748; 36328.0432025264; 34929.32; 3977.68
746; 0.117517664576394; 36588.8346250439; 35180.48; 3982.95
747; 0.119518851269801; 36804.7160889139; 35380.24; 3959.61
748; 0.11700613207483; 36986.1284736258; 35579.02; 3993.96
749; 0.116901466190088; 37053.1874783513; 35638.56; 4017.77
750; 0.12001596111376; 37076.2455955841; 35621.81; 4022.63
751; 0.122793057057222; 37021.7675681909; 35526.21; 4042.69
752; 0.124651093549474; 36790.145328987; 35272.84; 4040.09
753; 0.123073179473651; 36528.6384214521; 35021.98; 4063.05
754; 0.117032571304608; 35966.8092710863; 34535.94; 4057.58
755; 0.117392653899913; 35592.2246587326; 34165.32; 4032.92
756; 0.120661490287237; 35036.0421404736; 33598.04; 3953.07
757; 0.11730396417423; 34634.6444035644; 33242.28; 3935.57
758; 0.116340082952749; 34029.1143468003; 32670.12; 3871.5
759; 0.117848488535007; 33648.1773524187; 32281.18; 3842.65
760; 0.119606786920259; 33297.8954957058; 31924.78; 3801.32
761; 0.122413131213316; 32753.9968582459; 31362.01; 3763.45
762; 0.123088125473455; 32414.2306512721; 31037.12; 3701.07
763; 0.122441676542207; 31907.2923021615; 30554.28; 3654.01
764; 0.121047475442545; 31586.7698308981; 30276.78; 3577.22
765; 0.12502114418405; 31171.7121048813; 29844.63; 3508.38
766; 0.12715808435352; 30928.9804145222; 29592.35; 3473.91
767; 0.124346140647176; 30487.7989984857; 29220.25; 3368.97
768; 0.1221748020572; 30196.8977963453; 28985.12; 3278.08
769; 0.129149102785393; 29873.1101620332; 28613.79; 3222.52
770; 0.130892479684525; 29655.1559388623; 28396.16; 3178.58
771; 0.134178671762457; 29334.1042500133; 28063.51; 3128.02
772; 0.135722821799658; 29121.4390513813; 27824.41; 3155.48
773; 0.127061024978989; 28705.1100992631; 27511.03; 3101.69
774; 0.125828993275411; 28429.3212275695; 27250.38; 3090.89
775; 0.123878855844785; 28102.4685863712; 26923.11; 3139.57
776; 0.123073914501305; 27870.7287375177; 26692.28; 3156.47
777; 0.122449724888799; 27535.4286227468; 26378.67; 3113.38
778; 0.121462535617285; 27305.139189255; 26156.79; 3114.98
779; 0.118877157849856; 26948.8828863278; 25833.84; 3089.73
780; 0.120469677602661; 26761.3065554657; 25644.18; 3053.81
781; 0.129352270568433; 26560.3322681824; 25391.25; 2975.72
782; 0.131400861268485; 26390.1201517111; 25220.98; 2928.73
783; 0.130579533883836; 26073.500080125; 24943.53; 2847.78
784; 0.129008655632987; 25887.0578204845; 24783.44; 2814.52
785; 0.129058114592758; 25614.5758148883; 24512.17; 2809.55
786; 0.127017314382952; 25423.9865151107; 24354.29; 2769.2
787; 0.128248377873572; 25171.9002845019; 24111.29; 2718.46
788; 0.124619464384693; 24955.3888515718; 23935.54; 2689.25
789; 0.126233271266473; 24660.5370198511; 23629; 2684.53
790; 0.135722260226701; 24545.643083271; 23429.19; 2701.61
791; 0.132837129068485; 24279.8973432208; 23215.9; 2629.93
792; 0.136453834353821; 24118.4704436016; 23023.05; 2635.25
793; 0.136013714428406; 23868.1682564697; 22777.42; 2632
794; 0.146315678663555; 23762.2685234751; 22595.01; 2617.89
795; 0.15031490617597; 23543.9426408653; 22336.97; 2634.77
796; 0.152497547157443; 23353.6462734501; 22112.83; 2669.71
797; 0.145289101940182; 23163.6421261358; 21984.92; 2661.85
798; 0.141517549864825; 22913.5880715529; 21770.62; 2649.81
799; 0.142306828671295; 22767.0433011551; 21624.52; 2633.75
800; 0.136954636441057; 22517.978289927; 21451.6; 2553.96
801; 0.132237072403003; 22316.7001577815; 21296.11; 2530.61
802; 0.126130809607978; 22069.4109029061; 21094.24; 2534.16
803; 0.120568430350265; 21883.2564257341; 20965.53; 2493.87
804; 0.116814943184954; 21643.1184211355; 20777.34; 2427.37
805; 0.119224215639999; 21508.4277177698; 20626.73; 2421.43
806; 0.122653623378271; 21310.2195076566; 20408.68; 2406.08
807; 0.123687780712521; 21169.8373809957; 20262.29; 2401.48
808; 0.127565477834055; 20988.3668288236; 20069.98; 2355.84
809; 0.133673194767514; 20885.9079270285; 19935.88; 2325.21
810; 0.137027362426428; 20728.7381962577; 19758.37; 2316.34
811; 0.141993766162738; 20627.4157391086; 19629.76; 2297.52
812; 0.141366049265118; 20430.5326138844; 19440.29; 2289.84
813; 0.143948860045344; 20329.8935544293; 19329.39; 2271.4
814; 0.140337510792996; 20159.2314691783; 19206.63; 2217.59
815; 0.141364015701832; 20058.8565993442; 19107.39; 2198.44
816; 0.137389681078943; 19868.3906222289; 18944.37; 2196.29
817; 0.129844236192816; 19654.5139981084; 18785.86; 2184.32
818; 0.125255355890996; 19515.8964161834; 18686.34; 2162.08
819; 0.133552916482724; 19344.6991478464; 18460.03; 2162.05
820; 0.132455341585532; 19193.5329600437; 18313.57; 2167.88
821; 0.133442444257407; 19030.3644749926; 18130.17; 2200.68
822; 0.136123510762484; 18918.2832715502; 17998; 2204.84
823; 0.136722908877368; 18756.9483579288; 17836.87; 2194.12
824; 0.13831453559899; 18654.973271312; 17730.5; 2178.67
825; 0.142391222088921; 18547.718662579; 17610.23; 2146.02
826; 0.145278758973688; 18461.1083859965; 17535.63; 2076.42
827; 0.139821332533777; 18310.3895307972; 17428.2; 2056.75
828; 0.141630231985366; 18220.1137861924; 17337.68; 2031.24
829; 0.140865781232701; 18049.7331091989; 17185.3; 2000.41
830; 0.144353593005337; 17924.0639222966; 17061.23; 1948.34
831; 0.145348783536131; 17823.7926066291; 16971.77; 1909.83
832; 0.142366616613708; 17677.5907303337; 16860.01; 1870.11
833; 0.13880929504782; 17570.0229704652; 16770.25; 1875.35
834; 0.138885861551181; 17426.1472475627; 16645.37; 1828.97
835; 0.136519055322857; 17317.8617387342; 16549.23; 1831.26
836; 0.130085967454392; 17166.1752846056; 16453.14; 1782.35
837; 0.12748115956945; 17070.352151805; 16379.07; 1763.51
838; 0.125076628671561; 16909.7831261008; 16235.15; 1754.35
839; 0.1268443571915; 16767.3316101217; 16074.2; 1778.6
840; 0.132199796364367; 16703.5639401901; 15981.44; 1777.93
841; 0.134274963601251; 16598.6091530615; 15866.44; 1776.81
842; 0.136922642317572; 16528.6726180353; 15776.56; 1789.51
843; 0.142342081935778; 16418.5204751809; 15646.69; 1766.05
844; 0.145708744014448; 16340.0004475815; 15542.12; 1783.07
845; 0.147735630214128; 16198.0104113169; 15390.02; 1780.43
846; 0.148974213780326; 16137.5205005373; 15331.09; 1761.82
847; 0.142608501555317; 15994.0169423876; 15227.78; 1748.28
848; 0.144677335124865; 15852.3188487086; 15098.25; 1695.53
849; 0.138358411551705; 15730.7291631737; 15011.88; 1689.72
850; 0.139104722862208; 15568.3285436481; 14856.35; 1664.16
851; 0.144683862549286; 15478.9039604517; 14747.7; 1642.82
852; 0.146897526330467; 15345.8935311817; 14619.18; 1607.71
853; 0.146862806008417; 15236.051323991; 14518.29; 1587.92
854; 0.150218241468879; 15050.8452122932; 14338.6; 1540.12
855; 0.149920363485364; 14864.3279160002; 14151.45; 1544.2
856; 0.153257537232; 14760.7073104459; 14045.55; 1515.11
857; 0.155101400453152; 14612.7980850584; 13919.7; 1450.59
858; 0.156186540651557; 14530.8585231198; 13825.47; 1465.77
859; 0.155392829360734; 14359.3495920703; 13648.99; 1483.35
860; 0.149151846608592; 14224.4050249515; 13531.11; 1507.95
861; 0.15078999694312; 14094.0591891687; 13401.13; 1490.49
862; 0.150603114624988; 13969.079618391; 13274.97; 1494.59
863; 0.145461281879419; 13833.0333027145; 13154.46; 1512.49
864; 0.153568620158998; 13688.6023175626; 12956.07; 1546.21
865; 0.155075443482186; 13558.3801471439; 12824.65; 1533.39
866; 0.156887173641053; 13370.2192934773; 12635.79; 1516.83
867; 0.15754144206492; 13170.1397950507; 12433.88; 1513.95
868; 0.152974080244326; 12993.8466013441; 12293.84; 1482.09
869; 0.153529097772989; 12748.4233959723; 12058.37; 1455.45
870; 0.158733044750972; 12594.8268638159; 11894.82; 1427.76
871; 0.1562134651573; 12307.2111435807; 11642.25; 1377.84
872; 0.153442112853321; 12121.6714118432; 11469.19; 1376.13
873; 0.153257650043797; 11866.8629763989; 11235.69; 1332.53
874; 0.151259616729686; 11612.7983096998; 11012.1; 1284.65
875; 0.147658176341388; 11436.8717904077; 10866.29; 1249.76
876; 0.144497100447299; 11186.8900116134; 10645.77; 1210.92
877; 0.150141961123242; 11060.4201082976; 10509.02; 1187.3
878; 0.147253914686863; 10867.6076687525; 10330.64; 1178.63
879; 0.154949967997336; 10738.8499397232; 10193.75; 1136.83
880; 0.152329902106881; 10644.4862672116; 10109.79; 1134.09
881; 0.156122317221729; 10523.7498865267; 9979.85; 1125.33
882; 0.166957841267291; 10470.076021024; 9891.73; 1118.72
883; 0.172456058349424; 10398.24974941; 9795.02; 1129.43
884; 0.17841419885525; 10308.1791108931; 9695.26; 1109.03
885; 0.17644924040183; 10251.0786684577; 9644.88; 1108.83
886; 0.169960807620971; 10166.2901550113; 9598.29; 1078.41
887; 0.172955682869821; 10117.8201524718; 9533.9; 1089.26
888; 0.170262468688046; 10035.2259252821; 9478.5; 1054.82
889; 0.168807790527928; 9992.54324388071; 9465.16; 1007.67
890; 0.165365863508065; 9950.96369810383; 9433.9; 1008.35
891; 0.160751649883137; 9918.64602467177; 9408.11; 1024.03
892; 0.155625173230025; 9926.12016066777; 9432.88; 1021.76
893; 0.151978650425087; 9945.6291074595; 9463.6; 1022.36
894; 0.134644278907854; 9988.55066274812; 9551.22; 1046.8
895; 0.131775349382709; 10042.7785062788; 9605.56; 1069.14
896; 0.130089804562688; 10170.0528855519; 9731.54; 1086.02
897; 0.131026588491302; 10273.7854603768; 9819.83; 1116.08
898; 0.129632691857718; 10462.6205894669; 10007.83; 1129.97
899; 0.132885456848416; 10671.5888293413; 10203.23; 1135.01
900; 0.13373280204845; 10792.5769875616; 10302.21; 1180.62
901; 0.146287315802977; 10965.1180601314; 10410.07; 1221.5
902; 0.157954313528341; 11114.9094566918; 10506.52; 1239.79
903; 0.160911434297412; 11183.996329319; 10552.68; 1262.66
904; 0.164411385692516; 11204.556596118; 10574.7; 1232.72
905; 0.166863796302107; 11188.4241590659; 10548.03; 1234.76
906; 0.169999341166868; 11122.5847572196; 10477.21; 1221.21
907; 0.172797437413078; 10990.7668122614; 10347.55; 1197.22
908; 0.173301949220563; 10880.5945502236; 10275.37; 1123.04
909; 0.162795241173769; 10652.9134804893; 10095.42; 1101.09
910; 0.15162477692324; 10353.3360033223; 9857.05; 1052.24
911; 0.150145913281312; 10144.2725896277; 9654.96; 1047.5
912; 0.14291249628158; 9791.34488771381; 9338.38; 1018.6
913; 0.151296095875178; 9560.15277501327; 9092.46; 993.31
914; 0.150315118301271; 9176.3104202117; 8733.46; 946.53
915; 0.150399365835375; 8786.29806114596; 8353.23; 924.95
916; 0.14234322632889; 8515.5450096921; 8121.34; 889.45
917; 0.148641190958133; 8155.41450365114; 7752.42; 870.64
918; 0.149706078860816; 7842.69334626737; 7459.75; 821.3
919; 0.152924426637407; 7645.7718138052; 7264.7; 799.98
920; 0.146769783702193; 7338.67497098091; 6995.79; 749.9
921; 0.154134765985675; 7070.45446955876; 6721.88; 725.82
922; 0.160179825141613; 6897.56329638205; 6539.28; 717.81
923; 0.169071194149681; 6653.14991286562; 6288.76; 691.56
924; 0.16566648404723; 6491.19456392693; 6145.76; 668.97
925; 0.185022668555722; 6268.06486559201; 5898.34; 641.02
926; 0.188764514386223; 6012.5151424821; 5662.37; 594.98
927; 0.176412146795781; 5841.55888684571; 5522.49; 580.06
928; 0.164500486840094; 5601.76155948071; 5315.76; 557.52
929; 0.163082664680805; 5353.43522571602; 5094.54; 509
930; 0.161434432470203; 5172.42773776572; 4918.46; 504.36
931; 0.164395706376082; 4865.19407160716; 4620.77; 476.6
932; 0.156690163441001; 4522.05003742801; 4308.68; 436.45
933; 0.163481310285971; 4275.18486875093; 4066.76; 408.57
934; 0.161006482856325; 3862.43572869651; 3675.65; 371.73
935; 0.167733851599084; 3428.84538311175; 3254.36; 333.29
936; 0.170120716013564; 3131.89832651067; 2974.81; 295.81
937; 0.153189464399677; 2683.94660010451; 2559.82; 259.54
938; 0.149782854772938; 2281.2745446268; 2188.07; 199.29
939; 0.160621727375623; 2052.21329946134; 1968.44; 167.02
940; 0.150185966600615; 1767.77683533866; 1694.3; 156.65
941; 0.141836840912078; 1552.63156189231; 1492.72; 135.23
942; 0.133139482856066; 1441.45666937848; 1387.37; 130.04
943; 0.120036304805426; 1336.30981143267; 1286.69; 132.31
944; 0.147756581109782; 1304.48250453084; 1244.67; 129.55
945; 0.150120268856859; 1308.76482212029; 1249.62; 126.07
946; 0.146231406021331; 1335.52760511182; 1278.41; 124.97
947; 0.164242801228525; 1379.15797524132; 1312.83; 129.19
948; 0.156147290137145; 1415.28303221126; 1348.84; 136.11
949; 0.171462336889213; 1491.6675551727; 1415.09; 142.84
950; 0.196693362649302; 1582.82261868774; 1490.69; 149.79
951; 0.204592891509149; 1650.65341417708; 1540.43; 172.26
952; 0.201329964485407; 1736.36479540696; 1616.44; 190.44
953; 0.205904320241528; 1828.14140521416; 1698.68; 200.99
954; 0.199182523321448; 1890.28901659689; 1761.94; 205.96
955; 0.173456856763844; 1973.19333404476; 1851.17; 224.82
956; 0.162572339864671; 2054.5774699052; 1937.02; 231.07
957; 0.1519374256088; 2107.01414780591; 1996.3; 232.82
958; 0.108045346694523; 2164.33219437578; 2090.68; 217.78
959; 0.112584387260546; 2235.32400038804; 2161.75; 208.75
960; 0.105400028142106; 2271.59730881018; 2195.68; 230.05
961; 0.125147409685127; 2331.37784133811; 2242.09; 227.85
962; 0.13625021433169; 2383.45251705182; 2286.61; 226.96
963; 0.152049044276982; 2416.78038879378; 2305.87; 232.89
964; 0.16736516495944; 2456.72335226333; 2338.55; 225.41
965; 0.186484695903048; 2482.33636303956; 2344.92; 235.21
966; 0.185008138697439; 2514.5658464197; 2370.41; 248.69
967; 0.205527817454684; 2529.81871101815; 2385.29; 224.41
968; 0.186217795731377; 2529.41600062342; 2395.91; 228.76
969; 0.203104932184593; 2536.18073087021; 2396.97; 218.68
970; 0.191106466655248; 2527.95648652784; 2398.3; 216.43
971; 0.174807726051043; 2511.90870585799; 2389.14; 224.01
972; 0.178544780006254; 2503.5515974433; 2381.04; 218.84
973; 0.18462392932357; 2485.78181009741; 2367.5; 204.3
974; 0.174721832630205; 2470.00616796909; 2349.98; 219.04
975; 0.191146512494546; 2468.68328855451; 2340.69; 213.48
976; 0.186774075333064; 2455.15068569902; 2329.67; 214.16
977; 0.192682324304305; 2443.0732452821; 2314.39; 212.87
978; 0.182625406982976; 2416.51884501044; 2293; 215.55
979; 0.161602803323577; 2385.04862300112; 2270.94; 225.01
980; 0.147239225657284; 2356.35510643503; 2253.53; 222.51
981; 0.143671674538536; 2310.4142445708; 2211.65; 219
982; 0.139642297362578; 2264.99220001653; 2166.45; 224.79
983; 0.146203289988908; 2241.20933493111; 2136.66; 227.76
984; 0.146650595134818; 2208.26208695004; 2107.27; 219.31
985; 0.15620917406183; 2173.02742809371; 2067.62; 214.87
986; 0.16475680430217; 2145.36741927105; 2036.48; 210.42
987; 0.181438114319536; 2131.66260008206; 2005.72; 220.98
988; 0.165055243643617; 2094.94114656449; 1984.27; 213.43
989; 0.157089335134134; 2058.07699392; 1952.57; 213.76
990; 0.152386653844436; 2030.38809279398; 1930.05; 209.54
991; 0.15723116293449; 1989.1231668706; 1880.21; 220.41
992; 0.151948891837573; 1945.81910034737; 1848.35; 204.08
993; 0.142024773411152; 1892.37951391323; 1804.62; 196.57
994; 0.146175847108621; 1871.19393055094; 1785.01; 187.54
995; 0.154661332450357; 1834.80290857774; 1738.71; 197.61
996; 0.168962787290671; 1796.52967994519; 1698.8; 183.94
997; 0.181071063792; 1759.31214028977; 1659.01; 176.14
998; 0.187217288015988; 1729.55788855781; 1637.37; 156.56
999; 0.198858074451377; 1700.32008680445; 1600.11; 160.2
1000; 0.222432957389243; 1668.66296523355; 1558.01; 158.13
1001; 0.220587568442081; 1647.04165548592; 1537.83; 157.36
1002; 0.212808801184079; 1605.62853875194; 1513.64; 137.37
1003; 0.177773694575843; 1559.91656037536; 1482.74; 137.95
1004; 0.152360013263512; 1518.87488520822; 1458.8; 125.28
1005; 0.133287704299215; 1492.5282560048; 1439.4; 126.63
1006; 0.140495931419872; 1460.29805937178; 1403.8; 127.74
1007; 0.12923189588479; 1424.69559325352; 1377.82; 115.21
1008; 0.0985084971467947; 1373.58128356928; 1336.17; 120.61
1009; 0.122706520952625; 1355.37282520426; 1307.77; 123.19
1010; 0.169652973271656; 1333.94483802374; 1274.54; 111.18
1011; 0.17062248811764; 1305.55148449326; 1243.99; 114.55
1012; 0.186318033726163; 1278.48657636222; 1208.87; 118.61
1013; 0.185464091323711; 1258.12028391842; 1190.37; 115.95
1014; 0.202755158482754; 1235.46796973025; 1163.01; 113.42
1015; 0.221141052251884; 1219.91228179413; 1137.11; 118.82
1016; 0.2164058022905; 1189.34049643281; 1113.5; 111.2
1017; 0.199018203925224; 1165.18620387498; 1094.83; 112.16
1018; 0.234439674577526; 1141.71057267725; 1066.64; 101.58
1019; 0.21241064254342; 1106.81779368066; 1043.81; 94.09
1020; 0.209385650362914; 1079.16074836061; 1015.07; 97.08
1021; 0.172067862895826; 1049.21585969871; 986.98; 114.7
1022; 0.1433367904391; 1008.39460351876; 965.88; 94.05
1023; 0.158524840061702; 982.069204140982; 931.74; 100.66
1024; 0.140895076160623; 950.883342966964; 909.96; 92.08
1025; 0.132695018135843; 932.204695272807; 889.66; 101.63
1026; 0.148504230080681; 910.290450833443; 858.31; 110.94
1027; 0.174523401515138; 882.722108621384; 822.79; 108.83
1028; 0.18184867161522; 865.904509951039; 812.16; 93.65
1029; 0.200949004772504; 853.526513837592; 790.63; 99.17
1030; 0.17005724624783; 824.060716780837; 774.07; 93.13
1031; 0.176338463777761; 809.65646994439; 765.45; 79.41
1032; 0.200984973557102; 790.008284415164; 747.55; 66.91
1033; 0.229500098983683; 777.083936070443; 731.51; 62.89
1034; 0.171824497848953; 762.541189736633; 729.22; 61.41
1035; 0.221181587084385; 747.458109455531; 712.65; 49.83
1036; 0.291218551757019; 735.603758721706; 692.97; 46.35
1037; 0.245026376264333; 716.329095294397; 674.92; 53.5
1038; 0.209795267319542; 700.833545656417; 662.79; 57.4
1039; 0.177743253710745; 636.692305896677; 596.18; 72.14
1040; -0.517774517744796; 552.111764213657; 690.97; 84.87
1041; 0.473622242821036; 652.062702333034; 731.93; -53.36
