# 06/03/2019 18:51:59
# NanoCalc data
# Original file name: C:\SVA_DATA\StudentProjects\2018_Nathan\PS-b-PI\PSbPI_845.dat
# Fit Result : Fitness; Thickness 1; Thickness 2; Thickness 3 
# Fit Result : 1.20901771590176; 2; 113.1; -1
# comment:PSbPI id:370 slowslow script start 16:33
#
# WaveLength; Reflectance; Raw Intensity; Dark Intensity; Reference Intensity
400; 0.491498208947596; 4368.43715068156; 3706.58; 652.97
401; 0.482049375003445; 4513.56648151977; 3827.82; 686.82
402; 0.484742056201587; 4618.89027897086; 3922.88; 690.19
403; 0.483624739112706; 4722.06983890419; 4026.52; 688.46
404; 0.481104806475027; 4816.70777733697; 4116.57; 693.7
405; 0.467805816492987; 4977.40327242532; 4267.86; 720.2
406; 0.481082175258662; 5096.5213271501; 4392.4; 692.25
407; 0.491132410851063; 5233.40097011052; 4498.1; 705.33
408; 0.497390719612059; 5361.0907412289; 4602.23; 715.92
409; 0.50138624576786; 5469.55557825332; 4697.66; 719.74
410; 0.501154105170678; 5635.7144928958; 4851.48; 728.85
411; 0.504159885142146; 5735.08143276003; 4933.69; 737.74
412; 0.495495020931851; 5824.9512073674; 5006.35; 764.04
413; 0.49316125598212; 5917.05654540102; 5074.69; 787.31
414; 0.486190863074596; 6054.6184918433; 5187.46; 819.34
415; 0.476540996404411; 6128.43576274972; 5262.83; 831.69
416; 0.469936866531037; 6200.53783167348; 5333.87; 841.6
417; 0.467152942131757; 6289.26425678017; 5432.16; 834.5
418; 0.462150589849337; 6418.78657439911; 5554.94; 847.33
419; 0.457656108411298; 6504.67581488192; 5639.25; 854.66
420; 0.449784270241611; 6623.98559484989; 5731.78; 893.85
421; 0.458644050820915; 6751.73644922994; 5844.55; 888.7
422; 0.451964126109736; 6913.97036165497; 5986.26; 919.54
423; 0.441371631462885; 7022.46571613259; 6097.41; 936.13
424; 0.435343755592591; 7162.2940420902; 6222.48; 961.37
425; 0.423304548691801; 7292.3218863273; 6336.9; 1002.4
426; 0.419954060938145; 7505.07530679325; 6501.39; 1058.55
427; 0.405083469103957; 7632.67538564482; 6648.16; 1073.5
428; 0.398254182105295; 7775.2685851959; 6783.3; 1097.16
429; 0.393990414158477; 7888.12940759347; 6907.86; 1093.25
430; 0.390758859558248; 8099.26190888502; 7111.68; 1107.74
431; 0.393715237296176; 8253.30015799662; 7247.41; 1117.05
432; 0.391172714132737; 8372.18161556935; 7363.78; 1124.31
433; 0.390929171809569; 8487.23453878792; 7451.35; 1152.9
434; 0.386477325038813; 8645.97056041741; 7622.06; 1149.92
435; 0.38452926144375; 8755.52978890099; 7725.43; 1160.22
436; 0.391796433535113; 8860.61614766772; 7810.18; 1158.66
437; 0.386027009650129; 8961.98412341167; 7906.48; 1178.93
438; 0.373405844934483; 9115.09626176952; 8054.32; 1222.03
439; 0.37007550576679; 9197.98122365535; 8136.76; 1230.73
440; 0.373066155162776; 9311.01710694857; 8228.69; 1242.29
441; 0.37139761437821; 9406.0425784906; 8339.09; 1227.41
442; 0.373160182629757; 9592.54142413957; 8479.44; 1271.58
443; 0.368930654011077; 9695.13126136926; 8574.86; 1291.6
444; 0.365757517135373; 9836.28812081791; 8692.65; 1327.07
445; 0.364826916246769; 9971.25231357198; 8808.71; 1349.4
446; 0.365815248238402; 10199.5718128564; 8995.09; 1391.12
447; 0.363659270982567; 10369.8939508869; 9152.97; 1410.79
448; 0.352902979049847; 10531.9421250769; 9325.63; 1437.98
449; 0.363607324287458; 10851.0833916693; 9579.28; 1468.31
450; 0.36308052179734; 11043.7046020706; 9774.98; 1463.74
451; 0.355520812708601; 11212.7830405773; 9949.44; 1485.53
452; 0.358503022991508; 11416.8192762194; 10146.84; 1477.89
453; 0.348473857910432; 11731.9045927819; 10453.15; 1527.91
454; 0.346969568978181; 11954.9598116117; 10674.94; 1533.01
455; 0.338170914364931; 12147.889989149; 10869.94; 1567.29
456; 0.337304804468891; 12401.4883531404; 11067.31; 1637.27
457; 0.330680197462302; 12757.0507479959; 11406.59; 1687.26
458; 0.31834629159564; 12996.0757998364; 11668.57; 1719.54
459; 0.319033934937699; 13255.1582969598; 11888.18; 1763.56
460; 0.315440039457498; 13509.0957245976; 12120.23; 1808.82
461; 0.314104861249155; 13867.47194577; 12477.98; 1813.95
462; 0.321122974250214; 14121.4344930811; 12696.02; 1816.78
463; 0.319256578283053; 14339.885871818; 12920.83; 1815.95
464; 0.314636866056676; 14701.8765251956; 13251.1; 1880.37
465; 0.308148079145094; 14940.0302202561; 13499.29; 1903.39
466; 0.309242618912146; 15205.0029107762; 13714.15; 1959.18
467; 0.309441145164124; 15468.8482510448; 13941.45; 2002.55
468; 0.305471202015759; 15966.4430209156; 14419.99; 2050.42
469; 0.302166740157463; 16290.8444568709; 14715.46; 2108.14
470; 0.29833489587899; 16614.574354556; 15030.91; 2142.93
471; 0.292691786006815; 17041.8101232666; 15439.32; 2206.59
472; 0.297093785000673; 17713.9229956279; 16033.97; 2275.28
473; 0.295740472703442; 18187.7641927895; 16472.79; 2329.59
474; 0.287854764097251; 18653.8312533145; 16951.53; 2371.89
475; 0.288373727333674; 19541.2659847303; 17780.12; 2445.55
476; 0.283407318824463; 20107.6220485246; 18330.84; 2506.42
477; 0.286880736159619; 20764.7005417828; 18892.02; 2605.57
478; 0.287079353189745; 21510.2233530646; 19567.89; 2696.25
479; 0.285789914428507; 22581.1779861374; 20540.83; 2840.66
480; 0.28008489785905; 23325.2802669342; 21247.71; 2946.79
481; 0.274193422768488; 24034.515611489; 21945.87; 3021.61
482; 0.277965071574441; 25198.5365155154; 23001.33; 3130.81
483; 0.27672952339913; 25947.2396325569; 23698.95; 3213.18
484; 0.275145858984845; 26676.0429306655; 24387.59; 3284.49
485; 0.270421720848446; 27379.1997662392; 25047.89; 3399.35
486; 0.267689772520052; 28376.6929804184; 25989.21; 3511.42
487; 0.267000357613373; 28994.856615955; 26548.62; 3601.68
488; 0.266477775748451; 29627.5421991873; 27137.19; 3668.26
489; 0.26660877381632; 30228.9315179238; 27674.23; 3755.82
490; 0.258731754894703; 31035.8728649979; 28469.58; 3882.15
491; 0.255911674419017; 31522.2189693765; 28962.28; 3910.11
492; 0.251038939988699; 31973.3953063798; 29398.31; 4004.35
493; 0.25075421357536; 32654.4678132367; 30045.96; 4055.79
494; 0.248580472031169; 33061.2342392022; 30450.65; 4089.41
495; 0.244057292136892; 33427.7891043647; 30849.74; 4108.15
496; 0.240727608240591; 33974.2508666504; 31406.65; 4142.99
497; 0.238013669588275; 34309.5695247615; 31767.86; 4142.86
498; 0.240764122690726; 34674.1982247395; 32067.12; 4195.67
499; 0.240815163994904; 35045.8378915059; 32404.94; 4243.83
500; 0.240848769882457; 35523.6531028135; 32863.49; 4268.88
501; 0.241576573502515; 35847.1598231025; 33146.16; 4315.77
502; 0.242297092916987; 36204.487159103; 33476.28; 4340.55
503; 0.240821547512263; 36712.5891811367; 33974.55; 4377.29
504; 0.240500438095302; 37080.6815514853; 34328.61; 4399.96
505; 0.235873467484682; 37445.8143963152; 34741.28; 4403.53
506; 0.235645550663874; 37831.7531698632; 35107.34; 4434.89
507; 0.228032753906151; 38343.8755648881; 35715.47; 4416.36
508; 0.225876387890354; 38740.4994483267; 36120.4; 4439.31
509; 0.222678429413366; 39136.2509941222; 36537.16; 4462.01
510; 0.216249842932902; 39747.4099688617; 37164.54; 4560.8
511; 0.213374338877166; 40151.0583811027; 37577.28; 4600.76
512; 0.207356398119364; 40527.9699475582; 38001.86; 4641.31
513; 0.205276900198526; 41121.6861386078; 38544.65; 4777.5
514; 0.203280104508594; 41535.6489273222; 38978.11; 4782.45
515; 0.203705467498979; 41995.4949676657; 39357.58; 4916.92
516; 0.203427120927362; 42394.9820545228; 39710.45; 5004.9
517; 0.200747414993748; 43015.1525777654; 40331.64; 5063.94
518; 0.198918865259781; 43436.1093429377; 40749.91; 5109.82
519; 0.19994349109707; 43873.1166245503; 41153.15; 5141.7
520; 0.200012186920289; 44514.6940133346; 41744.27; 5229.46
521; 0.197512066528186; 44911.708356238; 42147.85; 5277.47
522; 0.194935440816616; 45319.8124642178; 42528.95; 5393.7
523; 0.192406397099893; 45907.0834923993; 43144.91; 5402.76
524; 0.187633989444864; 46290.6884188487; 43568.3; 5454.65
525; 0.185746102061248; 46645.8126751239; 43928.06; 5495.06
526; 0.186010726770916; 47194.0183336354; 44426.05; 5582.88
527; 0.183475799395171; 47532.0819549891; 44754.61; 5673.87
528; 0.179240552056434; 47843.5696972446; 45083.01; 5766.75
529; 0.177815956481634; 48128.0696937284; 45349.17; 5845.8
530; 0.177297876107912; 48488.2615378942; 45699.78; 5877.43
531; 0.175200896007791; 48676.7891333251; 45874.99; 5970.71
532; 0.172114724733389; 48853.2263818655; 46081.55; 6006.91
533; 0.17071005711759; 49133.9983521703; 46374.85; 6023.42
534; 0.169322136029608; 49276.4740189255; 46512.86; 6077.02
535; 0.164763824624671; 49389.8257575164; 46705.25; 6060.18
536; 0.162595943528633; 49570.2303892232; 46893.06; 6117.76
537; 0.160700486129661; 49713.2313366961; 47060.97; 6125.72
538; 0.157765780091838; 49876.6551848384; 47278.55; 6105.66
539; 0.158510669555867; 50177.37006627; 47591.89; 6041.35
540; 0.159832582633979; 50363.2651229131; 47751.12; 6047.07
541; 0.161103112473718; 50578.5709964253; 47934.66; 6067.28
542; 0.161529367128999; 50912.0279871102; 48265.44; 6052.34
543; 0.163353763753296; 51161.4575877924; 48472.17; 6076.53
544; 0.16235193671764; 51403.5338569092; 48742.04; 6046.08
545; 0.160732287867349; 51772.8123001371; 49147.92; 6018.12
546; 0.163196204094476; 52080.0590062088; 49400.39; 6046.02
547; 0.162350816277678; 52296.1815016787; 49589.44; 6133.58
548; 0.159612339132013; 52779.4668847848; 50065.48; 6250.24
549; 0.157043759010155; 53016.1251079006; 50321; 6302.83
550; 0.151082053375775; 53255.1202223777; 50631.34; 6372.71
551; 0.1489524424432; 53539.5978844339; 50941.36; 6395.47
552; 0.146769784341377; 53953.3070892851; 51381.82; 6418.3
553; 0.145800583438656; 54221.8245596728; 51642.05; 6476.44
554; 0.144266841190504; 54529.1247435254; 51958.5; 6516.52
555; 0.141523475205912; 54974.7226860611; 52472.31; 6461.05
556; 0.14187475211423; 55275.6929714838; 52774.37; 6436.57
557; 0.139010662352668; 55579.960940828; 53127.07; 6436.47
558; 0.139964344261091; 56107.8593942262; 53628.3; 6456.57
559; 0.142734762052187; 56530.7192788124; 53982.54; 6500.87
560; 0.141933702460813; 56926.2269601083; 54374.65; 6540.64
561; 0.139330711647975; 57634.6476491214; 55113.13; 6578.83
562; 0.139289409220247; 58144.1828428957; 55594.48; 6648.59
563; 0.137999165148537; 58666.7976938164; 56111.99; 6718.72
564; 0.136372708170165; 59462.7576255756; 56872.57; 6887.39
565; 0.137363838807929; 60014.804081258; 57392.16; 6918.28
566; 0.137189940279062; 60533.7567083307; 57887.77; 6983.55
567; 0.133011902067898; 61174.2205351603; 58581.27; 7053.7
568; 0.132747871457882; 61515.0441269162; 58892.28; 7144.09
569; 0.133499635682932; 61713.2987660453; 59048.64; 7212.18
570; 0.133320275796771; 61854.8939200503; 59201.32; 7186.7
571; 0.133699518202677; 61849.3014428133; 59179.33; 7205.05
572; 0.135305967667659; 61820.2954540784; 59136.17; 7151.54
573; 0.132699431916662; 61541.2788803896; 58913.77; 7132.5
574; 0.13188836468124; 61313.2962699138; 58730.17; 7049.31
575; 0.13061135395248; 60958.9328341081; 58409.27; 7020.39
576; 0.129123586259071; 60774.8371519145; 58286.82; 6924.21
577; 0.125902039848821; 60576.1789523099; 58156.17; 6901.91
578; 0.123901384245429; 60321.3462144615; 57942.19; 6889.6
579; 0.123089342075056; 60193.8670077466; 57832.37; 6878.4
580; 0.122666878832767; 60099.8534341159; 57747.7; 6869.6
581; 0.122403000524553; 59903.8256564659; 57553.64; 6873.83
582; 0.121543471817535; 59793.9895891444; 57452.74; 6891.28
583; 0.122227412397595; 59711.326112607; 57372.5; 6841
584; 0.124330229565569; 59632.4698022704; 57257.56; 6824.62
585; 0.12506532351422; 59573.7539788259; 57205.45; 6761.24
586; 0.124514664782519; 59505.6747424485; 57145.37; 6763.8
587; 0.123693727167211; 59430.2099667091; 57079.59; 6776.52
588; 0.12360501062607; 59311.5132597979; 56937.13; 6845.66
589; 0.122018136322618; 59277.8824989996; 56955.2; 6779.63
590; 0.121327048302198; 59238.4929681738; 56919.06; 6804.44
591; 0.124207655219377; 59264.8582514593; 56871.59; 6853.91
592; 0.122984903278823; 59262.3438414932; 56866.08; 6926.36
593; 0.123006527380006; 59313.4394108892; 56885.37; 7012.64
594; 0.124563284237599; 59400.5841537323; 56949.44; 6986.4
595; 0.125255571443613; 59616.4411001402; 57139.71; 7015.88
596; 0.124843267595283; 59837.3218916855; 57370.84; 7005.49
597; 0.122480829128282; 60050.4056505948; 57620.87; 7029.2
598; 0.121225097128622; 60513.6638807571; 58084.9; 7095.26
599; 0.117278188879541; 60874.1402429656; 58524.45; 7090.77
600; 0.116801725246361; 61362.3935738141; 59020.31; 7092.14
601; 0.116118333225825; 62173.0658205307; 59811.73; 7187.95
602; 0.113389378910421; 62760.709286856; 60413.01; 7313.98
603; 0.110953270263615; 63321.3423187902; 60992.44; 7410
604; 0.108029099162752; 64144.0396664057; 61857.75; 7466.56
605; 0.108957666210848; 64740.7130323932; 62404.92; 7558.6
606; 0.111371909192939; 65354.2043222353; 62931.49; 7665.24
607; 0.112356784966054; 66041.6586199804; 63575.16; 7730.63
608; 0.110729351604197; 66361.9909633059; 63913.77; 7781.35
609; 0.110952288331589; 66768.9104000061; 64286.44; 7869.52
610; 0.112679373621757; 66916.3607080028; 64387.2; 7889.79
611; 0.113077787715287; 67008.6221664999; 64454.87; 7933.77
612; 0.110615732195561; 66972.1325515056; 64486.18; 7890.17
613; 0.111711830893497; 66909.219574435; 64382.6; 7935.66
614; 0.110808317226567; 66741.5287184886; 64258.5; 7857.7
615; 0.110277390823396; 66395.7393226919; 63951.06; 7769
616; 0.11210819867139; 66126.515239399; 63649.54; 7738.29
617; 0.110085525134574; 65558.2146291724; 63191.8; 7524.48
618; 0.107722964028193; 65143.6776143026; 62865.79; 7397.46
619; 0.104557274749439; 64714.7344793388; 62524.5; 7324.23
620; 0.108332379083896; 64158.345419712; 61903.74; 7272.85
621; 0.107536731685802; 63728.0902817636; 61522.57; 7163.5
622; 0.106653414390104; 63300.177967689; 61120.28; 7135.28
623; 0.105244788152565; 62711.1493585858; 60595.35; 7014.78
624; 0.103420135182658; 62315.9459342502; 60252.71; 6957.84
625; 0.106632806390842; 61897.6934684861; 59771.23; 6951.65
626; 0.106688775147924; 61614.6332978106; 59483.48; 6959.96
627; 0.109699135604216; 61341.0729592102; 59165.07; 6908.27
628; 0.105505923458121; 60853.843227224; 58794.21; 6795.41
629; 0.102658861543505; 60546.6155897874; 58562.43; 6724.97
630; 0.104262837414799; 60300.2551652372; 58288.09; 6711.82
631; 0.105091630931571; 59899.9442099538; 57859.83; 6748.49
632; 0.104173402724066; 59679.810478378; 57682.5; 6662.28
633; 0.101011331850112; 59254.5216990713; 57342.16; 6575.79
634; 0.10148574722011; 58999.2907751966; 57084.01; 6552.04
635; 0.101488800318919; 58758.3198594511; 56861.14; 6486.39
636; 0.101444116010785; 58501.2135871245; 56610.25; 6464.46
637; 0.103175531125752; 58311.9344427203; 56396.33; 6434.92
638; 0.102483971717354; 58146.3477699122; 56258.02; 6382.24
639; 0.100805439957926; 57874.5336012273; 56020.93; 6365.53
640; 0.101270948023168; 57692.629708147; 55817.61; 6405.6
641; 0.100141288524421; 57379.5266508579; 55521.74; 6414.99
642; 0.101694913753831; 57210.5945014766; 55345.1; 6339.9
643; 0.100995493258008; 57064.9552885836; 55211.6; 6339.15
644; 0.104164132219773; 56832.8779850809; 54932.43; 6299.39
645; 0.103727762379509; 56677.5082551128; 54787.8; 6287.41
646; 0.100547079863365; 56362.0554674122; 54543.39; 6239.56
647; 0.100772708151571; 56206.3317948764; 54402.96; 6170.73
648; 0.102317989702869; 56043.3696906774; 54223.42; 6130.91
649; 0.106276770446966; 55868.9175050406; 53981.55; 6118.52
650; 0.104299722782486; 55721.206246309; 53857.78; 6152.73
651; 0.105757920785768; 55568.8183790158; 53690.78; 6112.63
652; 0.106706441872118; 55430.5968700563; 53508.46; 6197.48
653; 0.108248156076904; 55320.0878821366; 53373.85; 6182.75
654; 0.112321173746284; 55199.7932425611; 53197.75; 6126.54
655; 0.114023262182367; 55125.0743600688; 53072.59; 6184.61
656; 0.112796830587674; 54962.5676092145; 52943.74; 6146.82
657; 0.111885818972743; 54889.0451228388; 52900.86; 6100.67
658; 0.10966005232063; 54774.1156816894; 52840.08; 6052.84
659; 0.108419175812452; 54628.6403982152; 52741.87; 5970.05
660; 0.105914348129943; 54552.5319974008; 52729.32; 5902.95
661; 0.101135361266647; 54349.3335218468; 52604.84; 5911.68
662; 0.0991681152839809; 54232.7941189858; 52521.21; 5912.09
663; 0.0941137524104213; 54064.3191437821; 52451.09; 5868.51
664; 0.0937514790943989; 53892.5880036603; 52287.7; 5857.45
665; 0.0944645368494991; 53756.8443843234; 52132.9; 5880.01
666; 0.0927697929514976; 53565.2585043716; 51959.38; 5918.55
667; 0.0939601478750694; 53417.9582634966; 51781.68; 5952.26
668; 0.0910303596798176; 53196.0627693634; 51634.69; 5860.85
669; 0.0898642020150296; 52982.7935598533; 51450.2; 5825.24
670; 0.0928140638616866; 52883.5639578711; 51293.57; 5849.09
671; 0.0942795362665832; 52686.1801685837; 51072.93; 5839.11
672; 0.0931056068579464; 52518.1676692269; 50919.86; 5854.67
673; 0.0911227993356332; 52350.2681363782; 50787.07; 5847.19
674; 0.0897360225255392; 52091.8447716712; 50579.53; 5741.04
675; 0.0886418108884733; 51903.2152238827; 50427.07; 5670.38
676; 0.0944679094346824; 51687.6097499091; 50091.77; 5749.54
677; 0.0939636564669333; 51461.014726945; 49872.31; 5752.67
678; 0.0909097431853466; 51072.3021815226; 49530.92; 5766.75
679; 0.0892436655632162; 50821.2715251315; 49327.37; 5691.42
680; 0.0898646838949139; 50566.2950004594; 49070.42; 5657.7
681; 0.0898188155413646; 50153.9302981066; 48667.39; 5623.25
682; 0.0940983301135892; 49935.8625501811; 48374.21; 5636.53
683; 0.0906029521234105; 49545.3634121611; 48043.66; 5627.07
684; 0.0884440354689073; 49276.8837006736; 47814.76; 5610.48
685; 0.0912800093566573; 48947.1399515741; 47448.75; 5568.84
686; 0.0910373813399574; 48649.57790988; 47154.8; 5568.22
687; 0.090544747476795; 48394.3232639731; 46914.24; 5541.32
688; 0.0879373714859711; 47972.6826523756; 46556.39; 5457.75
689; 0.0886252763658653; 47768.5104494553; 46363.53; 5370.2
690; 0.0895209507374887; 47449.2719150915; 46046.68; 5305.36
691; 0.0887322016260119; 47179.3889526439; 45810.71; 5221.06
692; 0.0866827707346858; 46916.8665772619; 45598.99; 5144.11
693; 0.081689632402093; 46482.6357298248; 45273.63; 5005.64
694; 0.0809087161260136; 46247.6488707307; 45056.87; 4975.81
695; 0.0810087105912743; 45888.9163647895; 44704.09; 4942.74
696; 0.0844949801726526; 45689.0288637111; 44432.28; 5024.34
697; 0.0822561659898037; 45277.5923698505; 44035.44; 5098.84
698; 0.0815899519093173; 44986.4210704791; 43744.03; 5139.29
699; 0.0851775282264641; 44645.9399349635; 43359.07; 5097.07
700; 0.0877536027808833; 44449.6294768403; 43110.29; 5147.14
701; 0.0900195325657915; 44269.7402845114; 42902.64; 5120.03
702; 0.0932689861834075; 43976.8507598476; 42569.63; 5084.98
703; 0.0933702184178409; 43748.6767929529; 42344.57; 5066.69
704; 0.0914326708124848; 43416.5956425866; 42087.37; 4896.64
705; 0.0881744693745496; 43152.6045800728; 41885.5; 4838.37
706; 0.0856306558707293; 42831.3888655874; 41620.16; 4760.67
707; 0.0850610716110359; 42625.260180577; 41416.61; 4780.31
708; 0.082450812967166; 42419.0678366203; 41271.22; 4681.56
709; 0.0819394877828606; 42112.4256318544; 40978.27; 4652.88
710; 0.0814232625995791; 41892.6108109615; 40764.97; 4653.78
711; 0.0799840831911977; 41571.5851735024; 40463.52; 4654.28
712; 0.0791769691654115; 41349.0653465491; 40255.7; 4638.36
713; 0.0782836807090401; 41035.967632685; 39964.91; 4594.59
714; 0.0772127911432059; 40736.8044737095; 39680.95; 4591.35
715; 0.0753794820892479; 40309.8792022316; 39286.31; 4557.68
716; 0.0775465356506859; 40017.6109029818; 38975.93; 4507.33
717; 0.0734980595559905; 39648.3557501111; 38672.49; 4453.37
718; 0.0734391458653511; 39183.155756091; 38238.07; 4314.65
719; 0.0729417476345527; 38844.1483839982; 37915.28; 4267.7
720; 0.0798521746711953; 38383.8035735597; 37379.7; 4212.45
721; 0.0834652513229383; 38075.722743495; 37030.83; 4192.27
722; 0.0827902168365052; 37596.4594854072; 36569.84; 4151.01
723; 0.0835946501541042; 37301.401585294; 36281.38; 4083.14
724; 0.0855725361394137; 36887.6415768213; 35846.8; 4068.68
725; 0.0843866914872481; 36645.7613656265; 35618.41; 4070.88
726; 0.0846020002255042; 36385.7935646718; 35362.68; 4042.28
727; 0.0843721390207861; 36262.6265477113; 35264.68; 3952.13
728; 0.0827020139099942; 36128.7484816267; 35147.92; 3961.44
729; 0.0824363902789876; 36009.1924839248; 35036.8; 3938.93
730; 0.0852526670149698; 35982.477756689; 34982.23; 3916.83
731; 0.0877646304900394; 36018.2704933188; 34979.16; 3952.18
732; 0.087525607364657; 36012.385673571; 34973.38; 3962.08
733; 0.0913103709083333; 36080.6642930386; 34983.99; 4008.15
734; 0.0910911261301312; 36038.6407651929; 34934.58; 4044.48
735; 0.0889104603740496; 35985.9041647774; 34904.98; 4055.84
736; 0.089214258515304; 35933.3837772919; 34849.66; 4051.37
737; 0.0915672817559761; 35915.2589014242; 34798.35; 4066.75
738; 0.0928423096589107; 35852.2563117239; 34719.07; 4067.97
739; 0.0945373888032214; 35801.626775264; 34662.43; 4014.73
740; 0.0942484225187222; 35736.7616540402; 34599.66; 4018.14
741; 0.0965020564314897; 35711.8034482503; 34559.08; 3976.86
742; 0.0931759330884408; 35689.3143156081; 34577.6; 3971.06
743; 0.0972772944640047; 35757.582108892; 34597.75; 3966.91
744; 0.0998570938505149; 35961.3058416734; 34756.32; 4013.5
745; 0.0979610908297802; 36101.3136390976; 34929.32; 3977.68
746; 0.0959265937172707; 36330.0830185199; 35180.48; 3982.95
747; 0.0945932253873609; 36507.6419646772; 35380.24; 3959.61
748; 0.096415836800771; 36738.5108621312; 35579.02; 3993.96
749; 0.0974424923956769; 36817.7139643979; 35638.56; 4017.77
750; 0.0960707206844473; 36786.0607759816; 35621.81; 4022.63
751; 0.097922597916829; 36718.8579063322; 35526.21; 4042.69
752; 0.0967863005116922; 36450.9633951313; 35272.84; 4040.09
753; 0.0965380206820102; 36203.7957495639; 35021.98; 4063.05
754; 0.0970897100631781; 35722.9828985662; 34535.94; 4057.58
755; 0.0965471227144667; 35338.8477686622; 34165.32; 4032.92
756; 0.0948366664683826; 34728.2707724882; 33598.04; 3953.07
757; 0.0927695328386532; 34343.4277418443; 33242.28; 3935.57
758; 0.0956422933843821; 33787.338870105; 32670.12; 3871.5
759; 0.0943751689919527; 33375.8958317414; 32281.18; 3842.65
760; 0.0915832491678027; 32976.1783513597; 31924.78; 3801.32
761; 0.0917822563142876; 32405.6863878461; 31362.01; 3763.45
762; 0.0923361441109068; 32070.1773080337; 31037.12; 3701.07
763; 0.0971135091130129; 31627.4094788396; 30554.28; 3654.01
764; 0.0937641992655014; 31291.5070489619; 30276.78; 3577.22
765; 0.0965282614996448; 30869.2641071947; 29844.63; 3508.38
766; 0.0951309126550836; 30592.3247311585; 29592.35; 3473.91
767; 0.0962826725611107; 30201.7280301276; 29220.25; 3368.97
768; 0.0971894799866003; 29949.0835334213; 28985.12; 3278.08
769; 0.102973996171773; 29617.8792793482; 28613.79; 3222.52
770; 0.10309556729368; 29387.7899305375; 28396.16; 3178.58
771; 0.103789101617735; 29046.3326349043; 28063.51; 3128.02
772; 0.10234918912536; 28802.5054294987; 27824.41; 3155.48
773; 0.102109240558278; 28470.6209691557; 27511.03; 3101.69
774; 0.103617789177078; 28221.2157381759; 27250.38; 3090.89
775; 0.100494928902219; 27879.8475843065; 26923.11; 3139.57
776; 0.0989197759036938; 27639.4497191204; 26692.28; 3156.47
777; 0.100935957950362; 27332.1922705508; 26378.67; 3113.38
778; 0.101829312175258; 27119.5198449236; 26156.79; 3114.98
779; 0.102690534945791; 26797.0557477143; 25833.84; 3089.73
780; 0.102928910535088; 26598.6493865883; 25644.18; 3053.81
781; 0.101970688156334; 26312.8582784945; 25391.25; 2975.72
782; 0.104364797088282; 26149.566567266; 25220.98; 2928.73
783; 0.101399821080556; 25820.9934166866; 24943.53; 2847.78
784; 0.0974455060040796; 25617.0476089202; 24783.44; 2814.52
785; 0.101591851876881; 25379.960829021; 24512.17; 2809.55
786; 0.100513028753891; 25200.7764581933; 24354.29; 2769.2
787; 0.0976042780199454; 24918.4744868197; 24111.29; 2718.46
788; 0.0950420176942837; 24713.3357727163; 23935.54; 2689.25
789; 0.0988706643572347; 24436.9387426035; 23629; 2684.53
790; 0.1026694866348; 24273.7505364943; 23429.19; 2701.61
791; 0.108599528536354; 24085.7592829279; 23215.9; 2629.93
792; 0.110204362801525; 23907.7456376019; 23023.05; 2635.25
793; 0.11013791419861; 23660.6598878907; 22777.42; 2632
794; 0.119423486487872; 23547.7314293051; 22595.01; 2617.89
795; 0.1185939978988; 23289.2355768225; 22336.97; 2634.77
796; 0.121821741340923; 23104.0485601241; 22112.83; 2669.71
797; 0.116119531459697; 22926.9910788371; 21984.92; 2661.85
798; 0.109387686379154; 22654.090870375; 21770.62; 2649.81
799; 0.104824128452564; 22466.1100375165; 21624.52; 2633.75
800; 0.0990818612093117; 22223.0871760814; 21451.6; 2553.96
801; 0.0949153596434418; 22028.6555722369; 21296.11; 2530.61
802; 0.0929327534304644; 21812.742619257; 21094.24; 2534.16
803; 0.0917243115560878; 21663.704674355; 20965.53; 2493.87
804; 0.0904804228251712; 21447.9391158444; 20777.34; 2427.37
805; 0.0951687866215775; 21330.530830366; 20626.73; 2421.43
806; 0.100850504641318; 21149.9602964723; 20408.68; 2406.08
807; 0.106303095487088; 21042.2788990269; 20262.29; 2401.48
808; 0.111161824880021; 20870.2714077633; 20069.98; 2355.84
809; 0.117373880154402; 20770.067170018; 19935.88; 2325.21
810; 0.113500551414142; 20562.1315509759; 19758.37; 2316.34
811; 0.111991503265886; 20416.6182472597; 19629.76; 2297.52
812; 0.107631460843657; 20194.2281603721; 19440.29; 2289.84
813; 0.109045254739651; 20087.2991972406; 19329.39; 2271.4
814; 0.109775556035719; 19951.7790009235; 19206.63; 2217.59
815; 0.106923579735169; 19827.0513246677; 19107.39; 2198.44
816; 0.1034205371006; 19639.9295812762; 18944.37; 2196.29
817; 0.0980126198424721; 19441.5614511203; 18785.86; 2184.32
818; 0.100942574415814; 19354.8747678512; 18686.34; 2162.08
819; 0.109361809203905; 19184.4546033959; 18460.03; 2162.05
820; 0.113021644705526; 19064.4257966299; 18313.57; 2167.88
821; 0.110283822525475; 18874.1378452456; 18130.17; 2200.68
822; 0.11403999489627; 18768.9843729628; 17998; 2204.84
823; 0.118109230856572; 18631.6874016705; 17836.87; 2194.12
824; 0.118165950993354; 18520.3032032529; 17730.5; 2178.67
825; 0.121258778028007; 18408.584898369; 17610.23; 2146.02
826; 0.121799422200164; 18311.5364949992; 17535.63; 2076.42
827; 0.11965636516031; 18183.1605680676; 17428.2; 2056.75
828; 0.120321886853305; 18087.3511449908; 17337.68; 2031.24
829; 0.126541690078403; 17961.832282294; 17185.3; 2000.41
830; 0.114342010492554; 17744.6779374055; 17061.23; 1948.34
831; 0.1139006200516; 17639.4460605218; 16971.77; 1909.83
832; 0.110267136822354; 17493.2503508586; 16860.01; 1870.11
833; 0.107705991300275; 17390.8160836289; 16770.25; 1875.35
834; 0.111032352862168; 17269.5626564007; 16645.37; 1828.97
835; 0.109148572686586; 17163.7600156527; 16549.23; 1831.26
836; 0.102109407852115; 17012.8284284561; 16453.14; 1782.35
837; 0.102857990033988; 16936.8300087823; 16379.07; 1763.51
838; 0.10504281192436; 16801.7255572053; 16235.15; 1754.35
839; 0.110328037917338; 16677.0794047792; 16074.2; 1778.6
840; 0.116416950961913; 16617.3522301658; 15981.44; 1777.93
841; 0.110772993364507; 16470.4585493897; 15866.44; 1776.81
842; 0.111519881072755; 16389.1358917366; 15776.56; 1789.51
843; 0.112880024292354; 16258.766496305; 15646.69; 1766.05
844; 0.116251491726484; 16178.6967056611; 15542.12; 1783.07
845; 0.110144860328485; 15992.4203205744; 15390.02; 1780.43
846; 0.105298053437166; 15901.0917458333; 15331.09; 1761.82
847; 0.102968268280326; 15781.0295621901; 15227.78; 1748.28
848; 0.106016945538835; 15650.818071544; 15098.25; 1695.53
849; 0.0982489546494175; 15522.3381502516; 15011.88; 1689.72
850; 0.0997834583996672; 15367.0708434752; 14856.35; 1664.16
851; 0.106173278498355; 15284.2789961938; 14747.7; 1642.82
852; 0.101604396250147; 15121.8248805981; 14619.18; 1607.71
853; 0.109015822492702; 15051.0820881741; 14518.29; 1587.92
854; 0.112236214270556; 14870.7571167286; 14338.6; 1540.12
855; 0.106537255121889; 14658.0393294415; 14151.45; 1544.2
856; 0.110256425663446; 14560.0479507108; 14045.55; 1515.11
857; 0.114079923586892; 14429.4863484834; 13919.7; 1450.59
858; 0.11215856134895; 14332.0140441611; 13825.47; 1465.77
859; 0.121292323687841; 14203.4632400498; 13648.99; 1483.35
860; 0.122009009130335; 14098.2383390228; 13531.11; 1507.95
861; 0.124752496738153; 13974.4083882484; 13401.13; 1490.49
862; 0.123881974532736; 13845.9254565492; 13274.97; 1494.59
863; 0.128942915452457; 13755.9755295603; 13154.46; 1512.49
864; 0.131661130158963; 13584.1021637871; 12956.07; 1546.21
865; 0.136727934257894; 13471.5700091841; 12824.65; 1533.39
866; 0.142496450525459; 13302.8526097317; 12635.79; 1516.83
867; 0.135771969457488; 13068.4015652222; 12433.88; 1513.95
868; 0.133982386173429; 12906.9409556354; 12293.84; 1482.09
869; 0.136613063908822; 12672.3924234487; 12058.37; 1455.45
870; 0.136621425557571; 12497.3154399675; 11894.82; 1427.76
871; 0.137646970015982; 12228.1782776941; 11642.25; 1377.84
872; 0.130475151986035; 12024.0090766878; 11469.19; 1376.13
873; 0.12901067735404; 11767.0047708419; 11235.69; 1332.53
874; 0.124759170506924; 11507.5569135064; 11012.1; 1284.65
875; 0.120406589250272; 11331.5660109434; 10866.29; 1249.76
876; 0.123874673528613; 11109.6621097441; 10645.77; 1210.92
877; 0.124667374262935; 10966.8640507603; 10509.02; 1187.3
878; 0.12088506831483; 10771.4525478907; 10330.64; 1178.63
879; 0.13192438918929; 10657.8480409646; 10193.75; 1136.83
880; 0.124553345249306; 10546.9872137604; 10109.79; 1134.09
881; 0.13055870030651; 10434.691201088; 9979.85; 1125.33
882; 0.131029886073976; 10345.620710798; 9891.73; 1118.72
883; 0.134439607459565; 10265.2729530989; 9795.02; 1129.43
884; 0.131165315148535; 10145.8616273182; 9695.26; 1109.03
885; 0.129710798504168; 10090.506816861; 9644.88; 1108.83
886; 0.122776219488334; 10008.6017223154; 9598.29; 1078.41
887; 0.128555960224054; 9967.92110095275; 9533.9; 1089.26
888; 0.125533887702239; 9888.97196322128; 9478.5; 1054.82
889; 0.127338322560895; 9862.98581960506; 9465.16; 1007.67
890; 0.131228003144159; 9844.2219078053; 9433.9; 1008.35
891; 0.125819206284358; 9807.70302097659; 9408.11; 1024.03
892; 0.125027362362994; 9829.14311746262; 9432.88; 1021.76
893; 0.115450563999754; 9829.77335503929; 9463.6; 1022.36
894; 0.106470226226855; 9897.04007476603; 9551.22; 1046.8
895; 0.106943157379679; 9960.38757393789; 9605.56; 1069.14
896; 0.107360065214679; 10093.4344017065; 9731.54; 1086.02
897; 0.100373199571489; 10167.5835555617; 9819.83; 1116.08
898; 0.0971472543140833; 10348.6518746478; 10007.83; 1129.97
899; 0.0979598281447927; 10548.4923900349; 10203.23; 1135.01
900; 0.102223210128383; 10677.0386646336; 10302.21; 1180.62
901; 0.115829010593052; 10849.5521744026; 10410.07; 1221.5
902; 0.11380999199756; 10944.8796601499; 10506.52; 1239.79
903; 0.118908520262779; 11019.2030340207; 10552.68; 1262.66
904; 0.123408908356499; 11047.4769589719; 10574.7; 1232.72
905; 0.131484993082544; 11052.6464802726; 10548.03; 1234.76
906; 0.132993764428448; 10982.0991239259; 10477.21; 1221.21
907; 0.139338582014416; 10866.2204148516; 10347.55; 1197.22
908; 0.134322726917608; 10744.4669279293; 10275.37; 1123.04
909; 0.127381205929852; 10531.6378607356; 10095.42; 1101.09
910; 0.122056251764254; 10256.5546891264; 9857.05; 1052.24
911; 0.120826156040245; 10048.7220279817; 9654.96; 1047.5
912; 0.112641280993431; 9695.399480624; 9338.38; 1018.6
913; 0.115540593676927; 9449.62388166437; 9092.46; 993.31
914; 0.112192348129486; 9063.9951389479; 8733.46; 946.53
915; 0.118945210932098; 8695.72726782322; 8353.23; 924.95
916; 0.117499251362563; 8446.74216149922; 8121.34; 889.45
917; 0.122174033001961; 8083.65701089391; 7752.42; 870.64
918; 0.123356213767985; 7775.29123681981; 7459.75; 821.3
919; 0.123201077521448; 7571.70430994697; 7264.7; 799.98
920; 0.126148765294711; 7290.49995075608; 6995.79; 749.9
921; 0.127925944126722; 7011.18344060677; 6721.88; 725.82
922; 0.131384950668752; 6833.15616810654; 6539.28; 717.81
923; 0.144398582016112; 6599.97437914602; 6288.76; 691.56
924; 0.140002185196271; 6437.68141108218; 6145.76; 668.97
925; 0.146442776206473; 6190.97190382292; 5898.34; 641.02
926; 0.154336300172247; 5948.65318193006; 5662.37; 594.98
927; 0.149335671784292; 5792.58685799997; 5522.49; 580.06
928; 0.141856838496963; 5562.3931730226; 5315.76; 557.52
929; 0.136972941993369; 5311.9858015128; 5094.54; 509
930; 0.135691432610144; 5131.9289957209; 4918.46; 504.36
931; 0.140987263998524; 4830.39032324883; 4620.77; 476.6
932; 0.145364054172125; 4506.62690999267; 4308.68; 436.45
933; 0.15660927955996; 4266.42360974453; 4066.76; 408.57
934; 0.145982977608654; 3845.00676356741; 3675.65; 371.73
935; 0.1450344763331; 3405.23232497278; 3254.36; 333.29
936; 0.14894369978437; 3112.3436119651; 2974.81; 295.81
937; 0.154670810944892; 2685.14690791259; 2559.82; 259.54
938; 0.153415955223345; 2283.53529385325; 2188.07; 199.29
939; 0.142770989260616; 2042.90313168922; 1968.44; 167.02
940; 0.120384751099585; 1753.19691782823; 1694.3; 156.65
941; 0.148008161636343; 1555.23831385571; 1492.72; 135.23
942; 0.156633634267791; 1451.0009485996; 1387.37; 130.04
943; 0.169323730117171; 1356.68392036525; 1286.69; 132.31
944; 0.159740727877667; 1309.33373909155; 1244.67; 129.55
945; 0.145106921809556; 1306.78964900344; 1249.62; 126.07
946; 0.154889565930998; 1338.9094597501; 1278.41; 124.97
947; 0.147772315513313; 1372.50651800508; 1312.83; 129.19
948; 0.130452842786032; 1404.34965647672; 1348.84; 136.11
949; 0.151695327778362; 1482.83932351408; 1415.09; 142.84
950; 0.178639699517192; 1574.3661500054; 1490.69; 149.79
951; 0.188938095281908; 1642.21946969502; 1540.43; 172.26
952; 0.216792767995262; 1745.57541416447; 1616.44; 190.44
953; 0.211421945318707; 1831.61058689572; 1698.68; 200.99
954; 0.202953575766582; 1892.71900324832; 1761.94; 205.96
955; 0.188870355659085; 1984.03641375681; 1851.17; 224.82
956; 0.153615522124091; 2048.10071726166; 1937.02; 231.07
957; 0.13645319571479; 2095.73105998027; 1996.3; 232.82
958; 0.108846852753643; 2164.87856385735; 2090.68; 217.78
959; 0.10771591888436; 2232.14245183665; 2161.75; 208.75
960; 0.117214398059283; 2280.10693812631; 2195.68; 230.05
961; 0.137646463292618; 2340.29543314596; 2242.09; 227.85
962; 0.13477821994513; 2382.40626811798; 2286.61; 226.96
963; 0.151541357136855; 2416.41006237466; 2305.87; 232.89
964; 0.15444786912439; 2447.60269593455; 2338.55; 225.41
965; 0.145650378780294; 2452.24647647251; 2344.92; 235.21
966; 0.128863317750299; 2470.81855917763; 2370.41; 248.69
967; 0.112568851677492; 2464.44926532586; 2385.29; 224.41
968; 0.105591711004045; 2471.61236227836; 2395.91; 228.76
969; 0.111808662394438; 2473.60509419556; 2396.97; 218.68
970; 0.118618514409604; 2478.776919932; 2398.3; 216.43
971; 0.113088530082097; 2468.56287677552; 2389.14; 224.01
972; 0.12523381557266; 2466.97135458336; 2381.04; 218.84
973; 0.137452548360291; 2455.56082874589; 2367.5; 204.3
974; 0.126077041597562; 2436.58934895219; 2349.98; 219.04
975; 0.129348210919766; 2427.30263377607; 2340.69; 213.48
976; 0.139594601870508; 2423.45403470266; 2329.67; 214.16
977; 0.129517605464257; 2400.8885714309; 2314.39; 212.87
978; 0.133015050717454; 2382.96483953165; 2293; 215.55
979; 0.131759779808567; 2363.97630092841; 2270.94; 225.01
980; 0.134568916412691; 2347.50674492794; 2253.53; 222.51
981; 0.150669212671528; 2315.22456344388; 2211.65; 219
982; 0.154551299500028; 2275.51312310663; 2166.45; 224.79
983; 0.153295765497626; 2246.28113322995; 2136.66; 227.76
984; 0.146086748651561; 2207.87378963006; 2107.27; 219.31
985; 0.148546432449772; 2167.85673379663; 2067.62; 214.87
986; 0.157749792110843; 2140.7364999136; 2036.48; 210.42
987; 0.160589642852544; 2117.19094006654; 2005.72; 220.98
988; 0.159938672090884; 2091.51043556301; 1984.27; 213.43
989; 0.134726863755069; 2043.05753298834; 1952.57; 213.76
990; 0.139883144241389; 2022.15523069517; 1930.05; 209.54
991; 0.14607884844608; 1981.39801960208; 1880.21; 220.41
992; 0.143441404775042; 1940.36188970125; 1848.35; 204.08
993; 0.144876533258626; 1894.1416646423; 1804.62; 196.57
994; 0.158656953152581; 1878.55267549936; 1785.01; 187.54
995; 0.154060740608425; 1834.42975378821; 1738.71; 197.61
996; 0.180980830523737; 1803.48103022514; 1698.8; 183.94
997; 0.179162244706996; 1758.25477289135; 1659.01; 176.14
998; 0.194521660583183; 1733.15464338395; 1637.37; 156.56
999; 0.194866705679048; 1698.30872562514; 1600.11; 160.2
1000; 0.195607249064999; 1655.3180715388; 1558.01; 158.13
1001; 0.166385601718225; 1620.20656882029; 1537.83; 157.36
1002; 0.159372780696755; 1582.53033316083; 1513.64; 137.37
1003; 0.155995286852419; 1550.46194110474; 1482.74; 137.95
1004; 0.158900669727232; 1521.45383737439; 1458.8; 125.28
1005; 0.161567976305543; 1503.80072512667; 1439.4; 126.63
1006; 0.193808193950792; 1481.73668284846; 1403.8; 127.74
1007; 0.207568687123032; 1453.11027786159; 1377.82; 115.21
1008; 0.236743223648047; 1426.0796842357; 1336.17; 120.61
1009; 0.242868401825663; 1401.98848154433; 1307.77; 123.19
1010; 0.292116975290742; 1376.82622149372; 1274.54; 111.18
1011; 0.272388257625568; 1342.26910542718; 1243.99; 114.55
1012; 0.24874811362646; 1301.81318805815; 1208.87; 118.61
1013; 0.221426306864675; 1271.25732999481; 1190.37; 115.95
1014; 0.19074356084006; 1231.17542306994; 1163.01; 113.42
1015; 0.167435910806941; 1199.80335940982; 1137.11; 118.82
1016; 0.15443224398143; 1167.62155277178; 1113.5; 111.2
1017; 0.117495632519598; 1136.36663591032; 1094.83; 112.16
1018; 0.117608957630095; 1104.29988763283; 1066.64; 101.58
1019; 0.10389908257459; 1074.62979264354; 1043.81; 94.09
1020; 0.112978065425628; 1049.65139919766; 1015.07; 97.08
1021; 0.132056008377627; 1034.74382452508; 986.98; 114.7
1022; 0.139358151382861; 1007.21451387462; 965.88; 94.05
1023; 0.122188064068087; 970.532835354261; 931.74; 100.66
1024; 0.121065628850421; 945.123828190197; 909.96; 92.08
1025; 0.126041168617047; 930.071337109514; 889.66; 101.63
1026; 0.153944472116544; 912.1946809925; 858.31; 110.94
1027; 0.198469531986323; 890.945315824554; 822.79; 108.83
1028; 0.177829022731511; 864.716521842513; 812.16; 93.65
1029; 0.18125503505751; 847.362352735632; 790.63; 99.17
1030; 0.217280258555639; 837.942584715929; 774.07; 93.13
1031; 0.241393179005822; 825.965103080122; 765.45; 79.41
1032; 0.261602233721404; 802.813743584443; 747.55; 66.91
1033; 0.226883222074877; 776.564278861255; 731.51; 62.89
1034; 0.171916974984587; 762.559123431893; 729.22; 61.41
1035; 0.203303006507741; 744.644495547498; 712.65; 49.83
1036; 0.198399476341243; 722.015249191071; 692.97; 46.35
1037; 0.197367721792724; 708.274853156446; 674.92; 53.5
1038; 0.154244462302; 690.76015547018; 662.79; 57.4
1039; 0.211556193090266; 644.399153356768; 596.18; 72.14
1040; -0.0399471786228058; 680.256852562067; 690.97; 84.87
1041; 0.746983253648926; 605.9656164101; 731.93; -53.36
