# 06/03/2019 17:55:49
# NanoCalc data
# Original file name: C:\SVA_DATA\StudentProjects\2018_Nathan\PS-b-PI\PSbPI_508.dat
# Fit Result : Fitness; Thickness 1; Thickness 2; Thickness 3 
# Fit Result : 0.485214333664189; 2; 172.7; -1
# comment:PSbPI id:370 slowslow script start 16:33
#
# WaveLength; Reflectance; Raw Intensity; Dark Intensity; Reference Intensity
400; 0.156730071934386; 3917.63452054184; 3706.58; 652.97
401; 0.15738940673482; 4051.71663277982; 3827.82; 686.82
402; 0.144888178338692; 4130.91571741907; 3922.88; 690.19
403; 0.142799702680288; 4231.89475063221; 4026.52; 688.46
404; 0.149494452898559; 4334.12491229339; 4116.57; 693.7
405; 0.155649589014164; 4503.94111495643; 4267.86; 720.2
406; 0.154272537963227; 4618.1963187164; 4392.4; 692.25
407; 0.151502399618011; 4724.92245958917; 4498.1; 705.33
408; 0.151726856396949; 4833.71713912379; 4602.23; 715.92
409; 0.147983245136391; 4925.48358618837; 4697.66; 719.74
410; 0.148364032431386; 5083.64848976659; 4851.48; 728.85
411; 0.160268270218836; 5188.44572825559; 4933.69; 737.74
412; 0.150980967529686; 5255.78379264813; 5006.35; 764.04
413; 0.147848760867803; 5327.22981009925; 5074.69; 787.31
414; 0.144564359050776; 5445.30156200716; 5187.46; 819.34
415; 0.146832139293592; 5529.54104246725; 5262.83; 831.69
416; 0.141879571415294; 5595.52740395074; 5333.87; 841.6
417; 0.138713295134055; 5686.66285122655; 5432.16; 834.5
418; 0.142718841162547; 5821.70841866775; 5554.94; 847.33
419; 0.139204247821599; 5902.48465893252; 5639.25; 854.66
420; 0.141149984431929; 6011.76935079587; 5731.78; 893.85
421; 0.141052986187411; 6123.54927506658; 5844.55; 888.7
422; 0.142472788268676; 6278.70241809279; 5986.26; 919.54
423; 0.14262005916018; 6396.32250718588; 6097.41; 936.13
424; 0.147498144041163; 6540.89694102959; 6222.48; 961.37
425; 0.144947189204655; 6664.05385968739; 6336.9; 1002.4
426; 0.150946386789988; 6862.15010360799; 6501.39; 1058.55
427; 0.156622820151875; 7028.81630405429; 6648.16; 1073.5
428; 0.160569789931473; 7183.24605078978; 6783.3; 1097.16
429; 0.162682855564129; 7312.62372195522; 6907.86; 1093.25
430; 0.166772130720987; 7533.17047981266; 7111.68; 1107.74
431; 0.16817281390134; 7677.06921133172; 7247.41; 1117.05
432; 0.164949977296126; 7789.00348206807; 7363.78; 1124.31
433; 0.167606791888371; 7895.47465692784; 7451.35; 1152.9
434; 0.166605610899676; 8063.45522133114; 7622.06; 1149.92
435; 0.167400742848061; 8173.87303713641; 7725.43; 1160.22
436; 0.17046424542469; 8267.20765505891; 7810.18; 1158.66
437; 0.174595791845461; 8383.87296374685; 7906.48; 1178.93
438; 0.178640814580174; 8561.80518819535; 8054.32; 1222.03
439; 0.176907581606015; 8644.05669297311; 8136.76; 1230.73
440; 0.174457701921099; 8734.82087569622; 8228.69; 1242.29
441; 0.173286651440177; 8836.90859768173; 8339.09; 1227.41
442; 0.186405836236724; 9035.47092570273; 8479.44; 1271.58
443; 0.187617799995279; 9144.56822882537; 8574.86; 1291.6
444; 0.191470349655291; 9291.33295417994; 8692.65; 1327.07
445; 0.194649600706893; 9428.97234102912; 8808.71; 1349.4
446; 0.191528679728559; 9625.7165594022; 8995.09; 1391.12
447; 0.197448730825749; 9813.69862370558; 9152.97; 1410.79
448; 0.200968536701039; 10012.5915644338; 9325.63; 1437.98
449; 0.208545942731363; 10308.7192042415; 9579.28; 1468.31
450; 0.205895623220077; 10494.4480710076; 9774.98; 1463.74
451; 0.20641842460803; 10682.9477746608; 9949.44; 1485.53
452; 0.206924295450085; 10879.8591103413; 10146.84; 1477.89
453; 0.209964211676332; 11223.6316126263; 10453.15; 1527.91
454; 0.213869355235523; 11463.9342988496; 10674.94; 1533.01
455; 0.213759306763843; 11677.7377500589; 10869.94; 1567.29
456; 0.21943545687446; 11935.266911952; 11067.31; 1637.27
457; 0.219013012938777; 12301.0145211655; 11406.59; 1687.26
458; 0.221091321674788; 12590.5220363994; 11668.57; 1719.54
459; 0.218852757169114; 12825.9077352593; 11888.18; 1763.56
460; 0.226208261246999; 13116.2129487946; 12120.23; 1808.82
461; 0.225493365556848; 13475.4851453192; 12477.98; 1813.95
462; 0.227497947322096; 13705.8476898944; 12696.02; 1816.78
463; 0.228747702465936; 13937.5851506531; 12920.83; 1815.95
464; 0.226981566166801; 14297.7018555741; 13251.1; 1880.37
465; 0.226687420071008; 14559.1625276123; 13499.29; 1903.39
466; 0.228887808053202; 14817.6138630267; 13714.15; 1959.18
467; 0.233117063791194; 15092.1133849048; 13941.45; 2002.55
468; 0.232646086993918; 15597.7646696311; 14419.99; 2050.42
469; 0.229856660011156; 15913.8467228442; 14715.46; 2108.14
470; 0.230412953931066; 16254.0212987754; 15030.91; 2142.93
471; 0.228594795682443; 16690.8785329844; 15439.32; 2206.59
472; 0.237975300075339; 17379.6303215247; 16033.97; 2275.28
473; 0.244555345513841; 17890.9459339209; 16472.79; 2329.59
474; 0.247049108356664; 18412.51678653; 16951.53; 2371.89
475; 0.25258397593662; 19322.6920614044; 17780.12; 2445.55
476; 0.254509160768104; 19926.4491392189; 18330.84; 2506.42
477; 0.259173344780798; 20583.8341183579; 18892.02; 2605.57
478; 0.262883286062167; 21346.5166020471; 19567.89; 2696.25
479; 0.268685832937555; 22459.0663353656; 20540.83; 2840.66
480; 0.263586676939879; 23202.9023254565; 21247.71; 2946.79
481; 0.266400009172205; 23975.1499310798; 21945.87; 3021.61
482; 0.266079133692796; 25104.5827679864; 23001.33; 3130.81
483; 0.263520561171402; 25839.9233893579; 23698.95; 3213.18
484; 0.261410108733204; 26561.7994598234; 24387.59; 3284.49
485; 0.263286439790927; 27317.6863997757; 25047.89; 3399.35
486; 0.263521003081192; 28339.512381433; 25989.21; 3511.42
487; 0.269950542645167; 29021.8859829309; 26548.62; 3601.68
488; 0.271793237814797; 29677.2175336854; 27137.19; 3668.26
489; 0.271611968449259; 30276.8731844349; 27674.23; 3755.82
490; 0.26899628901884; 31137.6841045809; 28469.58; 3882.15
491; 0.27194484372137; 31682.6021757812; 28962.28; 3910.11
492; 0.274732416672157; 32216.4361815021; 29398.31; 4004.35
493; 0.276050489751656; 32917.6160694946; 30045.96; 4055.79
494; 0.279662060145821; 33387.6520925375; 30450.65; 4089.41
495; 0.275571981731869; 33760.6880584312; 30849.74; 4108.15
496; 0.275231008163753; 34342.2641584892; 31406.65; 4142.99
497; 0.277992489848766; 34736.4968874655; 31767.86; 4142.86
498; 0.278831960396828; 35086.4101009832; 32067.12; 4195.67
499; 0.281521807194806; 35492.2470229474; 32404.94; 4243.83
500; 0.284586602767619; 36006.7353676509; 32863.49; 4268.88
501; 0.288190499377501; 36368.337037089; 33146.16; 4315.77
502; 0.288457231199314; 36724.2392461417; 33476.28; 4340.55
503; 0.293050389364132; 37306.4090317816; 33974.55; 4377.29
504; 0.296649796179298; 37723.2045017175; 34328.61; 4399.96
505; 0.297346828234108; 38150.6703530994; 34741.28; 4403.53
506; 0.300840473915017; 38585.5034826241; 35107.34; 4434.89
507; 0.306860677325411; 39252.4807938941; 35715.47; 4416.36
508; 0.306265328786914; 39672.9874417016; 36120.4; 4439.31
509; 0.30611488891671; 40110.1169902489; 36537.16; 4462.01
510; 0.307003283301249; 40831.3614414693; 37164.54; 4560.8
511; 0.305899540853699; 41267.1221299467; 37577.28; 4600.76
512; 0.302750143694888; 41690.0999412248; 38001.86; 4641.31
513; 0.301273495711697; 42326.8226911449; 38544.65; 4777.5
514; 0.301421429830958; 42770.3996693966; 38978.11; 4782.45
515; 0.295227347415214; 43180.6714868042; 39357.58; 4916.92
516; 0.296384207760451; 43621.6930169592; 39710.45; 5004.9
517; 0.29896141917423; 44328.0388011783; 40331.64; 5063.94
518; 0.297911652889782; 44772.9074427057; 40749.91; 5109.82
519; 0.303022869571959; 45275.3751706661; 41153.15; 5141.7
520; 0.302260746780249; 45930.9670411267; 41744.27; 5229.46
521; 0.304757190655349; 46412.4284777722; 42147.85; 5277.47
522; 0.301470508137542; 46845.0595884111; 42528.95; 5393.7
523; 0.308419519421545; 47572.5601921214; 43144.91; 5402.76
524; 0.308819438970128; 48048.972540487; 43568.3; 5454.65
525; 0.309883009141524; 48462.1275670929; 43928.06; 5495.06
526; 0.31167769897588; 49064.0298414963; 44426.05; 5582.88
527; 0.3109145514175; 49461.2604127892; 44754.61; 5673.87
528; 0.31133894790707; 49878.0730697911; 45083.01; 5766.75
529; 0.311990650260947; 50224.9457155827; 45349.17; 5845.8
530; 0.316632587181849; 50679.6711472288; 45699.78; 5877.43
531; 0.315540387080161; 50921.0873841763; 45874.99; 5970.71
532; 0.315031972700384; 51154.7166312612; 46081.55; 6006.91
533; 0.315702109439594; 51477.4723629983; 46374.85; 6023.42
534; 0.315172884142245; 51656.9966228003; 46512.86; 6077.02
535; 0.314828038128547; 51834.8937241103; 46705.25; 6060.18
536; 0.313628261461672; 52057.003678957; 46893.06; 6117.76
537; 0.313774296269464; 52239.6191409432; 47060.97; 6125.72
538; 0.312030259183153; 52417.1005382618; 47278.55; 6105.66
539; 0.313542919480608; 52706.1133548606; 47591.89; 6041.35
540; 0.314490443092536; 52890.8397216551; 47751.12; 6047.07
541; 0.319776604930867; 53182.608777614; 47934.66; 6067.28
542; 0.322452293743861; 53548.6797118049; 48265.44; 6052.34
543; 0.322484078969153; 53781.2146825711; 48472.17; 6076.53
544; 0.325380918167665; 54076.1267523179; 48742.04; 6046.08
545; 0.330854627023986; 54551.0519684612; 49147.92; 6018.12
546; 0.332927005216541; 54867.0255884859; 49400.39; 6046.02
547; 0.337439313545331; 55215.2878719869; 49589.44; 6133.58
548; 0.33275773440051; 55723.5646561414; 50065.48; 6250.24
549; 0.329894555492163; 55982.5245653229; 50321; 6302.83
550; 0.325216369704388; 56279.2396661602; 50631.34; 6372.71
551; 0.32365167188973; 56586.9474201924; 50941.36; 6395.47
552; 0.324191445475103; 57061.8318650913; 51381.82; 6418.3
553; 0.321709401728108; 57334.3298977338; 51642.05; 6476.44
554; 0.319467269786204; 57650.9409079872; 51958.5; 6516.52
555; 0.319182978365616; 58116.0912389412; 52472.31; 6461.05
556; 0.321905861480644; 58449.7316410093; 52774.37; 6436.57
557; 0.320145470098017; 58776.1469129516; 53127.07; 6436.47
558; 0.322369387990601; 59339.2833838249; 53628.3; 6456.57
559; 0.320099337230956; 59697.1289800502; 53982.54; 6500.87
560; 0.319241026855213; 60113.724192544; 54374.65; 6540.64
561; 0.316752712571714; 60845.5169641504; 55113.13; 6578.83
562; 0.317909549114061; 61413.8375929245; 55594.48; 6648.59
563; 0.317763466873309; 61994.8121830754; 56111.99; 6718.72
564; 0.316750427297459; 62888.7520366426; 56872.57; 6887.39
565; 0.320493874760109; 63511.247607142; 57392.16; 6918.28
566; 0.319954956566852; 64058.7513461419; 57887.77; 6983.55
567; 0.319231110114678; 64804.4008998884; 58581.27; 7053.7
568; 0.320245291277557; 65219.5216540638; 58892.28; 7144.09
569; 0.321645825522872; 65468.7052245747; 59048.64; 7212.18
570; 0.321976109234794; 65609.8531450042; 59201.32; 7186.7
571; 0.322398312653577; 65617.6051678382; 59179.33; 7205.05
572; 0.323793620092159; 65559.409954148; 59136.17; 7151.54
573; 0.325279799467243; 65354.4574194328; 58913.77; 7132.5
574; 0.329260949492803; 65178.9769917862; 58730.17; 7049.31
575; 0.330257776817164; 64856.2285050947; 58409.27; 7020.39
576; 0.329199960691945; 64630.0077346391; 58286.82; 6924.21
577; 0.327969590577084; 64460.1929231791; 58156.17; 6901.91
578; 0.328607089369484; 64252.1081946256; 57942.19; 6889.6
579; 0.327403796463124; 64113.6862588935; 57832.37; 6878.4
580; 0.327749882869916; 64032.3468407707; 57747.7; 6869.6
581; 0.323512225351199; 63765.2017137934; 57553.64; 6873.83
582; 0.31854020987583; 63588.6691811027; 57452.74; 6891.28
583; 0.319926220553223; 63494.3002088071; 57372.5; 6841
584; 0.322279169313498; 63413.6168249941; 57257.56; 6824.62
585; 0.324126593441891; 63343.2848475982; 57205.45; 6761.24
586; 0.323368658223267; 63275.1586389261; 57145.37; 6763.8
587; 0.321357977446093; 63186.5324905024; 57079.59; 6776.52
588; 0.317618306858265; 63038.4003853169; 56937.13; 6845.66
589; 0.320161718330496; 63049.6548280077; 56955.2; 6779.63
590; 0.319689730211124; 63030.6312465975; 56919.06; 6804.44
591; 0.320003724702944; 63037.5123284396; 56871.59; 6853.91
592; 0.317035376323804; 63043.2642600598; 56866.08; 6926.36
593; 0.316452338665365; 63131.9347952486; 56885.37; 7012.64
594; 0.318080942128271; 63208.6057444116; 56949.44; 6986.4
595; 0.316365519737399; 63395.3384939259; 57139.71; 7015.88
596; 0.316931888318022; 63632.3451535517; 57370.84; 7005.49
597; 0.31467647262315; 63862.8077308479; 57620.87; 7029.2
598; 0.318219479969755; 64460.4773136962; 58084.9; 7095.26
599; 0.318983688368751; 64915.3472963001; 58524.45; 7090.77
600; 0.31856997506495; 65408.2079881184; 59020.31; 7092.14
601; 0.317632929935164; 66270.9857815772; 59811.73; 7187.95
602; 0.313164237976258; 66896.998758299; 60413.01; 7313.98
603; 0.313182614216767; 67566.1238105022; 60992.44; 7410
604; 0.313393033813365; 68490.2893832228; 61857.75; 7466.56
605; 0.311624062506945; 69085.3982007833; 62404.92; 7558.6
606; 0.30871161518405; 69647.007916202; 62931.49; 7665.24
607; 0.307845749051406; 70333.1062640511; 63575.16; 7730.63
608; 0.310399778860345; 70776.6950925969; 63913.77; 7781.35
609; 0.308339919606836; 71185.3037825715; 64286.44; 7869.52
610; 0.312016522929857; 71390.6106924558; 64387.2; 7889.79
611; 0.311924216972346; 71499.3759190809; 64454.87; 7933.77
612; 0.313596747158212; 71533.8812470844; 64486.18; 7890.17
613; 0.315034251524082; 71507.8229969901; 64382.6; 7935.66
614; 0.317777200538405; 71379.35459618; 64258.5; 7857.7
615; 0.31938427563896; 71031.3157878604; 63951.06; 7769
616; 0.318792128350283; 70693.0945107057; 63649.54; 7738.29
617; 0.321895040252955; 70111.3030988992; 63191.8; 7524.48
618; 0.321549762010477; 69665.215051783; 62865.79; 7397.46
619; 0.317975536902462; 69185.3563218483; 62524.5; 7324.23
620; 0.318334296130217; 68528.8897050531; 61903.74; 7272.85
621; 0.316961695876772; 68023.2831780881; 61522.57; 7163.5
622; 0.313776474489341; 67533.5833429766; 61120.28; 7135.28
623; 0.314528281541767; 66918.5014645502; 60595.35; 7014.78
624; 0.314034444370764; 66517.710031896; 60252.71; 6957.84
625; 0.312019124283436; 65993.4920947051; 59771.23; 6951.65
626; 0.310025151699584; 65676.3632113099; 59483.48; 6959.96
627; 0.312121863562142; 65356.3503141478; 59165.07; 6908.27
628; 0.308408687936271; 64814.8082793966; 58794.21; 6795.41
629; 0.308535670820253; 64525.7927606274; 58562.43; 6724.97
630; 0.310316927023851; 64276.8864515747; 58288.09; 6711.82
631; 0.306244794043913; 63804.8738680525; 57859.83; 6748.49
632; 0.304276660113521; 63516.3783766175; 57682.5; 6662.28
633; 0.302964446490845; 63077.9283839785; 57342.16; 6575.79
634; 0.30243402264172; 62791.66930387; 57084.01; 6552.04
635; 0.303867236387622; 62541.4791015571; 56861.14; 6486.39
636; 0.30371387702665; 62271.6121858636; 56610.25; 6464.46
637; 0.304041956818002; 62041.3130390897; 56396.33; 6434.92
638; 0.301629274615146; 61815.7177153569; 56258.02; 6382.24
639; 0.301987303740455; 61573.8520840845; 56020.93; 6365.53
640; 0.301412909282346; 61398.2346137344; 55817.61; 6405.6
641; 0.300865330889572; 61103.289864882; 55521.74; 6414.99
642; 0.303237025346209; 60907.6889491072; 55345.1; 6339.9
643; 0.301077003793271; 60736.6253179682; 55211.6; 6339.15
644; 0.300028180320212; 60406.3675119452; 54932.43; 6299.39
645; 0.300190888742347; 60256.6656879591; 54787.8; 6287.41
646; 0.300884149610171; 59985.6923854231; 54543.39; 6239.56
647; 0.301692356278211; 59801.8769887506; 54402.96; 6170.73
648; 0.302234662440591; 59599.3258599382; 54223.42; 6130.91
649; 0.306833545111878; 59430.6021311951; 53981.55; 6118.52
650; 0.305038044249761; 59307.6113381252; 53857.78; 6152.73
651; 0.308488305801613; 59168.8838948997; 53690.78; 6112.63
652; 0.307109803766624; 59040.5259804497; 53508.46; 6197.48
653; 0.306165375833448; 58878.5225435426; 53373.85; 6182.75
654; 0.309801429778231; 58719.735199552; 53197.75; 6126.54
655; 0.306055416799991; 58581.7636920457; 53072.59; 6184.61
656; 0.307032744621419; 58438.9846672944; 52943.74; 6146.82
657; 0.306481306221236; 58346.9619193658; 52900.86; 6100.67
658; 0.306395223226811; 58243.8645311913; 52840.08; 6052.84
659; 0.304653702238843; 58043.6220450925; 52741.87; 5970.05
660; 0.301127927799175; 57912.9429973518; 52729.32; 5902.95
661; 0.296522949728403; 57719.5927274488; 52604.84; 5911.68
662; 0.294307597967499; 57600.7883436593; 52521.21; 5912.09
663; 0.294820809096437; 57504.6927864842; 52451.09; 5868.51
664; 0.294652363714738; 57331.716887454; 52287.7; 5857.45
665; 0.292223170699288; 57156.5225450651; 52132.9; 5880.01
666; 0.287436867612374; 56935.0156285495; 51959.38; 5918.55
667; 0.288064036691851; 56798.1995819047; 51781.68; 5952.26
668; 0.290600260832323; 56619.1296488097; 51634.69; 5860.85
669; 0.287704321851447; 56356.8678490923; 51450.2; 5825.24
670; 0.287091356291111; 56211.7203628603; 51293.57; 5849.09
671; 0.28683799530658; 55981.1154091443; 51072.93; 5839.11
672; 0.282320371261235; 55766.3437918331; 50919.86; 5854.67
673; 0.278509650960203; 55564.8618426402; 50787.07; 5847.19
674; 0.280059915061141; 55299.3597247843; 50579.53; 5741.04
675; 0.280436052427168; 55097.1499007334; 50427.07; 5670.38
676; 0.277512499350488; 54779.7691333602; 50091.77; 5749.54
677; 0.279414006569225; 54596.5445572981; 49872.31; 5752.67
678; 0.274155019461504; 54179.2409298194; 49530.92; 5766.75
679; 0.273399884799273; 53903.969384335; 49327.37; 5691.42
680; 0.272626028005677; 53608.5148565414; 49070.42; 5657.7
681; 0.273373616416995; 53191.8417509346; 48667.39; 5623.25
682; 0.272906081004989; 52903.3496441032; 48374.21; 5636.53
683; 0.270506842438744; 52527.189937853; 48043.66; 5627.07
684; 0.266943547559377; 52227.7708441927; 47814.76; 5610.48
685; 0.265349994605701; 51804.5532954826; 47448.75; 5568.84
686; 0.264915787130429; 51504.5545816077; 47154.8; 5568.22
687; 0.261593722179983; 51190.3631429602; 46914.24; 5541.32
688; 0.260703818651245; 50755.2066869523; 46556.39; 5457.75
689; 0.259102368663553; 50471.0913787316; 46363.53; 5370.2
690; 0.256184610449068; 50060.5165424694; 46046.68; 5305.36
691; 0.257735195804788; 49786.2310779099; 45810.71; 5221.06
692; 0.260414177459894; 49558.1821434048; 45598.99; 5144.11
693; 0.261045628966152; 49137.1026572441; 45273.63; 5005.64
694; 0.258577216071401; 48862.4956494124; 45056.87; 4975.81
695; 0.257750325891416; 48473.9238786068; 44704.09; 4942.74
696; 0.255744531950262; 48236.1349659645; 44432.28; 5024.34
697; 0.250569138754844; 47819.2906787966; 44035.44; 5098.84
698; 0.248434023799633; 47526.9984360509; 43744.03; 5139.29
699; 0.248321518199871; 47110.7343489147; 43359.07; 5097.07
700; 0.247329908259308; 46885.1630472311; 43110.29; 5147.14
701; 0.244409694054411; 46614.4184635789; 42902.64; 5120.03
702; 0.243711020105887; 46246.6851598174; 42569.63; 5084.98
703; 0.241949165313791; 45983.0156663268; 42344.57; 5066.69
704; 0.243870375007923; 45632.6974310728; 42087.37; 4896.64
705; 0.241505735304722; 45356.0400042564; 41885.5; 4838.37
706; 0.237167110780671; 44974.8423579067; 41620.16; 4760.67
707; 0.233339950323333; 44732.1851244679; 41416.61; 4780.31
708; 0.229259965087208; 44462.8871950073; 41271.22; 4681.56
709; 0.226884926261866; 44118.6706037316; 40978.27; 4652.88
710; 0.226632161468804; 43903.6267694471; 40764.97; 4653.78
711; 0.222875010861365; 43551.13478192; 40463.52; 4654.28
712; 0.221114544141652; 43309.100284588; 40255.7; 4638.36
713; 0.220659139372798; 42983.9128535492; 39964.91; 4594.59
714; 0.218462823769199; 42668.3429746705; 39680.95; 4591.35
715; 0.215092904339995; 42207.0314801543; 39286.31; 4557.68
716; 0.216427201374948; 41883.1918224189; 38975.93; 4507.33
717; 0.213493845704262; 41507.1407804546; 38672.49; 4453.37
718; 0.21085000095495; 40951.4911628721; 38238.07; 4314.65
719; 0.209547514818558; 40583.7389795618; 37915.28; 4267.7
720; 0.212599143752462; 40053.0343313013; 37379.7; 4212.45
721; 0.2153284988941; 39726.5049353282; 37030.83; 4192.27
722; 0.216104183252853; 39249.5861570068; 36569.84; 4151.01
723; 0.21546670593423; 38910.5038800562; 36281.38; 4083.14
724; 0.217120591762158; 38487.6956574797; 35846.8; 4068.68
725; 0.217308004079461; 38263.9891881157; 35618.41; 4070.88
726; 0.220558755196589; 38029.9532754224; 35362.68; 4042.28
727; 0.221664295385373; 37886.5065993731; 35264.68; 3952.13
728; 0.221360430191052; 37773.2081202241; 35147.92; 3961.44
729; 0.222059562846771; 37656.1413996544; 35036.8; 3938.93
730; 0.224161719599516; 37612.2621739564; 34982.23; 3916.83
731; 0.224193180459048; 37633.5491889563; 34979.16; 3952.18
732; 0.224676606390161; 37640.4882416541; 34973.38; 3962.08
733; 0.220135412088836; 37627.9048699509; 34983.99; 4008.15
734; 0.219982504736273; 37600.8556607183; 34934.58; 4044.48
735; 0.219444652374306; 37572.8666196917; 34904.98; 4055.84
736; 0.219619634518941; 37517.4736863908; 34849.66; 4051.37
737; 0.215776947055904; 37430.3293300313; 34798.35; 4066.75
738; 0.218790938082836; 37389.5216192625; 34719.07; 4067.97
739; 0.216472636369782; 37270.9739042393; 34662.43; 4014.73
740; 0.214324775073343; 37185.4757592958; 34599.66; 4018.14
741; 0.218317238497379; 37166.8938568149; 34559.08; 3976.86
742; 0.213378989767059; 37123.4985996832; 34577.6; 3971.06
743; 0.212805881055619; 37135.0234220183; 34597.75; 3966.91
744; 0.214423781909819; 37343.7938724741; 34756.32; 4013.5
745; 0.213406461976683; 37482.4869141332; 34929.32; 3977.68
746; 0.207084191882019; 37662.2173665636; 35180.48; 3982.95
747; 0.208264583839551; 37862.4251674038; 35380.24; 3959.61
748; 0.205227619313234; 38047.074597113; 35579.02; 3993.96
749; 0.202027228180827; 38083.2963893199; 35638.56; 4017.77
750; 0.202726825763135; 38078.5924882075; 35621.81; 4022.63
751; 0.199974855948126; 37961.802992214; 35526.21; 4042.69
752; 0.193877037738277; 37632.7925214895; 35272.84; 4040.09
753; 0.193241038084381; 37387.6313843645; 35021.98; 4063.05
754; 0.191377416068867; 36875.7677999046; 34535.94; 4057.58
755; 0.189617953137511; 36470.1212948231; 34165.32; 4032.92
756; 0.190962615079457; 35873.8667661124; 33598.04; 3953.07
757; 0.185214194005702; 35440.7193501432; 33242.28; 3935.57
758; 0.183439781048422; 34812.9208223472; 32670.12; 3871.5
759; 0.184837675383952; 34425.2262751632; 32281.18; 3842.65
760; 0.183784082123979; 34034.6667173544; 31924.78; 3801.32
761; 0.181945249691486; 33430.949777788; 31362.01; 3763.45
762; 0.180630277019117; 33058.0125716307; 31037.12; 3701.07
763; 0.183995604145715; 32587.4791768095; 30554.28; 3654.01
764; 0.183155348924328; 32258.9084474399; 30276.78; 3577.22
765; 0.18675392899596; 31826.9970532239; 29844.63; 3508.38
766; 0.187659072942162; 31564.9404627361; 29592.35; 3473.91
767; 0.184705088937032; 31103.0808565012; 29220.25; 3368.97
768; 0.18928201575939; 30862.4935670742; 28985.12; 3278.08
769; 0.194858000322834; 30513.8311404157; 28613.79; 3222.52
770; 0.195031286581238; 30272.0782983521; 28396.16; 3178.58
771; 0.195060115500788; 29910.6162345959; 28063.51; 3128.02
772; 0.191994841216042; 29659.2000778259; 27824.41; 3155.48
773; 0.187593157797344; 29273.9723068228; 27511.03; 3101.69
774; 0.188974379635618; 29020.9551377916; 27250.38; 3090.89
775; 0.185451785848375; 28688.6587250559; 26923.11; 3139.57
776; 0.179564152708475; 28411.6301150928; 26692.28; 3156.47
777; 0.177036583196778; 28051.1000061963; 26378.67; 3113.38
778; 0.179070859991337; 27849.7883870763; 26156.79; 3114.98
779; 0.181454344827706; 27535.8438168219; 25833.84; 3089.73
780; 0.179704483771797; 27310.5964373368; 25644.18; 3053.81
781; 0.183036606805639; 27045.5298244237; 25391.25; 2975.72
782; 0.181335045713848; 26834.4099334861; 25220.98; 2928.73
783; 0.178769928675464; 26490.5156923296; 24943.53; 2847.78
784; 0.177911956647558; 26305.4061414974; 24783.44; 2814.52
785; 0.175943717821919; 26015.0695133858; 24512.17; 2809.55
786; 0.168420508217879; 25772.6700971469; 24354.29; 2769.2
787; 0.162544688810579; 25455.529759614; 24111.29; 2718.46
788; 0.159840000134994; 25243.6233028595; 23935.54; 2689.25
789; 0.15725106197867; 24914.0042640461; 23629; 2684.53
790; 0.160121919071803; 24746.3549952512; 23429.19; 2701.61
791; 0.157774896850877; 24479.6435952845; 23215.9; 2629.93
792; 0.160279255494677; 24309.7355225105; 23023.05; 2635.25
793; 0.16251538739272; 24080.6957482806; 22777.42; 2632
794; 0.170437015672415; 23954.7006433845; 22595.01; 2617.89
795; 0.174315470758679; 23736.6582241271; 22336.97; 2634.77
796; 0.175578119010623; 23541.4443704674; 22112.83; 2669.71
797; 0.174420145161736; 23399.9806039991; 21984.92; 2661.85
798; 0.176880073299117; 23199.1938868991; 21770.62; 2649.81
799; 0.175274988725068; 23031.731168978; 21624.52; 2633.75
800; 0.171424211004307; 22786.3708535704; 21451.6; 2553.96
801; 0.16466512603422; 22566.9760582579; 21296.11; 2530.61
802; 0.157355466816617; 22310.8220003035; 21094.24; 2534.16
803; 0.155236907854622; 22147.1412407996; 20965.53; 2493.87
804; 0.155447429975644; 21929.4445751894; 20777.34; 2427.37
805; 0.150684986233834; 21741.089257902; 20626.73; 2421.43
806; 0.153996330673641; 21540.5974461586; 20408.68; 2406.08
807; 0.152666155602033; 21382.4634632569; 20262.29; 2401.48
808; 0.161716094924317; 21234.2286204652; 20069.98; 2355.84
809; 0.165156838791299; 21109.6651366863; 19935.88; 2325.21
810; 0.158115519900556; 20878.075357597; 19758.37; 2316.34
811; 0.156062742202684; 20726.2651116476; 19629.76; 2297.52
812; 0.155570509665718; 20530.0321901195; 19440.29; 2289.84
813; 0.153965278144218; 20399.5117640311; 19329.39; 2271.4
814; 0.152163880141304; 20239.5080591832; 19206.63; 2217.59
815; 0.147516677332685; 20100.2677888167; 19107.39; 2198.44
816; 0.142495832294938; 19902.732277197; 18944.37; 2196.29
817; 0.141662802885273; 19733.5798504737; 18785.86; 2184.32
818; 0.140886962145382; 19619.4233206526; 18686.34; 2162.08
819; 0.144884119956905; 19419.7582808522; 18460.03; 2162.05
820; 0.145276776375218; 19278.7117650242; 18313.57; 2167.88
821; 0.14454112734519; 19105.2355046032; 18130.17; 2200.68
822; 0.144516063659348; 18975.0223755692; 17998; 2204.84
823; 0.140060599958014; 18779.409387715; 17836.87; 2194.12
824; 0.141606072225554; 18676.973400363; 17730.5; 2178.67
825; 0.140189745186254; 18533.2243727842; 17610.23; 2146.02
826; 0.137015551241886; 18408.4687557518; 17535.63; 2076.42
827; 0.13447160910295; 18276.6359545881; 17428.2; 2056.75
828; 0.135452732238653; 18181.624585022; 17337.68; 2031.24
829; 0.138168237529918; 18033.1794361224; 17185.3; 2000.41
830; 0.137710273973231; 17884.3553088967; 17061.23; 1948.34
831; 0.138009766995072; 17780.7718956794; 16971.77; 1909.83
832; 0.133348223859586; 17625.8000485732; 16860.01; 1870.11
833; 0.130772957242754; 17523.7202660547; 16770.25; 1875.35
834; 0.130687726166505; 17380.0596364171; 16645.37; 1828.97
835; 0.129109344055415; 17276.1434654753; 16549.23; 1831.26
836; 0.118318275719697; 17101.6734817641; 16453.14; 1782.35
837; 0.116490828589625; 17010.7557402691; 16379.07; 1763.51
838; 0.112496768079037; 16841.9303963975; 16235.15; 1754.35
839; 0.116502327582303; 16710.8183540836; 16074.2; 1778.6
840; 0.116765392112504; 16619.2555439644; 15981.44; 1777.93
841; 0.115628558066843; 16496.9347784677; 15866.44; 1776.81
842; 0.117084979453442; 16419.704836667; 15776.56; 1789.51
843; 0.122176193400864; 16309.1737021207; 15646.69; 1766.05
844; 0.119524970210791; 16196.6218102653; 15542.12; 1783.07
845; 0.117997054774609; 16035.3652608781; 15390.02; 1780.43
846; 0.115873407344885; 15958.3384849082; 15331.09; 1761.82
847; 0.11210329308602; 15830.11214422; 15227.78; 1748.28
848; 0.112879231933643; 15686.5848099676; 15098.25; 1695.53
849; 0.10692440586542; 15567.4119609208; 15011.88; 1689.72
850; 0.106651562285812; 15402.2238023529; 14856.35; 1664.16
851; 0.109282163860989; 15299.9906951331; 14747.7; 1642.82
852; 0.109449100957198; 15160.6332472272; 14619.18; 1607.71
853; 0.110610895836486; 15058.8776763574; 14518.29; 1587.92
854; 0.113552812917643; 14876.9996414295; 14338.6; 1540.12
855; 0.112897894042282; 14688.2844469998; 14151.45; 1544.2
856; 0.117670776444087; 14594.6461000662; 14045.55; 1515.11
857; 0.115639713115441; 14436.4565443177; 13919.7; 1450.59
858; 0.118143508804356; 14359.0439868752; 13825.47; 1465.77
859; 0.119732380561335; 14196.3321480454; 13648.99; 1483.35
860; 0.122529664361192; 14100.6584745389; 13531.11; 1507.95
861; 0.123759323011364; 13969.8444312276; 13401.13; 1490.49
862; 0.116703468246337; 13812.8406809025; 13274.97; 1494.59
863; 0.115411162073847; 13692.8502328284; 13154.46; 1512.49
864; 0.11832448039704; 13520.4854760256; 12956.07; 1546.21
865; 0.123627325991476; 13409.5852679824; 12824.65; 1533.39
866; 0.127040014114231; 13230.4970473889; 12635.79; 1516.83
867; 0.112956295461518; 12961.7739805052; 12433.88; 1513.95
868; 0.113018672774631; 12811.0113854467; 12293.84; 1482.09
869; 0.112069940968535; 12562.080661194; 12058.37; 1455.45
870; 0.114528954097967; 12399.8884569178; 11894.82; 1427.76
871; 0.115757537152201; 12135.0005078087; 11642.25; 1377.84
872; 0.10967374907327; 11935.5553367826; 11469.19; 1376.13
873; 0.109116732274639; 11685.0739796253; 11235.69; 1332.53
874; 0.107347559664227; 11438.4100689719; 11012.1; 1284.65
875; 0.107798238635469; 11282.8447315254; 10866.29; 1249.76
876; 0.106785667995307; 11045.6663420504; 10645.77; 1210.92
877; 0.111597361510293; 10918.8641019562; 10509.02; 1187.3
878; 0.112124039686192; 10739.5050840247; 10330.64; 1178.63
879; 0.122818596800626; 10625.8146888682; 10193.75; 1136.83
880; 0.111676516017395; 10501.7879952971; 10109.79; 1134.09
881; 0.117952493803285; 10390.7736215347; 9979.85; 1125.33
882; 0.11850016095551; 10302.2174383803; 9891.73; 1118.72
883; 0.114003019630918; 10193.7883217519; 9795.02; 1129.43
884; 0.113986859142703; 10086.8472436583; 9695.26; 1109.03
885; 0.108173637729668; 10016.5150096187; 9644.88; 1108.83
886; 0.0963100079323489; 9920.15302360194; 9598.29; 1078.41
887; 0.102921757780098; 9881.37680734411; 9533.9; 1089.26
888; 0.111732720676764; 9843.84476906372; 9478.5; 1054.82
889; 0.103390863494909; 9788.17002700791; 9465.16; 1007.67
890; 0.104010877535308; 9759.11977535471; 9433.9; 1008.35
891; 0.100217567161367; 9726.39400130286; 9408.11; 1024.03
892; 0.103624890734089; 9761.30988505024; 9432.88; 1021.76
893; 0.0949448658992397; 9764.73564529796; 9463.6; 1022.36
894; 0.0830185707031954; 9820.86804476302; 9551.22; 1046.8
895; 0.0812329238394097; 9875.08338042056; 9605.56; 1069.14
896; 0.0812962214068634; 10005.5771603557; 9731.54; 1086.02
897; 0.0794862367170939; 10095.2184657916; 9819.83; 1116.08
898; 0.0755282017362124; 10272.8057163624; 10007.83; 1129.97
899; 0.0728065122902708; 10459.8387642201; 10203.23; 1135.01
900; 0.0758217776094667; 10580.2307705844; 10302.21; 1180.62
901; 0.08332839526317; 10726.2372896301; 10410.07; 1221.5
902; 0.0797390069423224; 10813.6491313743; 10506.52; 1239.79
903; 0.0784902705788564; 10860.6269754617; 10552.68; 1262.66
904; 0.0814595036508216; 10886.7696627843; 10574.7; 1232.72
905; 0.083723359923072; 10869.3456590003; 10548.03; 1234.76
906; 0.0869334273298705; 10807.2385705355; 10477.21; 1221.21
907; 0.0977461562735789; 10711.3978208378; 10347.55; 1197.22
908; 0.0931708287128675; 10600.7516425916; 10275.37; 1123.04
909; 0.0858056245408653; 10389.2619816571; 10095.42; 1101.09
910; 0.0806764156864028; 10121.1135436756; 9857.05; 1052.24
911; 0.0850785007642922; 9932.22350068965; 9654.96; 1047.5
912; 0.0838435132075073; 9604.12420385703; 9338.38; 1018.6
913; 0.0889828612464888; 9367.52751621222; 9092.46; 993.31
914; 0.0771270236986089; 8960.68754198383; 8733.46; 946.53
915; 0.0827034398355096; 8591.37075372412; 8353.23; 924.95
916; 0.0783501327454822; 8338.32268077012; 8121.34; 889.45
917; 0.0900437021730579; 7996.54558073733; 7752.42; 870.64
918; 0.0817051711389532; 7668.74920618713; 7459.75; 821.3
919; 0.0799468867452177; 7463.91935174107; 7264.7; 799.98
920; 0.0707414142602995; 7161.05676788602; 6995.79; 749.9
921; 0.0772730461850871; 6896.63234034909; 6721.88; 725.82
922; 0.0714412870136906; 6699.0767770686; 6539.28; 717.81
923; 0.0759349730495398; 6452.41850109557; 6288.76; 691.56
924; 0.0677850065358071; 6287.09989930519; 6145.76; 668.97
925; 0.0810568092860853; 6060.31322280859; 5898.34; 641.02
926; 0.079656973337606; 5810.12818627605; 5662.37; 594.98
927; 0.076940774371127; 5661.64939280565; 5522.49; 580.06
928; 0.0622626367031761; 5424.01020361064; 5315.76; 557.52
929; 0.069570627281341; 5204.98400880045; 5094.54; 509
930; 0.0731487162895553; 5033.53714749735; 4918.46; 504.36
931; 0.0846317083624726; 4746.60069960296; 4620.77; 476.6
932; 0.0804885219748632; 4418.28381027854; 4308.68; 436.45
933; 0.0875606097407354; 4178.39238513956; 4066.76; 408.57
934; 0.0868901315192149; 3776.45237916156; 3675.65; 371.73
935; 0.100561423536286; 3358.96916711035; 3254.36; 333.29
936; 0.0975483578267949; 3064.88549841052; 2974.81; 295.81
937; 0.095649598908232; 2637.32310741255; 2559.82; 259.54
938; 0.094875938604894; 2247.1079230461; 2188.07; 199.29
939; 0.0855219807345418; 2013.04454148801; 1968.44; 167.02
940; 0.0769037382665625; 1731.92430965715; 1694.3; 156.65
941; 0.1017721186302; 1535.70831350879; 1492.72; 135.23
942; 0.0950578744938553; 1425.98637223819; 1387.37; 130.04
943; 0.0893318450619641; 1323.61740553862; 1286.69; 132.31
944; 0.0866214500894978; 1279.73473848428; 1244.67; 129.55
945; 0.05809869318864; 1272.50989288542; 1249.62; 126.07
946; 0.0609896933778927; 1302.23241487674; 1278.41; 124.97
947; 0.0805193497007821; 1345.34701379575; 1312.83; 129.19
948; 0.0474561598626597; 1369.03331334926; 1348.84; 136.11
949; 0.0521284271605171; 1438.37130818332; 1415.09; 142.84
950; 0.0667284933158375; 1521.94611737716; 1490.69; 149.79
951; 0.0676389308979152; 1576.87014139427; 1540.43; 172.26
952; 0.0905017081066017; 1670.34851211048; 1616.44; 190.44
953; 0.0859115680124809; 1752.69650779353; 1698.68; 200.99
954; 0.0703685226732394; 1807.28399170107; 1761.94; 205.96
955; 0.0716186270419964; 1901.55223229924; 1851.17; 224.82
956; 0.0847385418801668; 1998.29517507087; 1937.02; 231.07
957; 0.0623193115784941; 2041.71099367465; 1996.3; 232.82
958; 0.0443205801601881; 2120.89238845237; 2090.68; 217.78
959; 0.0180848586946661; 2173.56847175257; 2161.75; 208.75
960; 0.0219057580810631; 2211.45823298793; 2195.68; 230.05
961; 0.0541532204141561; 2280.72623038185; 2242.09; 227.85
962; 0.0468658492582828; 2319.92082323947; 2286.61; 226.96
963; 0.0352880049906311; 2331.61042061151; 2305.87; 232.89
964; 0.032505464113192; 2361.50148851353; 2338.55; 225.41
965; 0.0506068526276629; 2382.21104739291; 2344.92; 235.21
966; 0.0466637003888469; 2406.76972597741; 2370.41; 248.69
967; 0.0431896888058825; 2415.66131484046; 2385.29; 224.41
968; 0.0319921864745929; 2418.84630880253; 2395.91; 228.76
969; 0.0412125069418089; 2425.21758193045; 2396.97; 218.68
970; 0.0473068935790269; 2430.39543725733; 2398.3; 216.43
971; 0.0634643251347114; 2433.7114456732; 2389.14; 224.01
972; 0.0639972881978595; 2424.95284925207; 2381.04; 218.84
973; 0.0704032348349764; 2412.60478183139; 2367.5; 204.3
974; 0.0749368153615654; 2401.45827636797; 2349.98; 219.04
975; 0.060016849115113; 2380.87777945081; 2340.69; 213.48
976; 0.0532937567152615; 2365.47441838185; 2329.67; 214.16
977; 0.0255785504303108; 2331.47268203048; 2314.39; 212.87
978; 0.0144669422056733; 2302.7847283223; 2293; 215.55
979; 0.00446766218597121; 2274.09464069676; 2270.94; 225.01
980; 0.00585288318368087; 2257.61738455141; 2253.53; 222.51
981; 0.00598238634419723; 2215.76247289985; 2211.65; 219
982; 0.022214662925844; 2182.12635164047; 2166.45; 224.79
983; 0.0384812354139878; 2164.17776358908; 2136.66; 227.76
984; 0.0588834204987391; 2147.8205311278; 2107.27; 219.31
985; 0.0837694787742147; 2124.14629151503; 2067.62; 214.87
986; 0.0635794790822668; 2078.4995416219; 2036.48; 210.42
987; 0.074172993389556; 2057.20609308681; 2005.72; 220.98
988; 0.0613244041432855; 2025.38860955824; 1984.27; 213.43
989; 0.0483249919738067; 1985.02684775488; 1952.57; 213.76
990; 0.0385832415149975; 1955.45490764616; 1930.05; 209.54
991; 0.0501700836506333; 1914.96254262942; 1880.21; 220.41
992; 0.0380048952405964; 1872.72861114418; 1848.35; 204.08
993; 0.0759197753461301; 1851.53211554684; 1804.62; 196.57
994; 0.0653295914070549; 1823.527724235; 1785.01; 187.54
995; 0.0643731876600226; 1778.70582014889; 1738.71; 197.61
996; 0.104475146698133; 1759.22941651684; 1698.8; 183.94
997; 0.137791482224275; 1735.33793606753; 1659.01; 176.14
998; 0.13011316597342; 1701.43917957083; 1637.37; 156.56
999; 0.12503601453486; 1663.11910790165; 1600.11; 160.2
1000; 0.119466677763143; 1617.4406810297; 1558.01; 158.13
1001; 0.112209440064461; 1593.38425809866; 1537.83; 157.36
1002; 0.0926154321883266; 1553.67386244122; 1513.64; 137.37
1003; 0.0482168644102302; 1503.6722968516; 1482.74; 137.95
1004; -0.00218343743085028; 1457.93908019428; 1458.8; 125.28
1005; -0.00719245846413817; 1436.53309808586; 1439.4; 126.63
1006; -0.00977282200255996; 1399.87002514485; 1403.8; 127.74
1007; -0.0392245937990781; 1363.59227323122; 1377.82; 115.21
1008; -0.0170285016229558; 1329.70296292779; 1336.17; 120.61
1009; 0.00578677461581829; 1310.01492405452; 1307.77; 123.19
1010; 0.0232820589240993; 1282.69232950283; 1274.54; 111.18
1011; 0.0430172033341717; 1259.5108315458; 1243.99; 114.55
1012; 0.0275545424744693; 1219.16558369599; 1208.87; 118.61
1013; 0.0336783565095941; 1202.67274927694; 1190.37; 115.95
1014; 0.0562088923901644; 1183.09719410078; 1163.01; 113.42
1015; 0.067617087526689; 1162.42799988501; 1137.11; 118.82
1016; 0.0530910260138909; 1132.10601576484; 1113.5; 111.2
1017; 0.0530569035727973; 1113.58648684954; 1094.83; 112.16
1018; 0.052306899675603; 1083.38933613816; 1066.64; 101.58
1019; 0.0392373990943548; 1055.44906816108; 1043.81; 94.09
1020; 0.00116461595123951; 1015.4264767105; 1015.07; 97.08
1021; 0.0273959912643935; 996.888957082068; 986.98; 114.7
1022; 0.0094338600034734; 968.678142866674; 965.88; 94.05
1023; 0.0185425340427307; 937.626970021635; 931.74; 100.66
1024; -0.00840021566214761; 907.520135414905; 909.96; 92.08
1025; 0.00663368189265334; 891.786892016178; 889.66; 101.63
1026; 0.0553134599967379; 877.671189820829; 858.31; 110.94
1027; 0.109666623475876; 860.45000394925; 822.79; 108.83
1028; 0.13017483356304; 850.632552896109; 812.16; 93.65
1029; 0.147848903351963; 836.906320731607; 790.63; 99.17
1030; 0.159268827637118; 820.889309556618; 774.07; 93.13
1031; 0.129847716720727; 798.001656987307; 765.45; 79.41
1032; 0.184661280255804; 786.559887250809; 747.55; 66.91
1033; 0.147674536641416; 760.835084921234; 731.51; 62.89
1034; 0.101911346276712; 748.98323136755; 729.22; 61.41
1035; 0.0400612519664725; 718.954577436831; 712.65; 49.83
1036; 0.0781077900513977; 704.404809545085; 692.97; 46.35
1037; 0.0292860856974647; 679.869305180671; 674.92; 53.5
1038; 0.0391633577047787; 669.891747365116; 662.79; 57.4
1039; 0.329412381752213; 671.261641058604; 596.18; 72.14
1040; -0.398318421840604; 584.147838146821; 690.97; 84.87
1041; 1.13483632264512; 540.561643133721; 731.93; -53.36
