# 06/03/2019 18:51:39
# NanoCalc data
# Original file name: C:\SVA_DATA\StudentProjects\2018_Nathan\PS-b-PI\PSbPI_843.dat
# Fit Result : Fitness; Thickness 1; Thickness 2; Thickness 3 
# Fit Result : 1.26022534170652; 2; 113.4; -1
# comment:PSbPI id:370 slowslow script start 16:33
#
# WaveLength; Reflectance; Raw Intensity; Dark Intensity; Reference Intensity
400; 0.502794805785637; 4383.64927813088; 3706.58; 652.97
401; 0.495629842735528; 4532.88557713027; 3827.82; 686.82
402; 0.493822495922675; 4631.92830466431; 3922.88; 690.19
403; 0.50119902183562; 4747.34519917465; 4026.52; 688.46
404; 0.499535605178322; 4843.52958053868; 4116.57; 693.7
405; 0.491068739568043; 5012.68725133904; 4267.86; 720.2
406; 0.498534773202429; 5122.06529252312; 4392.4; 692.25
407; 0.488544820180158; 5229.5269477725; 4498.1; 705.33
408; 0.486585671381841; 5344.60565900744; 4602.23; 715.92
409; 0.482341090476855; 5440.23512664468; 4697.66; 719.74
410; 0.476289606387622; 5596.80510875018; 4851.48; 728.85
411; 0.471004055169426; 5682.37831442546; 4933.69; 737.74
412; 0.462812603901793; 5770.95698964514; 5006.35; 764.04
413; 0.455012751091739; 5851.89525406493; 5074.69; 787.31
414; 0.457349225625147; 6003.17723135808; 5187.46; 819.34
415; 0.4618576377898; 6101.76439569163; 5262.83; 831.69
416; 0.453739430185612; 6170.66616584785; 5333.87; 841.6
417; 0.452298368784762; 6262.00997472372; 5432.16; 834.5
418; 0.459287018262366; 6413.43401927902; 5554.94; 847.33
419; 0.451096773097212; 6492.27213883577; 5639.25; 854.66
420; 0.436969294434371; 6598.56542373776; 5731.78; 893.85
421; 0.443410605615009; 6721.60507601982; 5844.55; 888.7
422; 0.430232703089851; 6869.36401981411; 5986.26; 919.54
423; 0.422102592603621; 6982.08039621054; 6097.41; 936.13
424; 0.414991241136259; 7118.3573170719; 6222.48; 961.37
425; 0.403292427168601; 7247.15341612259; 6336.9; 1002.4
426; 0.396262804225548; 7448.45347961344; 6501.39; 1058.55
427; 0.392467591320409; 7602.01374001216; 6648.16; 1073.5
428; 0.388313015671151; 7750.50720101973; 6783.3; 1097.16
429; 0.388045789079312; 7873.33885966309; 6907.86; 1093.25
430; 0.384102810609846; 8082.43978607115; 7111.68; 1107.74
431; 0.390411453069513; 8244.85942793861; 7247.41; 1117.05
432; 0.389285811476565; 8367.31738138797; 7363.78; 1124.31
433; 0.387711115918661; 8478.70733083637; 7451.35; 1152.9
434; 0.391191608567187; 8658.4603091731; 7622.06; 1149.92
435; 0.389832856989682; 8769.73737516313; 7725.43; 1160.22
436; 0.391656452846565; 8860.24084875573; 7810.18; 1158.66
437; 0.391486591149677; 8976.91212233615; 7906.48; 1178.93
438; 0.388003628006615; 9156.56583694474; 8054.32; 1222.03
439; 0.379553416317643; 9225.15989307751; 8136.76; 1230.73
440; 0.377701917695597; 9324.46622684652; 8228.69; 1242.29
441; 0.390347920954323; 9460.48309636636; 8339.09; 1227.41
442; 0.383847210508106; 9624.41981445275; 8479.44; 1271.58
443; 0.38029356075006; 9729.6351382548; 8574.86; 1291.6
444; 0.376615951699387; 9870.23990340073; 8692.65; 1327.07
445; 0.372732920442664; 9996.44525849929; 8808.71; 1349.4
446; 0.373086642977829; 10223.5135778864; 8995.09; 1391.12
447; 0.375721651915425; 10410.2586588243; 9152.97; 1410.79
448; 0.364417692934324; 10571.3023453081; 9325.63; 1437.98
449; 0.354852792676424; 10820.4623280886; 9579.28; 1468.31
450; 0.355598601914185; 11017.5602752434; 9774.98; 1463.74
451; 0.357984864920055; 11221.5390489506; 9949.44; 1485.53
452; 0.353905663430881; 11400.5333567351; 10146.84; 1477.89
453; 0.352571633953585; 11746.9417320577; 10453.15; 1527.91
454; 0.355865032636453; 11987.776435126; 10674.94; 1533.01
455; 0.350434669009749; 12194.2347942447; 10869.94; 1567.29
456; 0.350594256768009; 12454.0535681853; 11067.31; 1637.27
457; 0.350420877318224; 12837.669465079; 11406.59; 1687.26
458; 0.347741053258629; 13118.6521188406; 11668.57; 1719.54
459; 0.34371197589496; 13360.8973507274; 11888.18; 1763.56
460; 0.34009862357995; 13617.6661596117; 12120.23; 1808.82
461; 0.331894533193198; 13946.1673399954; 12477.98; 1813.95
462; 0.32731915992947; 14148.9383890252; 12696.02; 1816.78
463; 0.323923149312641; 14360.628200939; 12920.83; 1815.95
464; 0.317642516505132; 14715.7354450616; 13251.1; 1880.37
465; 0.308964348522407; 14943.8466715081; 13499.29; 1903.39
466; 0.30256424492417; 15172.8065940646; 13714.15; 1959.18
467; 0.301301469380513; 15428.6708966423; 13941.45; 2002.55
468; 0.298460791691441; 15930.9527025079; 14419.99; 2050.42
469; 0.295762946840355; 16257.4574717529; 14715.46; 2108.14
470; 0.296882577633367; 16606.8649492238; 15030.91; 2142.93
471; 0.291715283013194; 17036.4637607193; 15439.32; 2206.59
472; 0.294636893324585; 17700.0302023769; 16033.97; 2275.28
473; 0.292620115475405; 18169.6695029777; 16472.79; 2329.59
474; 0.292309410442387; 18680.1749203376; 16951.53; 2371.89
475; 0.293508359480023; 19572.6240313568; 17780.12; 2445.55
476; 0.288477466832684; 20139.4086234153; 18330.84; 2506.42
477; 0.287980230350191; 20771.8777451184; 18892.02; 2605.57
478; 0.287974067134385; 21516.2768456506; 19567.89; 2696.25
479; 0.285176412638388; 22576.7979955262; 20540.83; 2840.66
480; 0.279410550610455; 23320.2781986185; 21247.71; 2946.79
481; 0.278215049702957; 24065.1500204508; 21945.87; 3021.61
482; 0.273811643784308; 25165.7052732643; 23001.33; 3130.81
483; 0.269790228653653; 25890.8613168576; 23698.95; 3213.18
484; 0.268481776027704; 26620.6161827227; 24387.59; 3284.49
485; 0.269817518984416; 27373.9909327847; 25047.89; 3399.35
486; 0.262751227096153; 28332.6468704883; 25989.21; 3511.42
487; 0.264246578805703; 28969.6267076066; 26548.62; 3601.68
488; 0.259921442361768; 29566.2703755905; 27137.19; 3668.26
489; 0.25984624211296; 30164.1315124315; 27674.23; 3755.82
490; 0.250985731139631; 30959.0420735752; 28469.58; 3882.15
491; 0.248705391668001; 31450.1329886156; 28962.28; 3910.11
492; 0.248391090919112; 31946.2344315255; 29398.31; 4004.35
493; 0.246216145410622; 32607.2598876113; 30045.96; 4055.79
494; 0.248332183378329; 33058.6267196389; 30450.65; 4089.41
495; 0.246080987476553; 33449.1659946524; 30849.74; 4108.15
496; 0.240316256021125; 33969.8633835407; 31406.65; 4142.99
497; 0.239514128526161; 34325.5926833496; 31767.86; 4142.86
498; 0.239747160849304; 34663.1862058285; 32067.12; 4195.67
499; 0.243097490338196; 35070.8670081435; 32404.94; 4243.83
500; 0.242184286729347; 35538.4038222837; 32863.49; 4268.88
501; 0.241181677883482; 35842.74460609; 33146.16; 4315.77
502; 0.239448530930199; 36172.4130342675; 33476.28; 4340.55
503; 0.235885385001213; 36656.4671002874; 33974.55; 4377.29
504; 0.235556531190502; 37024.1079100664; 34328.61; 4399.96
505; 0.234002260880143; 37424.3590682592; 34741.28; 4403.53
506; 0.232879735669506; 37799.7762334227; 35107.34; 4434.89
507; 0.226904882457911; 38330.8752237518; 35715.47; 4416.36
508; 0.224661536462287; 38726.4075302373; 36120.4; 4439.31
509; 0.222452993195695; 39133.6197143676; 36537.16; 4462.01
510; 0.214127029427261; 39722.0552625699; 37164.54; 4560.8
511; 0.209921900707931; 40109.4141479262; 37577.28; 4600.76
512; 0.207056762045235; 40524.3196446287; 38001.86; 4641.31
513; 0.205500440644346; 41124.4924544025; 38544.65; 4777.5
514; 0.203053813706569; 41532.8018826669; 38978.11; 4782.45
515; 0.201366888907434; 41965.2111881214; 39357.58; 4916.92
516; 0.199010047641336; 42336.6920154687; 39710.45; 5004.9
517; 0.197693674610493; 42974.3313760182; 40331.64; 5063.94
518; 0.197976516641069; 43423.3838719921; 40749.91; 5109.82
519; 0.199924417523532; 43872.8571538211; 41153.15; 5141.7
520; 0.197776675938005; 44483.7293336181; 41744.27; 5229.46
521; 0.194882333782732; 44874.9095471781; 42147.85; 5277.47
522; 0.194629851354095; 45315.4373841562; 42528.95; 5393.7
523; 0.19122841616032; 45890.1724760564; 43144.91; 5402.76
524; 0.19084599794686; 46337.2915677395; 43568.3; 5454.65
525; 0.189135791458719; 46695.4090721712; 43928.06; 5495.06
526; 0.185442489574089; 47185.5625709269; 44426.05; 5582.88
527; 0.180748121777345; 47490.7901436944; 44754.61; 5673.87
528; 0.177620962299099; 47818.6257090741; 45083.01; 5766.75
529; 0.175309606048017; 48088.9005629587; 45349.17; 5845.8
530; 0.175242629373202; 48455.9373064856; 45699.78; 5877.43
531; 0.177119261099757; 48707.4674790102; 45874.99; 5970.71
532; 0.1728197626578; 48864.580070322; 46081.55; 6006.91
533; 0.170798987941548; 49135.4357211251; 46374.85; 6023.42
534; 0.170146395477583; 49289.9272803777; 46512.86; 6077.02
535; 0.16909452741453; 49460.3879682999; 46705.25; 6060.18
536; 0.170842861340759; 49706.0173202489; 46893.06; 6117.76
537; 0.169613818955625; 49860.3403380735; 47060.97; 6125.72
538; 0.167994162595603; 50045.0973755344; 47278.55; 6105.66
539; 0.162916749804532; 50249.2379896421; 47591.89; 6041.35
540; 0.164164313173305; 50434.0586283148; 47751.12; 6047.07
541; 0.162413270518547; 50600.0723889719; 47934.66; 6067.28
542; 0.163965026216662; 50951.9351952958; 48265.44; 6052.34
543; 0.16399168151605; 51171.9596067358; 48472.17; 6076.53
544; 0.163237554224806; 51418.0521041352; 48742.04; 6046.08
545; 0.159540769365192; 51753.3538093554; 49147.92; 6018.12
546; 0.159872954758576; 52025.4915100177; 49400.39; 6046.02
547; 0.164148766573641; 52326.1572467695; 49589.44; 6133.58
548; 0.159977358058957; 52785.6735263628; 50065.48; 6250.24
549; 0.159893758839396; 53065.0357182026; 50321; 6302.83
550; 0.155708286411268; 53335.4621191908; 50631.34; 6372.71
551; 0.15549278866229; 53653.6837969911; 50941.36; 6395.47
552; 0.155000608532535; 54097.5156417247; 51381.82; 6418.3
553; 0.155729713306312; 54397.5091559079; 51642.05; 6476.44
554; 0.154706153012557; 54715.1380578373; 51958.5; 6516.52
555; 0.148203602171363; 55092.8404360565; 52472.31; 6461.05
556; 0.149822498569146; 55415.8157240029; 52774.37; 6436.57
557; 0.149466644119354; 55764.4603347515; 53127.07; 6436.47
558; 0.14960530774797; 56278.6553330739; 53628.3; 6456.57
559; 0.149612551045727; 56653.5053411942; 53982.54; 6500.87
560; 0.148349459454129; 57041.5645962157; 54374.65; 6540.64
561; 0.146439906542859; 57763.3052881047; 55113.13; 6578.83
562; 0.1455610191757; 58258.9851227135; 55594.48; 6648.59
563; 0.146420292455541; 58822.699802437; 56111.99; 6718.72
564; 0.145121837017235; 59628.9337291253; 56872.57; 6887.39
565; 0.144367955332028; 60148.5314501622; 57392.16; 6918.28
566; 0.144300610724418; 60670.9004336466; 57887.77; 6983.55
567; 0.139970032361433; 61309.8631911019; 58581.27; 7053.7
568; 0.137743876117532; 61613.7526158384; 58892.28; 7144.09
569; 0.137078265547426; 61784.728379992; 59048.64; 7212.18
570; 0.136988083114018; 61927.8970531645; 59201.32; 7186.7
571; 0.136426528223344; 61903.7596710651; 59179.33; 7205.05
572; 0.136342829813077; 61840.8641557023; 59136.17; 7151.54
573; 0.135457368972953; 61595.8872837738; 58913.77; 7132.5
574; 0.135994816078661; 61393.7240051916; 58730.17; 7049.31
575; 0.133496736031821; 61015.2583466096; 58409.27; 7020.39
576; 0.132656330517991; 60842.907816339; 58286.82; 6924.21
577; 0.130864189021091; 60671.5582284044; 58156.17; 6901.91
578; 0.131797208532768; 60472.9619493133; 57942.19; 6889.6
579; 0.130699109954132; 60339.86213432; 57832.37; 6878.4
580; 0.127492025024936; 60192.3762429949; 57747.7; 6869.6
581; 0.126500460782309; 59982.4985017756; 57553.64; 6873.83
582; 0.123783915592642; 59837.1464777006; 57452.74; 6891.28
583; 0.123346902496041; 59732.7475975562; 57372.5; 6841
584; 0.126896919295589; 59681.4977548489; 57257.56; 6824.62
585; 0.129253561180469; 59653.0646914242; 57205.45; 6761.24
586; 0.12951320214407; 59600.427207633; 57145.37; 6763.8
587; 0.124044321764374; 59436.8725087732; 57079.59; 6776.52
588; 0.126279970136413; 59362.8977388722; 56937.13; 6845.66
589; 0.12559176713201; 59345.9085317601; 56955.2; 6779.63
590; 0.12464586138887; 59301.9393685944; 56919.06; 6804.44
591; 0.127808349589102; 59334.2374495695; 56871.59; 6853.91
592; 0.125539547024212; 59312.11906001; 56866.08; 6926.36
593; 0.126021110921667; 59372.9453431351; 56885.37; 7012.64
594; 0.126300155078504; 59434.7621286752; 56949.44; 6986.4
595; 0.128265433905529; 59675.9563766317; 57139.71; 7015.88
596; 0.127068368278708; 59881.282376288; 57370.84; 7005.49
597; 0.125000364711225; 60100.3832802799; 57620.87; 7029.2
598; 0.125990695068769; 60609.1433847658; 58084.9; 7095.26
599; 0.122780570686986; 60984.3814819338; 58524.45; 7090.77
600; 0.12079804439762; 61442.5269230445; 59020.31; 7092.14
601; 0.11800298226715; 62211.3912870335; 59811.73; 7187.95
602; 0.114949211190055; 62793.0052317294; 60413.01; 7313.98
603; 0.112222363495545; 63347.9805076744; 60992.44; 7410
604; 0.110770621374572; 64202.0602733689; 61857.75; 7466.56
605; 0.108888939111222; 64739.2396869553; 62404.92; 7558.6
606; 0.107205380706757; 65263.5682874343; 62931.49; 7665.24
607; 0.108333763705904; 65953.3437363772; 63575.16; 7730.63
608; 0.107285105317259; 66285.8388334478; 63913.77; 7781.35
609; 0.106453286104624; 66668.2487550239; 64286.44; 7869.52
610; 0.107397866422258; 66797.8138962957; 64387.2; 7889.79
611; 0.109271794573987; 66922.6675026648; 64454.87; 7933.77
612; 0.108409496222918; 66922.550111137; 64486.18; 7890.17
613; 0.110939902830839; 66891.7606487548; 64382.6; 7935.66
614; 0.109931716861919; 66721.8855731495; 64258.5; 7857.7
615; 0.108805855750009; 66363.1176643477; 63951.06; 7769
616; 0.111546646915669; 66114.1080309072; 63649.54; 7738.29
617; 0.112666012227973; 65613.685159024; 63191.8; 7524.48
618; 0.112858122928946; 65252.2646269515; 62865.79; 7397.46
619; 0.109083635940684; 64809.5513380487; 62524.5; 7324.23
620; 0.111264734731537; 64219.3733874498; 61903.74; 7272.85
621; 0.111646665113138; 63812.3827964104; 61522.57; 7163.5
622; 0.112461037839643; 63418.880464249; 61120.28; 7135.28
623; 0.112507020875669; 62857.146396607; 60595.35; 7014.78
624; 0.109274377413793; 62432.7383066228; 60252.71; 6957.84
625; 0.108118742848822; 61927.3259024559; 59771.23; 6951.65
626; 0.107473089236158; 61630.3003026416; 59483.48; 6959.96
627; 0.110114595262068; 61349.3140582848; 59165.07; 6908.27
628; 0.107632816723633; 60895.3633608509; 58794.21; 6795.41
629; 0.105300992732945; 60597.6825756627; 58562.43; 6724.97
630; 0.104940649332518; 60313.3362357628; 58288.09; 6711.82
631; 0.105099973108444; 59900.1061542821; 57859.83; 6748.49
632; 0.105260490709536; 59700.6531519158; 57682.5; 6662.28
633; 0.104795082013992; 59326.1562252153; 57342.16; 6575.79
634; 0.106541023248931; 59094.6960242737; 57084.01; 6552.04
635; 0.107966141683954; 58879.4039745645; 56861.14; 6486.39
636; 0.107548383544582; 58614.9998576979; 56610.25; 6464.46
637; 0.109481285494681; 58429.009983326; 56396.33; 6434.92
638; 0.110486693755292; 58293.8026548653; 56258.02; 6382.24
639; 0.108242031445547; 58011.2771417352; 56020.93; 6365.53
640; 0.107906665199327; 57815.4892322836; 55817.61; 6405.6
641; 0.105115436540323; 57471.8053295078; 55521.74; 6414.99
642; 0.103752876988625; 57248.345839838; 55345.1; 6339.9
643; 0.102513851960048; 57092.8184935606; 55211.6; 6339.15
644; 0.101623842255877; 56786.5310435711; 54932.43; 6299.39
645; 0.100184561514973; 56612.9583624935; 54787.8; 6287.41
646; 0.0996194917447769; 56345.2775313295; 54543.39; 6239.56
647; 0.0978810482093811; 56154.5842723996; 54402.96; 6170.73
648; 0.0988262652669241; 55981.2617189944; 54223.42; 6130.91
649; 0.103001910070688; 55810.7593108112; 53981.55; 6118.52
650; 0.102323019881269; 55685.8903320475; 53857.78; 6152.73
651; 0.101850651897703; 55499.4334963101; 53690.78; 6112.63
652; 0.103355429730424; 55370.234029008; 53508.46; 6197.48
653; 0.103622825795426; 55236.9271767957; 53373.85; 6182.75
654; 0.102076315134123; 55017.1860878157; 53197.75; 6126.54
655; 0.103612894078626; 54937.6817411722; 53072.59; 6184.61
656; 0.105748527239199; 54836.41770479; 52943.74; 6146.82
657; 0.104427872073151; 54756.5191315306; 52900.86; 6100.67
658; 0.103279060213304; 54661.5763735368; 52840.08; 6052.84
659; 0.105619074817964; 54579.9114936757; 52741.87; 5970.05
660; 0.0996813803214588; 54445.2375477961; 52729.32; 5902.95
661; 0.0993339735313694; 54318.2612124669; 52604.84; 5911.68
662; 0.101051297286109; 54265.2967474644; 52521.21; 5912.09
663; 0.0988122063562479; 54144.8566066076; 52451.09; 5868.51
664; 0.0978897773435052; 53963.4296082911; 52287.7; 5857.45
665; 0.0981432926765103; 53820.0860522107; 52132.9; 5880.01
666; 0.0941768491518953; 53589.6151536081; 51959.38; 5918.55
667; 0.0950820205076038; 53437.4952251185; 51781.68; 5952.26
668; 0.096916190991482; 53297.017843774; 51634.69; 5860.85
669; 0.0933965911001043; 53043.0368674362; 51450.2; 5825.24
670; 0.0936149878982125; 52897.284555007; 51293.57; 5849.09
671; 0.0953272492958692; 52704.1079532128; 51072.93; 5839.11
672; 0.0934187781410109; 52523.5437585989; 50919.86; 5854.67
673; 0.0917555891473572; 52361.1235519451; 50787.07; 5847.19
674; 0.0915941405032575; 52123.1595010979; 50579.53; 5741.04
675; 0.0869806684742935; 51875.5523476812; 50427.07; 5670.38
676; 0.0879374394559169; 51577.2909798626; 50091.77; 5749.54
677; 0.0882089582530402; 51363.7162969103; 49872.31; 5752.67
678; 0.0856752804759109; 50983.5514352608; 49530.92; 5766.75
679; 0.0851493386617113; 50752.7342103099; 49327.37; 5691.42
680; 0.0857006904964636; 50496.9817468335; 49070.42; 5657.7
681; 0.0884953582898484; 50132.0265073992; 48667.39; 5623.25
682; 0.0896396905169524; 49861.8671255224; 48374.21; 5636.53
683; 0.0906135867368108; 49545.5396761222; 48043.66; 5627.07
684; 0.091668853244041; 49330.1951814804; 47814.76; 5610.48
685; 0.0923522563464057; 48964.7412218453; 47448.75; 5568.84
686; 0.0949292413293597; 48713.4798615276; 47154.8; 5568.22
687; 0.092431425057723; 48425.1637046376; 46914.24; 5541.32
688; 0.0904088861793412; 48012.4881189401; 46556.39; 5457.75
689; 0.0869015292051037; 47741.1838090206; 46363.53; 5370.2
690; 0.0847614150198445; 47374.7006972686; 46046.68; 5305.36
691; 0.0848817565729689; 47119.9964997819; 45810.71; 5221.06
692; 0.0827980254057378; 46857.805072487; 45598.99; 5144.11
693; 0.0795961336512283; 46451.6519695758; 45273.63; 5005.64
694; 0.0777379374819028; 46200.9827463135; 45056.87; 4975.81
695; 0.0801657465802396; 45876.587246383; 44704.09; 4942.74
696; 0.082766971633243; 45663.3270674156; 44432.28; 5024.34
697; 0.0859222785533137; 45332.9544251336; 44035.44; 5098.84
698; 0.0877329003838645; 45079.9613184213; 43744.03; 5139.29
699; 0.0909693014051132; 44733.4425771383; 43359.07; 5097.07
700; 0.0946634201528469; 44555.0905734877; 43110.29; 5147.14
701; 0.0977893000643535; 44387.7374686238; 42902.64; 5120.03
702; 0.0981067175740711; 44049.8413253301; 42569.63; 5084.98
703; 0.0978146999249713; 43815.5131652037; 42344.57; 5066.69
704; 0.0975138868916364; 43505.0028637548; 42087.37; 4896.64
705; 0.0918698589988321; 43205.7088987185; 41885.5; 4838.37
706; 0.0884479741294473; 42871.2392808833; 41620.16; 4760.67
707; 0.087450596815331; 42659.2134333984; 41416.61; 4780.31
708; 0.0832481614413913; 42430.16820893; 41271.22; 4681.56
709; 0.0820103791877476; 42113.4068667666; 40978.27; 4652.88
710; 0.0829237567768285; 41913.3913399756; 40764.97; 4653.78
711; 0.0827613864634736; 41610.060741509; 40463.52; 4654.28
712; 0.0798377243351559; 41358.1898029758; 40255.7; 4638.36
713; 0.0825385241713087; 41094.1813309279; 39964.91; 4594.59
714; 0.0791706851735002; 40763.5779025718; 39680.95; 4591.35
715; 0.080222518984205; 40375.6422357993; 39286.31; 4557.68
716; 0.081263924462752; 40067.5465049013; 38975.93; 4507.33
717; 0.0792964489946374; 39725.3434922796; 38672.49; 4453.37
718; 0.0782630624962761; 39245.2345676395; 38238.07; 4314.65
719; 0.0756076533634631; 38878.0970571053; 37915.28; 4267.7
720; 0.0767182824872721; 38344.3963519782; 37379.7; 4212.45
721; 0.0825171954801379; 38063.8541316491; 37030.83; 4192.27
722; 0.0834756178989161; 37604.9586307516; 36569.84; 4151.01
723; 0.0808057888823132; 37267.3719112613; 36281.38; 4083.14
724; 0.0814491916875063; 36837.4882386743; 35846.8; 4068.68
725; 0.0803363290188532; 36596.4509193956; 35618.41; 4070.88
726; 0.0795604917781462; 36324.8253172882; 35362.68; 4042.28
727; 0.0806002977698598; 36218.0135273641; 35264.68; 3952.13
728; 0.0821429008239318; 36122.1175180826; 35147.92; 3961.44
729; 0.0812576763740368; 35995.2887632743; 35036.8; 3938.93
730; 0.0864147905062616; 35996.1126546442; 34982.23; 3916.83
731; 0.0885981583697584; 36028.1392475248; 34979.16; 3952.18
732; 0.0910336139920482; 36054.0287869241; 34973.38; 3962.08
733; 0.0900531228868552; 36065.564238451; 34983.99; 4008.15
734; 0.0925062091581322; 36055.792135662; 34934.58; 4044.48
735; 0.0918023922784033; 36021.0626721696; 34904.98; 4055.84
736; 0.0912749132364628; 35958.4154320439; 34849.66; 4051.37
737; 0.090810802215643; 35906.0316019332; 34798.35; 4066.75
738; 0.0929162385612903; 35853.1586505447; 34719.07; 4067.97
739; 0.0944180603798104; 35800.1888409518; 34662.43; 4014.73
740; 0.0931804948652688; 35723.8771699429; 34599.66; 4018.14
741; 0.0951571001666953; 35695.7378566906; 34559.08; 3976.86
742; 0.0916226155959278; 35670.7811468394; 34577.6; 3971.06
743; 0.0937493967722175; 35715.5191686924; 34597.75; 3966.91
744; 0.095620523016927; 35910.1827048499; 34756.32; 4013.5
745; 0.0962737565578047; 36081.1265932303; 34929.32; 3977.68
746; 0.0909531615730173; 36270.4804371722; 35180.48; 3982.95
747; 0.0877948146004306; 36426.6156369832; 35380.24; 3959.61
748; 0.0898293829880062; 36659.3025778581; 35579.02; 3993.96
749; 0.0922873458390718; 36755.3314108545; 35638.56; 4017.77
750; 0.0951185953148398; 36774.5222688017; 35621.81; 4022.63
751; 0.0966282457854857; 36703.0933495053; 35526.21; 4042.69
752; 0.0945998912505961; 36424.349505684; 35272.84; 4040.09
753; 0.0936903271401916; 36168.934364859; 35021.98; 4063.05
754; 0.0990721315108075; 35747.2204753377; 34535.94; 4057.58
755; 0.0973594717131367; 35348.7218496392; 34165.32; 4032.92
756; 0.0974266346269195; 34759.1371221982; 33598.04; 3953.07
757; 0.0943627689332813; 34362.3389972333; 33242.28; 3935.57
758; 0.0931826267533878; 33758.6069579239; 32670.12; 3871.5
759; 0.0924628238403886; 33353.7133600645; 32281.18; 3842.65
760; 0.0917720137898042; 32978.3454159067; 31924.78; 3801.32
761; 0.0904386104853978; 32390.4074931931; 31362.01; 3763.45
762; 0.0888328149776293; 32030.9820416683; 31037.12; 3701.07
763; 0.0924040745146133; 31575.369004323; 30554.28; 3654.01
764; 0.0903906407712044; 31254.9980073209; 30276.78; 3577.22
765; 0.09093459445726; 30809.8881073903; 29844.63; 3508.38
766; 0.0929554518513453; 30569.4572344464; 29592.35; 3473.91
767; 0.0926057591213292; 30164.2466260096; 29220.25; 3368.97
768; 0.0947684813648529; 29925.0711157589; 28985.12; 3278.08
769; 0.0979287183805603; 29568.6832732707; 28613.79; 3222.52
770; 0.0979976410673978; 29338.7552691805; 28396.16; 3178.58
771; 0.0964602460910615; 28976.9326209598; 28063.51; 3128.02
772; 0.0972482275687522; 28753.7583194609; 27824.41; 3155.48
773; 0.0973265072316432; 28425.6743249242; 27511.03; 3101.69
774; 0.0979833974401859; 28168.4249104184; 27250.38; 3090.89
775; 0.0958160593062175; 27835.3035417019; 26923.11; 3139.57
776; 0.0943306592242399; 27595.5083300849; 26692.28; 3156.47
777; 0.0951843181809841; 27277.8576535951; 26378.67; 3113.38
778; 0.0945512054865672; 27050.7100850022; 26156.79; 3114.98
779; 0.0953473210528546; 26728.1779366848; 25833.84; 3089.73
780; 0.0950950538756351; 26526.0053031962; 25644.18; 3053.81
781; 0.0990556676804569; 26286.5124035071; 25391.25; 2975.72
782; 0.0987817007104594; 26099.8909252407; 25220.98; 2928.73
783; 0.0968969981165374; 25782.0282352826; 24943.53; 2847.78
784; 0.0980180344003271; 25621.945362003; 24783.44; 2814.52
785; 0.0985542117194415; 25354.0135092135; 24512.17; 2809.55
786; 0.0969610077225519; 25170.8625481309; 24354.29; 2769.2
787; 0.0946933945739906; 24894.4015669827; 24111.29; 2718.46
788; 0.0905773526524841; 24676.7982740357; 23935.54; 2689.25
789; 0.0907032239188675; 24370.1970897486; 23629; 2684.53
790; 0.0940222590766314; 24202.6183297882; 23429.19; 2701.61
791; 0.0918767797785238; 23951.8135979041; 23215.9; 2629.93
792; 0.0946891611203669; 23783.1931163142; 23023.05; 2635.25
793; 0.0907759227372382; 23505.388351362; 22777.42; 2632
794; 0.097879674111087; 23375.8619560221; 22595.01; 2617.89
795; 0.102322292164491; 23158.5798478522; 22336.97; 2634.77
796; 0.110365234535497; 23010.831191412; 22112.83; 2669.71
797; 0.108884463266706; 22868.2933867921; 21984.92; 2661.85
798; 0.113262589493243; 22685.38656864; 21770.62; 2649.81
799; 0.115838041056805; 22554.5362353646; 21624.52; 2633.75
800; 0.112250084558814; 22325.6197216142; 21451.6; 2553.96
801; 0.111692532238685; 22158.1398153085; 21296.11; 2530.61
802; 0.107927287798501; 21928.6717381121; 21094.24; 2534.16
803; 0.106525580740026; 21776.3669676688; 20965.53; 2493.87
804; 0.107415169652753; 21573.4516399356; 20777.34; 2427.37
805; 0.10698626188614; 21417.9244937642; 20626.73; 2421.43
806; 0.108997609347508; 21209.8438658553; 20408.68; 2406.08
807; 0.10755475855363; 21051.4628582781; 20262.29; 2401.48
808; 0.109547628080828; 20858.6502614729; 20069.98; 2355.84
809; 0.115414754557289; 20756.143480732; 19935.88; 2325.21
810; 0.115896828335628; 20579.1009421461; 19758.37; 2316.34
811; 0.113734776462997; 20428.866577288; 19629.76; 2297.52
812; 0.110808771017165; 20216.4846211538; 19440.29; 2289.84
813; 0.109400519646196; 20089.7684338963; 19329.39; 2271.4
814; 0.107553663772384; 19936.6969475049; 19206.63; 2217.59
815; 0.109850400031853; 19846.7506218386; 19107.39; 2198.44
816; 0.107774932107733; 19669.2152652688; 18944.37; 2196.29
817; 0.105348681664091; 19490.6394819869; 18785.86; 2184.32
818; 0.105320511382806; 19383.8695016475; 18686.34; 2162.08
819; 0.109143111499612; 19183.005925847; 18460.03; 2162.05
820; 0.108814856841856; 19036.4781317303; 18313.57; 2167.88
821; 0.111295021633745; 18880.9593318832; 18130.17; 2200.68
822; 0.114720768831615; 18773.5868465612; 17998; 2204.84
823; 0.115431446260391; 18613.6672200172; 17836.87; 2194.12
824; 0.117425517187553; 18515.3542565665; 17730.5; 2178.67
825; 0.116426940880508; 18376.7725964675; 17610.23; 2146.02
826; 0.119698834500001; 18298.1549894844; 17535.63; 2076.42
827; 0.122605607894693; 18201.7685373732; 17428.2; 2056.75
828; 0.121365522551526; 18093.8535660324; 17337.68; 2031.24
829; 0.124953803771145; 17952.0881025108; 17185.3; 2000.41
830; 0.123087218155077; 17796.9500123269; 17061.23; 1948.34
831; 0.123852014484521; 17697.7803156704; 16971.77; 1909.83
832; 0.117508494500801; 17534.8359039902; 16860.01; 1870.11
833; 0.118422753013716; 17452.5624987114; 16770.25; 1875.35
834; 0.117810272044609; 17307.6662115384; 16645.37; 1828.97
835; 0.11956328584926; 17222.3970979832; 16549.23; 1831.26
836; 0.108167158079081; 17046.0325452543; 16453.14; 1782.35
837; 0.108101779579967; 16965.2650978041; 16379.07; 1763.51
838; 0.104166427968353; 16796.998553814; 16235.15; 1754.35
839; 0.106923582241837; 16658.4760084895; 16074.2; 1778.6
840; 0.106326750908745; 16562.2358440587; 15981.44; 1777.93
841; 0.105300151063051; 16440.6164536987; 15866.44; 1776.81
842; 0.105446026340888; 16355.7723610113; 15776.56; 1789.51
843; 0.108362204786792; 16234.2692378109; 15646.69; 1766.05
844; 0.112074971125495; 16155.8266703109; 15542.12; 1783.07
845; 0.113165893138905; 16008.9428448941; 15390.02; 1780.43
846; 0.111720688170267; 15935.8588938595; 15331.09; 1761.82
847; 0.108359583386562; 15809.9971535847; 15227.78; 1748.28
848; 0.112682364642784; 15685.5587232538; 15098.25; 1695.53
849; 0.109218027384184; 15579.3286047367; 15011.88; 1689.72
850; 0.109147993489536; 15415.0012653763; 14856.35; 1664.16
851; 0.113870761522725; 15323.1805707976; 14747.7; 1642.82
852; 0.115147285432787; 15188.8226106904; 14619.18; 1607.71
853; 0.114798987414353; 15079.3461001716; 14518.29; 1587.92
854; 0.118959466213914; 14902.6347632839; 14338.6; 1540.12
855; 0.120882695875317; 14726.2525305748; 14151.45; 1544.2
856; 0.119430026590485; 14602.8554229212; 14045.55; 1515.11
857; 0.11287966603715; 14424.1227849897; 13919.7; 1450.59
858; 0.116296846878624; 14350.7038691989; 13825.47; 1465.77
859; 0.115226703719423; 14175.7349893696; 13648.99; 1483.35
860; 0.121107393412134; 14094.0474040391; 13531.11; 1507.95
861; 0.121891816410222; 13961.2626296418; 13401.13; 1490.49
862; 0.121797305640776; 13836.3174963641; 13274.97; 1494.59
863; 0.124086338322707; 13733.3197166852; 13154.46; 1512.49
864; 0.128803053045075; 13570.4689498542; 12956.07; 1546.21
865; 0.132325282899052; 13450.7391286991; 12824.65; 1533.39
866; 0.139262305068516; 13287.7127413294; 12635.79; 1516.83
867; 0.132343929856523; 13052.3808426685; 12433.88; 1513.95
868; 0.130169875153608; 12889.4949747391; 12293.84; 1482.09
869; 0.128432292413981; 12635.6230472615; 12058.37; 1455.45
870; 0.127745858906078; 12458.1745188943; 11894.82; 1427.76
871; 0.125598682738065; 12176.891771256; 11642.25; 1377.84
872; 0.128862495789846; 12017.1515838383; 11469.19; 1376.13
873; 0.122893317750606; 11741.8111699515; 11235.69; 1332.53
874; 0.122458076574929; 11498.418564056; 11012.1; 1284.65
875; 0.119316992870281; 11327.3555847502; 10866.29; 1249.76
876; 0.124431306079444; 11111.7466153255; 10645.77; 1210.92
877; 0.131659102175248; 10992.541346429; 10509.02; 1187.3
878; 0.134082836853745; 10819.5787727191; 10330.64; 1178.63
879; 0.135012214918339; 10668.7107319386; 10193.75; 1136.83
880; 0.134532975709663; 10582.0169162777; 10109.79; 1134.09
881; 0.141907038241869; 10474.2266104078; 9979.85; 1125.33
882; 0.145114768293148; 10394.4110852196; 9891.73; 1118.72
883; 0.139601842184957; 10283.3298053173; 9795.02; 1129.43
884; 0.14058933643616; 10178.2366444733; 9695.26; 1109.03
885; 0.137149571692103; 10116.0630300316; 9644.88; 1108.83
886; 0.132272957135568; 10040.3393242439; 9598.29; 1078.41
887; 0.132936895352381; 9982.71168930264; 9533.9; 1089.26
888; 0.123701989270487; 9882.98200338281; 9478.5; 1054.82
889; 0.124566187509819; 9854.32521471746; 9465.16; 1007.67
890; 0.131500381354658; 9845.073576232; 9433.9; 1008.35
891; 0.13547052759; 9838.35494408776; 9408.11; 1024.03
892; 0.135216277130099; 9861.43597762432; 9432.88; 1021.76
893; 0.13498098870283; 9891.71780027286; 9463.6; 1022.36
894; 0.120159821462898; 9941.50449468713; 9551.22; 1046.8
895; 0.128700442883713; 10032.5762489315; 9605.56; 1069.14
896; 0.127696845069883; 10161.9865841555; 9731.54; 1086.02
897; 0.12835897979367; 10264.5432481787; 9819.83; 1116.08
898; 0.119926731230133; 10428.569151578; 10007.83; 1129.97
899; 0.118491338428024; 10620.8563217166; 10203.23; 1135.01
900; 0.117608775518155; 10733.4539437316; 10302.21; 1180.62
901; 0.125640379235248; 10886.7787863081; 10410.07; 1221.5
902; 0.123003856175491; 10980.2914821329; 10506.52; 1239.79
903; 0.125136334898562; 11043.6371029401; 10552.68; 1262.66
904; 0.135078560613055; 11092.1831538454; 10574.7; 1232.72
905; 0.140897322659901; 11088.7693602389; 10548.03; 1234.76
906; 0.142386489746082; 11017.7570728326; 10477.21; 1221.21
907; 0.146267627706769; 10892.0129193527; 10347.55; 1197.22
908; 0.146731793131087; 10787.8032640266; 10275.37; 1123.04
909; 0.142737472261811; 10584.2255058227; 10095.42; 1101.09
910; 0.139623284815403; 10314.0536863226; 9857.05; 1052.24
911; 0.131655377659751; 10084.0135278201; 9654.96; 1047.5
912; 0.126496374279476; 9739.31356048314; 9338.38; 1018.6
913; 0.129842658610935; 9493.8350187642; 9092.46; 993.31
914; 0.124438311388191; 9100.07354567306; 8733.46; 946.53
915; 0.126739825848031; 8718.17150321127; 8353.23; 924.95
916; 0.125199637476437; 8468.06759342135; 8121.34; 889.45
917; 0.128723972700933; 8101.41514160396; 7752.42; 870.64
918; 0.123736268737224; 7776.2634052367; 7459.75; 821.3
919; 0.121052690470047; 7566.35075219015; 7264.7; 799.98
920; 0.125269826347843; 7288.44656519068; 6995.79; 749.9
921; 0.13844090028352; 7034.96292501673; 6721.88; 725.82
922; 0.139362580091292; 6851.00018413225; 6539.28; 717.81
923; 0.137402205614716; 6584.89547111499; 6288.76; 691.56
924; 0.140132199965616; 6437.95250752882; 6145.76; 668.97
925; 0.139933825106439; 6177.96527555737; 5898.34; 641.02
926; 0.151261553978764; 5942.94974001189; 5662.37; 594.98
927; 0.140071484446689; 5775.8311300355; 5522.49; 580.06
928; 0.130022505355313; 5541.81792854191; 5315.76; 557.52
929; 0.122402424974816; 5288.8549721282; 5094.54; 509
930; 0.125116187952599; 5115.2920805294; 4918.46; 504.36
931; 0.129962047231247; 4813.99799505478; 4620.77; 476.6
932; 0.135720840468919; 4493.49543560019; 4308.68; 436.45
933; 0.131038165110747; 4233.82259765593; 4066.76; 408.57
934; 0.14365479637093; 3842.30581003243; 3675.65; 371.73
935; 0.137825611666852; 3397.73329301769; 3254.36; 333.29
936; 0.145311124779162; 3108.98931660435; 2974.81; 295.81
937; 0.148290273681383; 2679.9768761453; 2559.82; 259.54
938; 0.177903459374988; 2298.77299697329; 2188.07; 199.29
939; 0.174689306070756; 2059.55033600041; 1968.44; 167.02
940; 0.190898380138512; 1787.69493669974; 1694.3; 156.65
941; 0.177906086009261; 1567.86712971907; 1492.72; 135.23
942; 0.1877027941308; 1463.62250413917; 1387.37; 130.04
943; 0.168517273227327; 1356.35055256567; 1286.69; 132.31
944; 0.16190700158342; 1310.21065607804; 1244.67; 129.55
945; 0.130357904374569; 1300.97878802322; 1249.62; 126.07
946; 0.10129583663438; 1317.97588911899; 1278.41; 124.97
947; 0.12407033738202; 1362.93468772148; 1312.83; 129.19
948; 0.133090921085829; 1405.47219866938; 1348.84; 136.11
949; 0.153099242219336; 1483.46633197268; 1415.09; 142.84
950; 0.180894280231903; 1575.42221220543; 1490.69; 149.79
951; 0.175060679790516; 1634.74308034379; 1540.43; 172.26
952; 0.178247164841658; 1722.61522746872; 1616.44; 190.44
953; 0.188345281055181; 1817.10123915738; 1698.68; 200.99
954; 0.186784756680272; 1882.30015728405; 1761.94; 205.96
955; 0.16413414901666; 1966.63500073433; 1851.17; 224.82
956; 0.15864815551161; 2051.7398581419; 1937.02; 231.07
957; 0.149662661699118; 2105.35656708338; 1996.3; 232.82
958; 0.133730507612795; 2181.84121741473; 2090.68; 217.78
959; 0.151594239195839; 2260.81697442522; 2161.75; 208.75
960; 0.137866574640803; 2294.98224408949; 2195.68; 230.05
961; 0.149914161712912; 2349.0479619669; 2242.09; 227.85
962; 0.141288520594574; 2387.03359222715; 2286.61; 226.96
963; 0.147847264616083; 2413.71544999043; 2305.87; 232.89
964; 0.139169564936932; 2436.81497661931; 2338.55; 225.41
965; 0.146491780116721; 2452.86648612504; 2344.92; 235.21
966; 0.11893395145181; 2463.08173087782; 2370.41; 248.69
967; 0.131383896053734; 2477.68014640622; 2385.29; 224.41
968; 0.118121553035449; 2480.59544089062; 2395.91; 228.76
969; 0.133617401679101; 2488.55308439216; 2396.97; 218.68
970; 0.127163305121769; 2484.57414679326; 2398.3; 216.43
971; 0.141930993360112; 2488.81914330555; 2389.14; 224.01
972; 0.167900740365701; 2496.24800503601; 2381.04; 218.84
973; 0.194953601654492; 2492.3996539787; 2367.5; 204.3
974; 0.178342702435635; 2472.49354531008; 2349.98; 219.04
975; 0.180394072865525; 2461.48336588712; 2340.69; 213.48
976; 0.182772107465215; 2452.46203808394; 2329.67; 214.16
977; 0.175345380417276; 2431.49473536578; 2314.39; 212.87
978; 0.150003279601274; 2394.45484218335; 2293; 215.55
979; 0.121921749208314; 2357.02961373147; 2270.94; 225.01
980; 0.104275313768168; 2326.35108547429; 2253.53; 222.51
981; 0.122598806196396; 2295.92811896924; 2211.65; 219
982; 0.125117035669611; 2254.74207329938; 2166.45; 224.79
983; 0.125361035864695; 2226.30512992097; 2136.66; 227.76
984; 0.108770056359253; 2182.17535568093; 2107.27; 219.31
985; 0.120874134183787; 2149.18391379628; 2067.62; 214.87
986; 0.119023521952434; 2115.14239086662; 2036.48; 210.42
987; 0.136363288338445; 2100.37457218563; 2005.72; 220.98
988; 0.107049340881244; 2056.04762446542; 1984.27; 213.43
989; 0.102943539652962; 2021.71067974757; 1952.57; 213.76
990; 0.099571104891727; 1995.61200631864; 1930.05; 209.54
991; 0.128341783514258; 1969.11165170491; 1880.21; 220.41
992; 0.131558514154421; 1932.73949348427; 1848.35; 204.08
993; 0.157981433136741; 1902.23940432223; 1804.62; 196.57
994; 0.160188591523147; 1879.45571534876; 1785.01; 187.54
995; 0.177799709727452; 1849.17905507214; 1738.71; 197.61
996; 0.216883706147843; 1824.24759427228; 1698.8; 183.94
997; 0.231576706813915; 1787.28913443627; 1659.01; 176.14
998; 0.234807597624094; 1752.99188979282; 1637.37; 156.56
999; 0.229478274883336; 1715.75045316861; 1600.11; 160.2
1000; 0.209219420756303; 1662.08967219811; 1558.01; 158.13
1001; 0.178952198560052; 1626.4282197257; 1537.83; 157.36
1002; 0.192619994492272; 1596.90174354239; 1513.64; 137.37
1003; 0.128774270513865; 1538.64453237088; 1482.74; 137.95
1004; 0.0987532642365504; 1497.73797910536; 1458.8; 125.28
1005; 0.0846002297059141; 1473.12151006361; 1439.4; 126.63
1006; 0.0998744496245131; 1443.96281843598; 1403.8; 127.74
1007; 0.111901666234904; 1418.40949189676; 1377.82; 115.21
1008; 0.127709984047132; 1384.67134319576; 1336.17; 120.61
1009; 0.123704816323394; 1355.76010437791; 1307.77; 123.19
1010; 0.155449599575024; 1328.97145560923; 1274.54; 111.18
1011; 0.139722323017758; 1294.40254360263; 1243.99; 114.55
1012; 0.147869429627713; 1264.12049418698; 1208.87; 118.61
1013; 0.127024377568617; 1236.77217728085; 1190.37; 115.95
1014; 0.0976359411399768; 1197.90184749056; 1163.01; 113.42
1015; 0.129413930924582; 1185.56671424362; 1137.11; 118.82
1016; 0.113406882491976; 1153.2440095231; 1113.5; 111.2
1017; 0.116648147107135; 1136.06703589744; 1094.83; 112.16
1018; 0.135894014978259; 1110.15499611238; 1066.64; 101.58
1019; 0.122275152467722; 1080.08072300477; 1043.81; 94.09
1020; 0.12901859042135; 1054.56123542231; 1015.07; 97.08
1021; 0.124824420510527; 1032.12820484851; 986.98; 114.7
1022; 0.11337055413781; 999.506427277361; 965.88; 94.05
1023; 0.116522938285128; 968.73424485006; 931.74; 100.66
1024; 0.10057711043426; 939.172884488846; 909.96; 92.08
1025; 0.133462587703274; 932.450793534865; 889.66; 101.63
1026; 0.156903654405343; 913.230473908208; 858.31; 110.94
1027; 0.20461904706119; 893.057086522558; 822.79; 108.83
1028; 0.197721762088367; 870.595726341626; 812.16; 93.65
1029; 0.178959904942919; 846.643983002102; 790.63; 99.17
1030; 0.170422694346975; 824.168145384002; 774.07; 93.13
1031; 0.177866152139705; 810.03944770324; 765.45; 79.41
1032; 0.207230106488462; 791.327575233365; 747.55; 66.91
1033; 0.190734705409176; 769.385936913433; 731.51; 62.89
1034; 0.138361178213161; 756.051791328601; 729.22; 61.41
1035; 0.1653786397612; 738.676207110172; 712.65; 49.83
1036; 0.259734864244175; 730.994615763629; 692.97; 46.35
1037; 0.272016758377657; 720.89042996376; 674.92; 53.5
1038; 0.243892249475177; 707.016574062907; 662.79; 57.4
1039; 0.330255099013736; 671.453718219174; 596.18; 72.14
1040; -0.0632228720835015; 674.014711205375; 690.97; 84.87
1041; 0.373818670439408; 668.892658578653; 731.93; -53.36
