# 16/03/2019 14:09:55
# NanoCalc data
# Original file name: C:\SVA_DATA\StudentProjects\2018_Nathan\PS_160319\PSswelling_16_03_19_393.dat
# Fit Result : Fitness; Thickness 1; Thickness 2; Thickness 3 
# Fit Result : 18.265300363997; 2; 62.5; -1
# comment:PS id: 348 slowslow swelling at 13:07
#
# WaveLength; Reflectance; Raw Intensity; Dark Intensity; Reference Intensity
400; 0.398310264779415; 4538.04860284751; 4128.73; 498.3
401; 0.406413803508414; 4695.05332712034; 4281.21; 491.63
402; 0.401356194687352; 4799.36326010104; 4392.47; 487.32
403; 0.425660740704704; 4928.12570564796; 4494.68; 487.45
404; 0.406677367758298; 5030.51994421991; 4615.44; 486.53
405; 0.40638456309945; 5221.54810178649; 4790.2; 504
406; 0.402964197211951; 5341.96391731532; 4891.23; 529.04
407; 0.408702754138452; 5473.27938799214; 5004.66; 540.18
408; 0.386590651590357; 5575.99680063026; 5101.67; 575.74
409; 0.36880793448987; 5683.96112160768; 5219.95; 588.19
410; 0.366979206999619; 5850.07265142866; 5376.23; 601.39
411; 0.351761072101362; 5941.89103063167; 5472.62; 619.16
412; 0.363711810740556; 6052.13041388004; 5572.99; 609.24
413; 0.351924982774451; 6123.90683911375; 5656.11; 612.69
414; 0.343905112079351; 6257.33075606832; 5797.98; 613.59
415; 0.336046945232902; 6344.65365419528; 5886.56; 624.16
416; 0.321888433892144; 6411.89977390202; 5971.21; 624.77
417; 0.322238044993279; 6512.92495523229; 6067.74; 628.37
418; 0.326177682885366; 6656.08734733932; 6202.36; 630.58
419; 0.327776757339724; 6772.03256347703; 6310.91; 635.83
420; 0.321263639543812; 6880.46162457048; 6423.12; 641.48
421; 0.323737682611149; 7017.41093746091; 6553.44; 643.92
422; 0.335511463162355; 7213.19931880928; 6719.62; 659.04
423; 0.333534454426644; 7341.92593758066; 6825.99; 690.92
424; 0.340943433968726; 7502.1562757652; 6954.73; 715.03
425; 0.342807966875999; 7658.52064391796; 7100.68; 722.7
426; 0.337080813991987; 7887.86315524552; 7291.52; 783.57
427; 0.334659804536437; 8050.58218743974; 7441.53; 803.85
428; 0.329780844677783; 8205.28078959388; 7580.19; 834.93
429; 0.328573577794219; 8353.83988361169; 7715.94; 853.06
430; 0.317877928776579; 8584.48260078805; 7945.72; 880.75
431; 0.307570307767289; 8728.70263980312; 8084.29; 916.06
432; 0.31756059376169; 8861.85543582311; 8199.59; 909.55
433; 0.296569768496086; 8955.82713219041; 8310.91; 946.14
434; 0.29521418747642; 9136.767028521; 8484.39; 959.16
435; 0.280962127172201; 9223.74083305284; 8602.52; 957.61
436; 0.277582419921577; 9308.07196966933; 8688.3; 964.91
437; 0.268048087162554; 9414.01999987312; 8807.31; 975.92
438; 0.260387783775769; 9566.69579189557; 8973.36; 980.21
439; 0.257533874403759; 9658.49988612069; 9055.15; 1005.5
440; 0.246134361580747; 9751.01054562903; 9166.34; 1017.16
441; 0.240530399057113; 9861.23777166178; 9282.43; 1028.13
442; 0.241207196970765; 10040.7401650806; 9458.75; 1028.56
443; 0.234274078679858; 10138.9239089042; 9583.99; 1007.55
444; 0.223941953747057; 10282.3468300664; 9747.02; 1014.57
445; 0.226737703120047; 10429.1598341904; 9884.78; 1016.71
446; 0.219555082348336; 10613.1671499966; 10083.61; 1019.05
447; 0.214196105209251; 10790.6380830885; 10250.15; 1063.82
448; 0.208727479021795; 10972.573989929; 10438.6; 1076.19
449; 0.203890655352914; 11267.3172813305; 10729.27; 1107.78
450; 0.200456497842915; 11463.6185679701; 10918.08; 1140
451; 0.198999453684314; 11666.1199947686; 11119.59; 1148.12
452; 0.196620438075008; 11872.2348622632; 11317.34; 1177.39
453; 0.188490808849157; 12206.8628454823; 11649.5; 1231.2
454; 0.186117617304065; 12468.4505572427; 11910.85; 1244.96
455; 0.176402987050673; 12678.7044330368; 12145.22; 1254.26
456; 0.167729028523136; 12909.2537760914; 12401.32; 1253.51
457; 0.144893084369551; 13229.1335113207; 12779.62; 1281.75
458; 0.1312386027314; 13481.7219754461; 13057.99; 1331.39
459; 0.135712301591501; 13746.0227224629; 13298.95; 1355.89
460; 0.119267788223889; 13966.8846327479; 13561.85; 1395.15
461; 0.108332003654131; 14304.0408561459; 13933.24; 1403.55
462; 0.108696531685405; 14522.5522877218; 14137.18; 1451.1
463; 0.101380636359882; 14715.2507701059; 14347.89; 1480.41
464; 0.0985109781804045; 15066.5134115751; 14697.65; 1526.98
465; 0.10021081756135; 15326.2223514679; 14948.09; 1536.14
466; 0.0895670242720318; 15558.901450759; 15217.68; 1548.2
467; 0.0802635254725852; 15798.81707764; 15491.31; 1554.34
468; 0.0774660100216081; 16313.3404091146; 16005.76; 1608.14
469; 0.0700659058556259; 16647.5681924389; 16367.5; 1616.28
470; 0.0698380994491904; 17012.6464134685; 16726.43; 1654.44
471; 0.0701038092551183; 17452.9440927369; 17152.92; 1724.85
472; 0.0604858463719186; 18121.3880445313; 17848.48; 1815.49
473; 0.052825849979071; 18583.0846093245; 18337.26; 1869.44
474; 0.0512931779127299; 19103.2763223289; 18857.85; 1919.08
475; 0.0478260775679048; 19987.9202068541; 19747.25; 2015.09
476; 0.043917066750296; 20558.0700936559; 20330.81; 2068.81
477; 0.0379572739227614; 21201.8685034982; 21002.14; 2100.32
478; 0.0359718744953531; 21947.5215921783; 21749.8; 2190.43
479; 0.0234131831753249; 22989.1423472517; 22855.75; 2266.9
480; 0.0213614324740919; 23768.6199969186; 23642.88; 2338.44
481; 0.0202667690767906; 24508.7949928762; 24387.3; 2377.96
482; 0.0168444691473617; 25673.2069114103; 25566.6; 2506.71
483; 0.0114938739961832; 26433.3159487961; 26359.04; 2555.76
484; 0.0135123882521163; 27222.0425518164; 27132.3; 2622.74
485; 0.00912591221741006; 27966.6760671374; 27904.38; 2691.67
486; 0.0149023716686245; 28998.2360183773; 28891.56; 2818.29
487; 0.0158961070406499; 29675.2883385252; 29557.13; 2922.08
488; 0.0125998366773307; 30322.8412190292; 30228.25; 2946.77
489; 0.0101424529792129; 30905.9679010476; 30828.85; 2980.24
490; 0.00669237487196446; 31727.4954263914; 31675.19; 3059.02
491; 0.00540283931975649; 32244.5476664887; 32202.1; 3071.01
492; 0.00626389849738256; 32732.5369593546; 32681.91; 3155.14
493; 0.00836119872328411; 33435.7059671219; 33367.32; 3188.82
494; 0.00731761481759663; 33866.7558713693; 33806.15; 3225.04
495; 0.0049953810225768; 34278.6961804784; 34237.31; 3222.06
496; -0.000834199922611312; 34802.2010011827; 34809.18; 3249.64
497; 0.000927267648016628; 35179.3087914412; 35171.51; 3262.86
498; 0.00531999098931323; 35574.379687742; 35529.07; 3300.04
499; 0.00525931069926945; 36002.1534176507; 35957.07; 3317.25
500; 0.0139065986541635; 36575.5936391057; 36455.96; 3324.93
501; 0.0142270858153569; 36944.5448613165; 36819.54; 3391.56
502; 0.0122911949141578; 37285.0653146325; 37176.1; 3417.51
503; 0.0154568630696817; 37806.5869035088; 37664.75; 3532.88
504; 0.0192135437721847; 38254.9628926095; 38078.63; 3528.83
505; 0.0241146863811015; 38720.7386554672; 38492.74; 3631.1
506; 0.0231070185806906; 39158.640874242; 38939.42; 3639.21
507; 0.0284298972757001; 39815.1297798758; 39542.79; 3670.33
508; 0.0274321570108242; 40244.4998462851; 39980.31; 3685.74
509; 0.0266490088107556; 40691.4140986134; 40433.11; 3705.42
510; 0.0274786322032361; 41378.085631522; 41112.62; 3688.99
511; 0.0318275420608537; 41881.3316160257; 41570.54; 3724.49
512; 0.0392037943234236; 42400.5182703194; 42009.35; 3801.38
513; 0.0476817418567446; 43133.0700767472; 42653.8; 3825.15
514; 0.0553355852023553; 43657.3887946174; 43089.63; 3900.16
515; 0.0578280777167416; 44171.1518743968; 43574.42; 3918.1
516; 0.0636387998068088; 44628.2590495546; 43959.13; 3987.71
517; 0.0761378445498881; 45432.2682675286; 44608.66; 4097.84
518; 0.079872958864778; 45980.578154261; 45093.66; 4201.72
519; 0.0850970606682065; 46541.0061760218; 45585.82; 4242.52
520; 0.0868872908850487; 47330.5512212361; 46354.32; 4241.93
521; 0.08976693417529; 47849.5066898268; 46836.25; 4257.03
522; 0.0886975580813896; 48302.7828825484; 47290.23; 4300.76
523; 0.0918895443584879; 49030.0793849142; 47955.64; 4400.48
524; 0.0922931519184512; 49564.2921054938; 48473.51; 4443.21
525; 0.0979764802268149; 50082.9003095409; 48920.91; 4454.13
526; 0.104060319869031; 50779.5678978459; 49544.96; 4451.22
527; 0.103149509628766; 51150.8406381933; 49917.2; 4482.6
528; 0.110500353170403; 51577.2070088401; 50237.52; 4539.52
529; 0.11101402550129; 51914.8366468252; 50576.77; 4508.6
530; 0.120695034055529; 52456.3041463945; 50993.65; 4528.72
531; 0.124825145256293; 52714.6419066607; 51174.87; 4605.53
532; 0.129073653699749; 52962.9783656728; 51347.43; 4668.84
533; 0.136496291601465; 53320.3485899126; 51578.11; 4756.79
534; 0.136630596630525; 53479.1645609337; 51722.03; 4788.33
535; 0.142101606851665; 53732.8028801283; 51885.84; 4834.27
536; 0.152116349344595; 54076.6465076321; 52097.07; 4835.29
537; 0.151353325616121; 54271.5670464123; 52264.71; 4921.33
538; 0.151995658448671; 54465.7016412558; 52444.34; 4930.62
539; 0.158915968946866; 54882.1886281237; 52766.82; 4930.26
540; 0.163812545409277; 55139.695321953; 52950.34; 4945.18
541; 0.165850507678854; 55400.3307118845; 53157.19; 5000.24
542; 0.175235233258786; 55862.4045019982; 53506.74; 4965.7
543; 0.181143908280661; 56156.3128826748; 53737.46; 4928.71
544; 0.18684783829777; 56499.4422453094; 54002.84; 4927.96
545; 0.197293620976134; 57046.2537814221; 54398.29; 4945.97
546; 0.203693512276681; 57424.749214374; 54667.39; 4984.42
547; 0.209303596597803; 57777.0221627884; 54963; 4946.21
548; 0.215000419130346; 58377.4663995052; 55485.77; 4943.89
549; 0.217067547089448; 58699.6506494331; 55780.6; 4938.83
550; 0.217131458753103; 59028.7026389509; 56082.81; 4978.56
551; 0.220335910538573; 59430.3575045846; 56442.1; 4972.49
552; 0.224164625260124; 59958.9249448718; 56912.56; 4978.37
553; 0.227926075937084; 60272.3722749569; 57170.85; 4980.75
554; 0.229460064768953; 60622.6522708572; 57462.94; 5035.98
555; 0.231649628091768; 61153.2241051345; 57899.63; 5132.21
556; 0.234006284605105; 61507.2812794409; 58218.74; 5130.57
557; 0.232582508562001; 61839.9659419856; 58560.38; 5143.51
558; 0.237163950197554; 62469.9158200626; 59102.67; 5174.53
559; 0.238362194389632; 62920.071113634; 59482.74; 5251.16
560; 0.238800218644237; 63420.6967496127; 59907.96; 5351.9
561; 0.238128286366891; 64245.1597456942; 60680.51; 5441.76
562; 0.239222800069978; 64837.2039598449; 61275.73; 5407.36
563; 0.244262941206477; 65507.61848866; 61881.59; 5387.39
564; 0.250007226525832; 66535.3730331524; 62777.77; 5450.16
565; 0.251914066761612; 67158.2991193151; 63329.69; 5507.06
566; 0.255680007737925; 67795.7339444819; 63858.49; 5575.79
567; 0.250231805352085; 68510.5406692089; 64591.04; 5667.63
568; 0.250101505225022; 68851.0599341058; 64947.29; 5643.95
569; 0.249186456409406; 69057.1628493891; 65185.62; 5613.9
570; 0.248105396641813; 69203.9533703624; 65338.74; 5625.12
571; 0.246636091738107; 69194.9592959974; 65313.57; 5677.94
572; 0.242545101654262; 69116.0713722664; 65256.1; 5737.27
573; 0.244964233133576; 68883.1427329857; 65014.32; 5689.09
574; 0.245658362055902; 68642.8076353317; 64809.91; 5615.69
575; 0.251458861215123; 68351.9440572241; 64479.72; 5538
576; 0.252508672006598; 68218.1826238012; 64344.84; 5512.29
577; 0.254371725640343; 68111.4946191656; 64163.52; 5573.02
578; 0.26192781922624; 67963.375671782; 63925.39; 5531.34
579; 0.261346913609424; 67807.8082362322; 63786.68; 5516.34
580; 0.265565340022356; 67696.0254988893; 63688.94; 5405.68
581; 0.267937496091755; 67550.1314096518; 63511.61; 5396.07
582; 0.267380180683906; 67442.8368176297; 63395.76; 5414.97
583; 0.269411230026501; 67388.9468904993; 63297.12; 5429.9
584; 0.273462758455195; 67294.8766027815; 63141.9; 5425.87
585; 0.278184592542926; 67266.7213304791; 63062.85; 5395.63
586; 0.282456378298787; 67217.2306116215; 62944.34; 5397.76
587; 0.283943863142449; 67117.8294365737; 62792.76; 5431.66
588; 0.283307564241081; 67016.8982339283; 62654.36; 5487.59
589; 0.28434815215443; 66974.5345930873; 62566.82; 5520.82
590; 0.288263610627694; 66996.7010266792; 62512.58; 5536.76
591; 0.286882760609555; 66983.6190299908; 62505.81; 5552.09
592; 0.287779866683553; 67027.6312530564; 62513.67; 5575.96
593; 0.291439009326758; 67154.1476268567; 62611.92; 5536.94
594; 0.287068772616579; 67198.701634342; 62693.31; 5572.13
595; 0.28551393155305; 67454.4766235603; 62989.14; 5549.16
596; 0.285148976767084; 67701.8257958641; 63234.76; 5554.9
597; 0.282941712621045; 68019.3353168963; 63610.07; 5522.3
598; 0.282177624261163; 68591.328982911; 64126.97; 5602.89
599; 0.282003364638581; 69044.1527407302; 64545.09; 5646.35
600; 0.280777138800604; 69572.0276568865; 65063.58; 5679.23
601; 0.277773115344175; 70496.3869243453; 65916.6; 5827.78
602; 0.280453195814399; 71268.4466006296; 66585.74; 5898.21
603; 0.283132579463648; 72005.4340045866; 67192.33; 6001.26
604; 0.286167864689042; 73101.0152357007; 68063.31; 6210.72
605; 0.291535334341889; 73809.0154014801; 68568.75; 6337.63
606; 0.294092791500372; 74505.1553799978; 69197.15; 6359.84
607; 0.297711283964389; 75322.498656308; 69914.96; 6396.43
608; 0.298854694411919; 75767.8692728561; 70317.9; 6418.02
609; 0.297246452391881; 76196.3757178966; 70777.29; 6412.24
610; 0.297868529404423; 76368.7257047131; 70888.42; 6467.16
611; 0.295628858793988; 76451.6302924598; 71003.56; 6474.02
612; 0.293167424448484; 76433.6389488075; 71007.29; 6498.34
613; 0.288573041856288; 76314.1326803079; 70998.27; 6463.39
614; 0.286710265075088; 76091.0443908581; 70832.33; 6431.65
615; 0.283023850365902; 75608.0190742665; 70445.1; 6392.96
616; 0.280666084839533; 75243.5182808173; 70072.58; 6452.68
617; 0.280188565516514; 74595.2371430001; 69438.15; 6442.73
618; 0.279655538899928; 74129.6521717006; 69078.18; 6319.07
619; 0.280975558593928; 73688.0230870764; 68627.06; 6297.82
620; 0.280624473358769; 72978.0918529524; 68049.15; 6137.91
621; 0.281483800680349; 72443.0204142052; 67566.24; 6051.33
622; 0.282056013142599; 71986.0795632701; 67148.78; 5987.11
623; 0.284368315286096; 71338.1933791581; 66516.87; 5915.96
624; 0.28729948074861; 70918.0255899482; 66173.83; 5759.15
625; 0.286926089868633; 70319.9048658259; 65647.4; 5676.76
626; 0.285546555546692; 69950.2715847947; 65330.01; 5637.68
627; 0.281780593936133; 69546.1253899765; 65052.88; 5553.44
628; 0.277868542834983; 68957.7103607372; 64518.76; 5560.88
629; 0.275397539884166; 68629.7891083023; 64241.88; 5543.73
630; 0.271778053472277; 68285.480629404; 63905.68; 5604.62
631; 0.272518476086709; 67849.4169663415; 63476.06; 5578.78
632; 0.270819970669878; 67530.1308449726; 63179.09; 5582.73
633; 0.272916931614798; 67083.1093663333; 62767.42; 5492.47
634; 0.273284719173944; 66776.5892695102; 62514; 5415.11
635; 0.276030761848362; 66504.2720074181; 62254.26; 5342.51
636; 0.278767875551477; 66171.604902717; 61987.01; 5205.79
637; 0.276726329800732; 65918.5838900822; 61764.54; 5202.77
638; 0.275915608395799; 65677.0651975741; 61555.63; 5173.97
639; 0.266252196772855; 65276.0954812484; 61337.24; 5121.28
640; 0.259600123542364; 65035.4017680669; 61186.77; 5129.09
641; 0.257049191143562; 64768.7521903294; 60926.44; 5168.8
642; 0.253074118821765; 64567.5745857073; 60738.15; 5229.66
643; 0.249414170744048; 64404.1421897576; 60655.06; 5192.52
644; 0.24596370135628; 64115.1561549528; 60375.33; 5249.78
645; 0.247489670360813; 63971.417167914; 60187.65; 5276.42
646; 0.247153768551885; 63704.5244231043; 59942.03; 5251.45
647; 0.250489030942843; 63559.3069032867; 59767.67; 5219.54
648; 0.251740169494874; 63388.7631888413; 59567.72; 5231.75
649; 0.247194866156502; 63091.3130112097; 59337.46; 5231.98
650; 0.249466588810631; 62954.3808738683; 59168.18; 5226.73
651; 0.245844236141335; 62710.9913483624; 58909.88; 5322.15
652; 0.246739638938619; 62570.4451199645; 58799.62; 5257.98
653; 0.241470849760371; 62362.2817296128; 58744.82; 5151.64
654; 0.236807016014612; 62146.8915842946; 58622.74; 5115.21
655; 0.233362355195618; 61990.3701100443; 58553.86; 5059.56
656; 0.230583720376633; 61777.8006639375; 58381.47; 5058.59
657; 0.230254757721107; 61660.9915411865; 58256.17; 5076.7
658; 0.230174352720949; 61542.8825441319; 58185.35; 5006.18
659; 0.231846468655865; 61382.5217925363; 58052.77; 4926.93
660; 0.230819862524978; 61241.9345763981; 57954.92; 4883.32
661; 0.23023403935505; 61062.6122003336; 57747.73; 4934.5
662; 0.234841343752957; 60988.6071568464; 57625.64; 4905.27
663; 0.236114395228413; 60887.5456939131; 57524.13; 4876.89
664; 0.234925275877074; 60725.0478110523; 57417.09; 4818.06
665; 0.236331020046289; 60631.3869846558; 57335.16; 4770.59
666; 0.230662401441902; 60403.4507931671; 57198.04; 4751.34
667; 0.227360244371313; 60268.9253494175; 57082.23; 4790.65
668; 0.223326969764328; 60065.0756131798; 56937.17; 4785.78
669; 0.221795871034599; 59843.6006106388; 56731.7; 4792.32
670; 0.220074624064423; 59692.3358590443; 56601.69; 4794.97
671; 0.214819759444725; 59412.7112390386; 56396.69; 4790.96
672; 0.213434866024261; 59242.493422309; 56255.13; 4773.54
673; 0.207388574253508; 59027.6210505679; 56121.1; 4776.93
674; 0.202940711745737; 58711.8359631027; 55860.44; 4786.34
675; 0.200485941102421; 58461.553358186; 55641.32; 4789.86
676; 0.201996420611766; 58129.7598777534; 55281.89; 4798.49
677; 0.198570727795741; 57823.9570882805; 55029.44; 4788.26
678; 0.196268713981244; 57389.1322656825; 54649.42; 4747.72
679; 0.199113275924709; 57137.3715569247; 54370.61; 4724.41
680; 0.195915286579099; 56781.2498777679; 54053.07; 4733.02
681; 0.193674117075114; 56258.1954552657; 53553.6; 4744.7
682; 0.192776535579278; 55908.4994714587; 53266; 4655.54
683; 0.195697668115148; 55514.624446254; 52864.11; 4598.17
684; 0.192819975340395; 55212.2917584324; 52608.7; 4582.53
685; 0.192087434200001; 54798.0366046104; 52237.34; 4522.46
686; 0.189589367367395; 54449.8197600048; 51913.98; 4535.94
687; 0.185306627527955; 54120.0266644946; 51649.53; 4519.43
688; 0.183803836759838; 53689.2510744377; 51295.5; 4413.25
689; 0.182545503426327; 53417.231771352; 51070.3; 4355.19
690; 0.177789808919852; 52976.6140218657; 50699.74; 4336.51
691; 0.17373551464116; 52619.0625929845; 50413.55; 4296.94
692; 0.172098617281126; 52321.6387839701; 50130.14; 4308.56
693; 0.170721804924179; 51896.1358885613; 49696.67; 4357.39
694; 0.169667926356325; 51639.7527477289; 49465.93; 4331.64
695; 0.171180801393922; 51234.8048411732; 49036.92; 4339.05
696; 0.170257037123524; 50962.1909587961; 48764.73; 4359.91
697; 0.169869951056477; 50574.3781717331; 48370.16; 4381.3
698; 0.171995312655928; 50323.7816658839; 48079.54; 4403.87
699; 0.168567604604651; 49909.3623161119; 47719.76; 4382.3
700; 0.165652347434562; 49609.6019301056; 47469.65; 4356.59
701; 0.159043765422113; 49277.3747602086; 47257.62; 4281.45
702; 0.15197679061317; 48821.7465832229; 46910.58; 4238.24
703; 0.149582222451609; 48528.8878179139; 46677; 4171.26
704; 0.145680349084828; 48146.4536709956; 46395.78; 4047.67
705; 0.140694233032926; 47812.6484992576; 46117.47; 4056.66
706; 0.136589137435123; 47371.0693115144; 45748.44; 3998.29
707; 0.134085922540045; 47133.9770568778; 45565.62; 3935.03
708; 0.135286307086058; 46941.2804605739; 45404.96; 3818.82
709; 0.130649912832489; 46543.7323157243; 45067.9; 3797.26
710; 0.128120099079241; 46287.61300305; 44868.29; 3722.61
711; 0.126715291984893; 45926.594524979; 44507.27; 3763.08
712; 0.126513771541342; 45644.4594250455; 44234.63; 3743.06
713; 0.124093507342683; 45303.5762461076; 43956.65; 3645.02
714; 0.121485293106074; 44981.4689737595; 43673.52; 3614.87
715; 0.115942482290364; 44469.7704041362; 43250.26; 3530.39
716; 0.114482823319635; 44105.549675002; 42906.92; 3513.11
717; 0.115815772047743; 43747.2725795141; 42561.47; 3434.15
718; 0.113750205991317; 43139.333356759; 42001.83; 3352.76
719; 0.112353111438081; 42727.1015038144; 41637.91; 3248.89
720; 0.103746502428991; 42065.0457506804; 41084.95; 3164.74
721; 0.100812093089996; 41666.0891015094; 40719.31; 3144.99
722; 0.101922993658065; 41119.0583518425; 40173.84; 3104.44
723; 0.0996502970488693; 40739.3395765846; 39818.44; 3092.41
724; 0.092283431118107; 40203.2983817756; 39369.63; 3021.85
725; 0.0937242217358956; 39939.2438576601; 39089.54; 3031.51
726; 0.0914118603312929; 39641.5104024431; 38812.67; 3030.76
727; 0.0928103789991947; 39525.5404476331; 38667.46; 3089.26
728; 0.0924173156362031; 39391.301876773; 38526.57; 3125.39
729; 0.0896509340589761; 39250.5791564301; 38422.34; 3085.01
730; 0.0826673301994644; 39161.3518964442; 38393.37; 3101.36
731; 0.0825421160609014; 39157.091429603; 38393.25; 3089.03
732; 0.0802749502424062; 39155.3191871336; 38409.02; 3102.94
733; 0.077003135005098; 39170.1897654889; 38439.38; 3167.25
734; 0.075502375852081; 39106.1940085605; 38387.61; 3175.87
735; 0.0664723030212739; 38967.2021472146; 38341.94; 3138.05
736; 0.0622692891044744; 38866.909334041; 38288.17; 3099.75
737; 0.0625562488358944; 38780.9142859759; 38208.75; 3049.44
738; 0.0643879633015897; 38684.6116669245; 38099.45; 3028.96
739; 0.062464935387151; 38573.802418629; 38012.51; 2993.74
740; 0.0576237368659012; 38471.0136743369; 37957.1; 2970.22
741; 0.0554963907703758; 38384.9118108316; 37899.45; 2912.34
742; 0.0478499112963833; 38363.4876376015; 37944.75; 2912.58
743; 0.0493151052297769; 38439.318729807; 38010.17; 2895.32
744; 0.0522574563310386; 38630.0291252396; 38163.41; 2969.85
745; 0.0474633344295908; 38723.1118373967; 38302.58; 2945.77
746; 0.0425098304565307; 38968.3482100838; 38585.54; 2992.87
747; 0.0386726688231705; 39143.7945315336; 38793.08; 3012.89
748; 0.0393975758931109; 39380.8735466099; 39021.67; 3028
749; 0.0375376869025142; 39456.2674421036; 39113.75; 3029.55
750; 0.0412981978287981; 39453.6640068039; 39071.26; 3073.59
751; 0.0402399504523082; 39369.8070347075; 39000.42; 3046.95
752; 0.0352121450780163; 39107.3069787513; 38784.12; 3046.32
753; 0.038173854433574; 38884.3204544683; 38532.39; 3059.79
754; 0.0386268800311474; 38363.260964898; 38020.71; 2943.13
755; 0.0359226153465029; 37953.793346203; 37644.43; 2857.37
756; 0.0338522049378555; 37323.9811573498; 37039.5; 2787.47
757; 0.0311075555181663; 36883.3005913249; 36626.49; 2737.25
758; 0.0253880180384519; 36202.0005245455; 36000.14; 2635.2
759; 0.0235902865303519; 35770.9352758108; 35589.05; 2554.18
760; 0.0238722951370699; 35355.296354481; 35172.51; 2535.32
761; 0.018715277213533; 34741.1648376887; 34601.45; 2470.73
762; 0.0181942316197023; 34373.7291422467; 34239.72; 2436.55
763; 0.0191593726320606; 33816.8365587404; 33672.68; 2488
764; 0.027618763296701; 33513.035275453; 33303.74; 2504.89
765; 0.0256071262263479; 33007.0844710853; 32811.99; 2518.12
766; 0.0354398815417007; 32770.1652590043; 32495.94; 2557.21
767; 0.0297393574239238; 32310.5301022917; 32083.73; 2520.44
768; 0.0293388189262814; 32013.259021612; 31788.56; 2531.26
769; 0.0254143326233796; 31572.56633988; 31373.5; 2588.63
770; 0.0163889035976542; 31258.9941622018; 31131.83; 2564.12
771; 0.0188295106289686; 30910.7807662815; 30766.53; 2530.61
772; 0.0180830194130255; 30695.8353397701; 30557.52; 2525.62
773; 0.00693415952814775; 30302.0225737074; 30250.57; 2449.01
774; 0.000690415169202756; 30048.533219742; 30043.56; 2376.29
775; 0.000321119037205373; 29724.030770526; 29721.74; 2352.54
776; 0.00334444583546541; 29516.3538310957; 29492.76; 2325.58
777; 0.000435196863133346; 29156.8807316558; 29153.88; 2272.42
778; -0.00517712546273624; 28937.4478048954; 28972.74; 2246.02
779; -0.0089608799706582; 28579.0054675695; 28639.48; 2223.05
780; -0.00595083638563427; 28382.5960016135; 28422.74; 2221.57
781; -0.00248554146401981; 28073.7236103207; 28090.89; 2273.94
782; 0.00347168570737856; 27905.0040584907; 27881.21; 2256
783; 0.00095324448013271; 27541.9160463307; 27535.46; 2228.83
784; 0.00344369021845489; 27326.056990849; 27302.24; 2275.45
785; 0.0104625317804505; 27012.1433412251; 26940.17; 2262.64
786; 0.0126622498808242; 26791.0549122438; 26703.37; 2277.04
787; 0.00342411648024098; 26433.4185819581; 26410.67; 2183.86
788; 0.00413744317666405; 26220.9191172771; 26193.72; 2160.25
789; 0.00870647064480102; 25916.5137391238; 25859.43; 2153.91
790; 0.000500465838895465; 25692.739545908; 25689.46; 2152.15
791; 0.00535271954670606; 25465.2738880756; 25431.07; 2098.09
792; 0.00286089629453139; 25318.9738554319; 25301.13; 2047.45
793; 0.0037056195311901; 25087.8738809183; 25065.27; 2002.01
794; 0.00579763748116787; 24949.4446424839; 24914.42; 1982.43
795; 0.0162944410489048; 24768.4064738494; 24669.28; 1996.17
796; 0.0105654609693512; 24508.8023451433; 24445.9; 1953.43
797; 0.0174732263503463; 24373.2606110203; 24270.76; 1924.68
798; 0.0268190133550271; 24161.0200291819; 24001.4; 1952.7
799; 0.0297382177117246; 23980.2912829182; 23802.18; 1964.77
800; 0.0259538525918739; 23752.6669022477; 23597.51; 1960.87
801; 0.0234845967234337; 23560.6042410654; 23419.48; 1970.36
802; 0.0206496535864307; 23315.9560574863; 23194.39; 1929.63
803; 0.0208413500353912; 23158.0095774051; 23035.82; 1920.89
804; 0.011426021113854; 22930.206851465; 22864.61; 1880.25
805; 0.00943190716490279; 22755.93287334; 22701.51; 1889.29
806; 0.000588873736770971; 22508.354309648; 22505.05; 1836.81
807; -0.00414295129488044; 22364.992380574; 22388.34; 1844.46
808; -0.0134080445430669; 22108.1566039132; 22182.43; 1812.68
809; -0.0229397122983175; 21952.7144910931; 22076.21; 1761.3
810; -0.0153525008082252; 21748.3416617368; 21830.98; 1760.66
811; -0.0197149222892104; 21568.7194787671; 21674.26; 1750.54
812; -0.00809362073429734; 21406.2535839966; 21450.09; 1770.52
813; -0.0123966720069824; 21260.9459578449; 21326.57; 1729.98
814; -0.00863589637835227; 21134.7416824889; 21178.66; 1661.43
815; -0.00915214788325712; 21009.4496081724; 21055.41; 1640.29
816; 0.00648417952817331; 20861.7824057553; 20829.34; 1633.88
817; 0.000864489311126736; 20676.2938883577; 20672.04; 1606.64
818; 0.000845638929286153; 20568.5169613487; 20564.39; 1593.19
819; 0.00207607190901046; 20393.6332211581; 20383.83; 1541.22
820; 0.00895571161962794; 20269.3351114233; 20226.51; 1560.41
821; 0.00933979863010863; 20070.3319402907; 20023.8; 1625.28
822; 0.00924754613146799; 19951.6024415086; 19906.78; 1580.73
823; 0.00671351759097434; 19770.9241640825; 19737.53; 1621.8
824; 0.00058456838122255; 19660.2523512764; 19657.41; 1584.92
825; 0.00285856098496957; 19481.4132224802; 19467.41; 1596.73
826; -0.00112785243685379; 19345.6614648394; 19351.12; 1577.52
827; -0.0137924076081265; 19145.6778086996; 19210.18; 1524.5
828; -0.0195919204200523; 19036.7222672292; 19127.55; 1511.39
829; -0.0254230420894447; 18861.5294095779; 18978.28; 1497.01
830; -0.0272807581740999; 18707.2196526478; 18828.55; 1449.7
831; -0.0233725599408768; 18593.8018204613; 18697.1; 1439.93
832; -0.0252107839785174; 18426.0792571985; 18538.23; 1448.64
833; -0.0135198334265103; 18341.3833693757; 18403.02; 1483.89
834; -0.0102318641749206; 18214.3359523463; 18260.68; 1473.59
835; -0.00318059988461475; 18134.4737771745; 18148.9; 1475.26
836; -0.00387106718934217; 18010.1558086651; 18027.06; 1419.96
837; 8.42570813823192E-05; 17918.0914929964; 17917.72; 1433.88
838; -0.00138261790674777; 17737.6555122522; 17743.73; 1429
839; -0.0128081324120335; 17547.5778826241; 17601.7; 1375.38
840; -0.0170277650164893; 17456.6036389784; 17526.81; 1342
841; -0.0263298465344203; 17329.4752621856; 17435.5; 1312.15
842; -0.0330144210727758; 17249.7064165916; 17379.08; 1276.64
843; -0.032113569845145; 17084.5677357854; 17210.56; 1277.82
844; -0.026279181101927; 17001.2060914117; 17103.94; 1272.97
845; -0.0196479342590869; 16867.9623864593; 16944.14; 1262.16
846; -0.0109422877732614; 16805.2925003263; 16847.44; 1253.63
847; 0.000564814642032785; 16671.5155989651; 16669.25; 1305.18
848; 0.00561300476528366; 16516.935682229; 16495.05; 1268.41
849; -0.00792926459780793; 16348.5415105256; 16379.33; 1262.81
850; 0.000506099510081672; 16194.7036004512; 16192.74; 1261.5
851; 0.00352283223297891; 16107.9002396435; 16094.37; 1248.49
852; -0.00228677244319779; 15954.5416568286; 15963.03; 1206.31
853; -0.00387070419979998; 15850.0530797907; 15864.14; 1182.46
854; 0.012000401105627; 15737.1176662806; 15694.26; 1160.06
855; 0.0140060870283502; 15593.0075879323; 15542.64; 1167.84
856; 0.0257651340859127; 15518.2639507159; 15425.07; 1174.41
857; 0.0265485361021261; 15363.7079193588; 15269.87; 1147.37
858; 0.0298453398342825; 15262.1194652127; 15156.53; 1148.22
859; 0.0345365163710067; 15091.6379915191; 14966.85; 1172.44
860; 0.0347517037483831; 14965.6469564197; 14838.22; 1189.55
861; 0.0301953804018752; 14788.67992533; 14677.89; 1190.07
862; 0.0325432609424046; 14589.8003109284; 14467.12; 1222.48
863; 0.0309981545406258; 14477.1476686874; 14361.95; 1204.9
864; 0.0402744564114061; 14325.4196319207; 14177.91; 1187.23
865; 0.045776321464008; 14197.557980271; 14026.99; 1207.58
866; 0.0443863471529117; 14008.6826632105; 13850.63; 1153.79
867; 0.0504737591552252; 13817.6441644317; 13648.72; 1084.18
868; 0.0422634207126933; 13656.1565315601; 13521.48; 1032.09
869; 0.0199408968770336; 13386.2849019669; 13329.47; 922.62
870; 0.024575713292373; 13233.1769377446; 13163.94; 912.12
871; 0.0211529995045689; 12947.7172778531; 12889.74; 887.17
872; 0.0214366506319536; 12770.4660310744; 12712.91; 868.9
873; 0.0236819067199587; 12496.4787081685; 12432.42; 875.21
874; 0.032834088324335; 12242.260054072; 12153.58; 873.68
875; 0.0409883216838304; 12075.5559165331; 11959.66; 914.48
876; 0.0536242505264683; 11842.034485179; 11684.11; 952.29
877; 0.0606626794732762; 11706.7714660672; 11525.8; 964.46
878; 0.0571660393388526; 11486.0435612843; 11317.21; 954.59
879; 0.0509496955824487; 11315.5309600514; 11168.8; 930.66
880; 0.0480159760219941; 11222.9676595889; 11086.47; 918.47
881; 0.0377033675379947; 11077.1435818013; 10970.52; 913.48
882; 0.0302622851347328; 10977.1169846168; 10893.36; 893.84
883; 0.0209688516960515; 10868.2799050921; 10813.38; 845.38
884; 0.0196766088036069; 10775.6460874588; 10725.52; 822.4
885; 0.0293061924465424; 10722.5028111173; 10647.88; 821.83
886; 0.0267609282459856; 10643.4756367287; 10579.02; 777.22
887; 0.0269759086261187; 10574.8891022939; 10508.65; 792.23
888; 0.0295377220447059; 10517.4324265244; 10447.87; 759.72
889; 0.0339245430146675; 10479.1438674109; 10400.33; 749.33
890; 0.0406743538250648; 10461.2015184979; 10369.11; 730.15
891; 0.0447227861661459; 10443.6356103226; 10345.84; 705.07
892; 0.0468171409931531; 10459.5558131894; 10355.45; 716.87
893; 0.0380230959238191; 10490.2562470983; 10403.61; 734.54
894; 0.0336153506655017; 10571.7378413435; 10493.42; 750.87
895; 0.0325499946530761; 10641.1398029394; 10563.74; 766.23
896; 0.0452457522520341; 10818.8388675345; 10706.65; 798.86
897; 0.0381781037089673; 10900.0466349792; 10800.41; 840.71
898; 0.0409854619119688; 11083.8546262444; 10977.65; 834.61
899; 0.0517928278504551; 11298.251484122; 11155.61; 886.9
900; 0.0564448072039761; 11435.9442954335; 11278.16; 900.05
901; 0.0785584779895108; 11639.6179825318; 11413.41; 927.01
902; 0.0861447756938802; 11766.2425456792; 11511.18; 953.05
903; 0.0787107699906811; 11801.7970081284; 11568.8; 952.67
904; 0.0787195584702907; 11835.5053973206; 11603.65; 947.74
905; 0.0816437696017577; 11835.1198867918; 11594.96; 946.4
906; 0.0798975291550796; 11765.1185271304; 11527.23; 957.78
907; 0.076696978480866; 11614.2468471822; 11387.4; 951.28
908; 0.0718788775787967; 11466.5286990582; 11255.71; 943.17
909; 0.0703309798199607; 11222.4498311196; 11022.24; 915.3
910; 0.0684900394929101; 10932.2183426508; 10744.29; 882.1
911; 0.0748550853640161; 10736.4597751249; 10536.51; 858.58
912; 0.0781958227803427; 10389.3597907245; 10192.08; 810.79
913; 0.0778753404457904; 10128.5546885419; 9941.88; 770.26
914; 0.0668760078683335; 9718.82367451757; 9570.46; 712.75
915; 0.0828734073223391; 9346.79114977767; 9176.4; 660.45
916; 0.0881806697965184; 9099.82681721256; 8929.38; 620.8
917; 0.0968027083028212; 8743.82715163084; 8559.24; 612.34
918; 0.102648203997974; 8401.88813216462; 8211.41; 595.8
919; 0.0974294281802955; 8170.12376618588; 7994.28; 579.41
920; 0.101805814549555; 7869.45208879759; 7686.77; 575.99
921; 0.110472915365412; 7584.39896296742; 7388.2; 570
922; 0.112040631290563; 7392.03404143673; 7199.05; 552.76
923; 0.096476191138953; 7087.2281950577; 6924.17; 542.32
924; 0.0936784216219035; 6898.91117957071; 6746.85; 520.78
925; 0.0860515172737468; 6615.23677610578; 6484.36; 487.89
926; 0.0986809520507744; 6371.58275202858; 6230.74; 457.8
927; 0.10180395486584; 6197.74220448196; 6055.54; 447.98
928; 0.10668106533165; 5945.13697569356; 5799.08; 439.03
929; 0.102721057047566; 5669.26947153661; 5533.53; 423.69
930; 0.107489045790032; 5481.16805036337; 5344.2; 408.52
931; 0.107046159062307; 5172.07051794782; 5041.86; 389.92
932; 0.112385915902753; 4829.65070644358; 4693.06; 389.54
933; 0.115101079472347; 4567.4944644934; 4439.47; 356.45
934; 0.1140833531044; 4139.43607622861; 4025.96; 318.72
935; 0.139876510511564; 3690.8996664328; 3568.06; 281.37
936; 0.150920486622779; 3376.04130457494; 3261.67; 242.77
937; 0.15523502137943; 2916.31753163544; 2808.63; 222.2
938; 0.153087834245398; 2482.14170826505; 2396.02; 180.17
939; 0.173593552844079; 2234.46597220212; 2157.94; 141.17
940; 0.179527783905356; 1912.85587680684; 1833.58; 141.39
941; 0.171068693928034; 1677.46293100911; 1605.61; 134.47
942; 0.122064972278376; 1553.02778075335; 1508.26; 117.4
943; 0.0922961832041825; 1440.89721900471; 1409.27; 109.68
944; 0.121956140890314; 1402.0203378821; 1365.7; 95.31
945; 0.145352931317763; 1400.54933186139; 1355.67; 98.8
946; 0.146681917201055; 1422.20337261042; 1367.17; 120.04
947; 0.156401407451185; 1474.75360689627; 1416.54; 119.07
948; 0.158848695024983; 1522.59054545955; 1464.94; 116.09
949; 0.17235839049707; 1596.36636101231; 1531.25; 120.83
950; 0.208888742773594; 1698.24970625701; 1619.57; 120.45
951; 0.186526697898799; 1756.55959537569; 1685.78; 121.33
952; 0.200139772490438; 1861.93325818153; 1779.47; 131.73
953; 0.191386008851102; 1958.15125058568; 1882.17; 126.91
954; 0.187030315529587; 2026.07042294805; 1946.94; 135.23
955; 0.186606492065649; 2131.70343186628; 2037.35; 161.59
956; 0.187235920648253; 2228.94964691017; 2124.29; 178.62
957; 0.155045491751682; 2278.1105362078; 2187.74; 186.23
958; 0.155982419180269; 2353.59569093399; 2247.3; 217.71
959; 0.13792823952943; 2411.23851356923; 2317.73; 216.56
960; 0.144164714489165; 2456.49903412963; 2360.09; 213.59
961; 0.143753795056041; 2521.08644320847; 2424.74; 214.04
962; 0.126487350144368; 2553.43337070818; 2474.76; 198.61
963; 0.121129635754842; 2576.77791737131; 2512.71; 168.87
964; 0.132197373426727; 2605.67496872162; 2535.92; 168.45
965; 0.145785026289556; 2631.26142462031; 2566.69; 141.38
966; 0.18671847594605; 2666.10945388528; 2577.83; 150.9
967; 0.188149128415892; 2676.30739084025; 2583.13; 158.04
968; 0.171847159072091; 2674.45528473947; 2579.15; 176.96
969; 0.177897581180043; 2673.52937825636; 2572.79; 180.67
970; 0.186074067673783; 2680.4185897347; 2561.66; 203.6
971; 0.180409908561261; 2680.94858588933; 2563.25; 208.09
972; 0.166825702570418; 2674.72081308493; 2558.88; 221.46
973; 0.141023556331133; 2652.73069631161; 2551.45; 229.02
974; 0.141368801659328; 2631.66413297397; 2528.64; 232.37
975; 0.105747962486213; 2591.76408570364; 2523.86; 204.72
976; 0.10370795976378; 2577.84674998361; 2511.8; 203.01
977; 0.0572170157330659; 2546.03499414768; 2510.21; 199.57
978; 0.0678410871758417; 2523.77046748319; 2482.35; 194.58
979; 0.0842637552097225; 2505.47527287931; 2458.6; 177.27
980; 0.110761060378807; 2496.59130525883; 2444.27; 150.51
981; 0.128053631610788; 2472.84752615051; 2419.05; 133.84
982; 0.165865261531274; 2451.07574661036; 2367.4; 160.7
983; 0.180492054268166; 2427.84993082359; 2336.46; 161.27
984; 0.220673406409608; 2393.59710674189; 2282.81; 159.88
985; 0.203972568305088; 2349.92422291447; 2251.06; 154.34
986; 0.19420048990681; 2303.71057711827; 2207.6; 157.57
987; 0.162047956219696; 2271.96731947263; 2186.34; 168.22
988; 0.141097684083649; 2224.66089888757; 2145.24; 179.17
989; 0.154132397328096; 2188.23061335226; 2108.12; 165.42
990; 0.147674349076361; 2158.97255385008; 2081.64; 166.65
991; 0.141611199260531; 2116.93759872313; 2041.03; 170.56
992; 0.143844420175576; 2072.76452137215; 1997.25; 167.02
993; 0.105931333818455; 2016.17613755817; 1966.49; 149.21
994; 0.108068186073867; 1988.61967280137; 1939.72; 143.93
995; 0.10270288840421; 1943.33106605053; 1900.4; 132.95
996; 0.0889780430258047; 1897.63022324129; 1864.41; 118.73
997; 0.114172690853361; 1865.50717977404; 1824; 115.6
998; 0.0810032540046582; 1832.45026243388; 1807.07; 99.62
999; 0.0784944561622617; 1790.18245214333; 1765.18; 101.26
1000; 0.143972988151136; 1769.10603726728; 1720.09; 108.22
1001; 0.160991956712457; 1741.22215712066; 1685.52; 109.97
1002; 0.207260923397321; 1711.32747048685; 1645.32; 101.21
1003; 0.196349072813551; 1678.88264416103; 1611.79; 108.58
1004; 0.18198897337873; 1636.54546520984; 1578.38; 101.55
1005; 0.199568264819127; 1615.43791564893; 1549.12; 105.57
1006; 0.228931551271989; 1579.22527495302; 1516.9; 86.48
1007; 0.252767753993185; 1538.73108969452; 1481.6; 71.79
1008; 0.221749476218664; 1496.87536685701; 1453.64; 61.92
1009; 0.20050555480441; 1471.59983567177; 1434.1; 59.39
1010; 0.187156384611539; 1426.77189717603; 1395.29; 53.41
1011; 0.214076544085644; 1393.84576066198; 1360.61; 49.29
1012; 0.189965569816266; 1357.16294803105; 1324.04; 55.35
1013; 0.191909942192424; 1335.61013380756; 1288.94; 77.19
1014; 0.211118294975489; 1300.25119287378; 1240.43; 89.93
1015; 0.249772620854522; 1281.90078834582; 1208.26; 93.56
1016; 0.251942341569781; 1243.1631210584; 1185.47; 72.66
1017; 0.291948394955057; 1225.99512400416; 1156.76; 75.24
1018; 0.278977953006829; 1190.99106564023; 1123.75; 76.46
1019; 0.289514383340691; 1158.65995941635; 1094.23; 70.59
1020; 0.263646549966972; 1124.04548795699; 1067.91; 67.53
1021; 0.181313689973966; 1098.94815258281; 1061.87; 64.85
1022; 0.112986798632149; 1054.39379983963; 1032.33; 61.92
1023; 0.159996118267872; 1036.67389619262; 995.4; 81.79
1024; 0.0944356230268175; 1002.01610432047; 986.13; 53.33
1025; 0.0994540264686699; 989.920428351553; 973.1; 53.61
1026; 0.0856760480487796; 966.002007504699; 952.67; 49.32
1027; 0.0565554951242268; 941.000731540318; 934.38; 37.1
1028; 0.138654183465003; 925.810322760079; 908.57; 39.4
1029; 0.208254084766819; 913.842734541282; 890.68; 35.24
1030; 0.251350379282143; 884.263217193828; 861.62; 28.54
1031; 0.31835443812816; 869.733625112444; 834.97; 34.59
1032; 0.380312163097503; 850.090335858739; 813.72; 30.29
1033; 0.39267740345012; 827.080271457068; 789.35; 30.43
1034; 0.391839955709012; 815.098308926649; 780.6; 27.88
1035; 0.266016851422217; 780.36320323284; 755.68; 29.38
1036; 0.377061988746624; 767.036632638604; 748.41; 15.64
1037; 0.375766440917219; 755.725657390256; 732.52; 19.55
1038; 0.249056080405516; 742.794996232951; 727.94; 18.88
1039; -0.13915236204689; 782.806393038372; 755.57; -61.95
1040; 2.98165532301775; 831.399616638736; 691.58; 14.84
1041; 0.177248304639667; 711.152305577176; 681.33; 53.24
