# 16/03/2019 14:01:25
# NanoCalc data
# Original file name: C:\SVA_DATA\StudentProjects\2018_Nathan\PS_160319\PSswelling_16_03_19_342.dat
# Fit Result : Fitness; Thickness 1; Thickness 2; Thickness 3 
# Fit Result : 1.56536742675933; 2; 336.2; -1
# comment:PS id: 348 slowslow swelling at 13:07
#
# WaveLength; Reflectance; Raw Intensity; Dark Intensity; Reference Intensity
400; 0.377570267818776; 4516.73540223569; 4128.73; 498.3
401; 0.388597316400772; 4676.91114238505; 4281.21; 491.63
402; 0.381777093443893; 4779.51404775488; 4392.47; 487.32
403; 0.383900506648047; 4885.60171321036; 4494.68; 487.45
404; 0.383238843414816; 5006.59714411249; 4615.44; 486.53
405; 0.362628063682243; 5175.10371221499; 4790.2; 504
406; 0.358389452742491; 5292.10502333154; 4891.23; 529.04
407; 0.367584589231686; 5426.133218609; 5004.66; 540.18
408; 0.361483099544213; 5545.19112857194; 5101.67; 575.74
409; 0.342270812192971; 5650.57377082235; 5219.95; 588.19
410; 0.337423910341147; 5811.91092491857; 5376.23; 601.39
411; 0.32738119743583; 5909.36676965355; 5472.62; 619.16
412; 0.316190176113788; 5989.52717964092; 5572.99; 609.24
413; 0.314789401341074; 6074.54430884883; 5656.11; 612.69
414; 0.315629844671132; 6219.56375288692; 5797.98; 613.59
415; 0.312507107959773; 6312.56453620572; 5886.56; 624.16
416; 0.310886332138253; 6396.83705892422; 5971.21; 624.77
417; 0.3075853613017; 6492.68167721276; 6067.74; 628.37
418; 0.302206796141882; 6622.74280101941; 6202.36; 630.58
419; 0.283869847001992; 6710.26348865423; 6310.91; 635.83
420; 0.288687221384351; 6834.08677796509; 6423.12; 641.48
421; 0.283998410836349; 6960.45782952904; 6553.44; 643.92
422; 0.279527215942683; 7130.83949018737; 6719.62; 659.04
423; 0.278814180986786; 7257.28054275812; 6825.99; 690.92
424; 0.265989719697151; 7381.80894371416; 6954.73; 715.03
425; 0.260358251037793; 7524.35280939189; 7100.68; 722.7
426; 0.253576796092298; 7740.13285603257; 7291.52; 783.57
427; 0.251944980646563; 7900.04829080521; 7441.53; 803.85
428; 0.25515750412134; 8063.83423918512; 7580.19; 834.93
429; 0.252075937037463; 8205.32570160444; 7715.94; 853.06
430; 0.225663748190436; 8399.18200427465; 7945.72; 880.75
431; 0.223637400154154; 8552.84877746523; 8084.29; 916.06
432; 0.225380432357476; 8669.61579411108; 8199.59; 909.55
433; 0.219282494651638; 8787.75913505322; 8310.91; 946.14
434; 0.209020959562221; 8946.29352050306; 8484.39; 959.16
435; 0.198778999021271; 9042.02996744027; 8602.52; 957.61
436; 0.201420741093223; 9138.02203021673; 8688.3; 964.91
437; 0.194545151774557; 9247.65072489717; 8807.31; 975.92
438; 0.201250163795936; 9431.94113454279; 8973.36; 980.21
439; 0.199836764179607; 9523.32720266757; 9055.15; 1005.5
440; 0.189535865344063; 9616.56579169886; 9166.34; 1017.16
441; 0.174803134157898; 9703.07293310969; 9282.43; 1028.13
442; 0.166995380081508; 9861.68021950381; 9458.75; 1028.56
443; 0.162046152891315; 9967.8348775622; 9583.99; 1007.55
444; 0.148751506750426; 10102.6062188568; 9747.02; 1014.57
445; 0.128044698727171; 10192.2055004919; 9884.78; 1016.71
446; 0.111080155998789; 10351.5304243543; 10083.61; 1019.05
447; 0.108102243723327; 10522.9279500496; 10250.15; 1063.82
448; 0.096193849609122; 10684.6864948072; 10438.6; 1076.19
449; 0.0888711882276426; 10963.7922792665; 10729.27; 1107.78
450; 0.0846738390986645; 11148.5182518077; 10918.08; 1140
451; 0.0799561910281128; 11339.1808373378; 11119.59; 1148.12
452; 0.0722874436444247; 11521.3469256134; 11317.34; 1177.39
453; 0.0718139678917802; 11861.852197616; 11649.5; 1231.2
454; 0.0720885839035411; 12126.8243668423; 11910.85; 1244.96
455; 0.0637812496738549; 12338.109612526; 12145.22; 1254.26
456; 0.058472853019293; 12578.3933265103; 12401.32; 1253.51
457; 0.0546800534194021; 12949.2583434634; 12779.62; 1281.75
458; 0.0533463338946902; 13230.2300800797; 13057.99; 1331.39
459; 0.0477688326366176; 13456.3133473553; 13298.95; 1355.89
460; 0.0466292784680171; 13720.2035081923; 13561.85; 1395.15
461; 0.0364502412640611; 14058.002583646; 13933.24; 1403.55
462; 0.0415536540088928; 14284.5041736448; 14137.18; 1451.1
463; 0.0403405368103294; 14494.0671320563; 14347.89; 1480.41
464; 0.0440768689083892; 14862.6909379483; 14697.65; 1526.98
465; 0.0394787930569644; 15097.0580377331; 14948.09; 1536.14
466; 0.0339774196277012; 15347.123001067; 15217.68; 1548.2
467; 0.0256678162578118; 15589.6490041786; 15491.31; 1554.34
468; 0.0342164716454035; 16141.6172145928; 16005.76; 1608.14
469; 0.0244779706005101; 16465.3436073428; 16367.5; 1616.28
470; 0.0251858829664488; 16829.6489184635; 16726.43; 1654.44
471; 0.0308997077675555; 17285.1618408828; 17152.92; 1724.85
472; 0.0246026293312476; 17959.4853981858; 17848.48; 1815.49
473; 0.0232284661996158; 18445.353454833; 18337.26; 1869.44
474; 0.0255197793776828; 18979.9564058453; 18857.85; 1919.08
475; 0.0266513802713991; 19881.3649751149; 19747.25; 2015.09
476; 0.0246699009888489; 20458.4707119752; 20330.81; 2068.81
477; 0.0146042807855968; 21078.9866974712; 21002.14; 2100.32
478; 0.0182546167603187; 21850.1376093431; 21749.8; 2190.43
479; 0.0140968819918809; 22936.0644178964; 22855.75; 2266.9
480; 0.0139138682615323; 23724.7813310298; 23642.88; 2338.44
481; 0.0150052912993221; 24477.2535467449; 24387.3; 2377.96
482; 0.013490948951445; 25651.9828272726; 25566.6; 2506.71
483; 0.0133941048753875; 26445.5956598432; 26359.04; 2555.76
484; 0.0143868352183957; 27227.8501929763; 27132.3; 2622.74
485; 0.0187436890116799; 28032.3297414896; 27904.38; 2691.67
486; 0.027068281601085; 29085.3235545353; 28891.56; 2818.29
487; 0.0295527084395743; 29776.8000688546; 29557.13; 2922.08
488; 0.0292425734035765; 30447.7838508452; 30228.25; 2946.77
489; 0.0336274969947157; 31084.5358770785; 30828.85; 2980.24
490; 0.0403346835936459; 31990.4327746635; 31675.19; 3059.02
491; 0.04131205975259; 32526.6701807057; 32202.1; 3071.01
492; 0.0472354716777375; 33063.6831570398; 32681.91; 3155.14
493; 0.0539355238439567; 33808.4568611566; 33367.32; 3188.82
494; 0.0620090784657015; 34319.7209280818; 33806.15; 3225.04
495; 0.0653461782566379; 34778.6958752074; 34237.31; 3222.06
496; 0.0713373771764427; 35405.9955324022; 34809.18; 3249.64
497; 0.0726183832215499; 35782.2674514767; 35171.51; 3262.86
498; 0.0754571102188723; 36171.7286264528; 35529.07; 3300.04
499; 0.071932549030566; 36573.6841032661; 35957.07; 3317.25
500; 0.0838789007665202; 37177.5410560462; 36455.96; 3324.93
501; 0.0842070970262127; 37559.417204808; 36819.54; 3391.56
502; 0.0852718579186139; 37932.061881029; 37176.1; 3417.51
503; 0.0944542288109887; 38531.4908954497; 37664.75; 3532.88
504; 0.0946896064804003; 38947.6467940242; 38078.63; 3528.83
505; 0.0990583298492402; 39429.3130767353; 38492.74; 3631.1
506; 0.100536035985813; 39893.2253394761; 38939.42; 3639.21
507; 0.112308623598566; 40618.6329948716; 39542.79; 3670.33
508; 0.110594780419989; 41045.4110063685; 39980.31; 3685.74
509; 0.113277043404027; 41531.0842172722; 40433.11; 3705.42
510; 0.121384517554659; 42285.2918190086; 41112.62; 3688.99
511; 0.125231208850576; 42793.4057086087; 41570.54; 3724.49
512; 0.130027146144053; 43306.7370190252; 42009.35; 3801.38
513; 0.140510734109726; 44066.1349462126; 42653.8; 3825.15
514; 0.146601047634164; 44593.7983175491; 43089.63; 3900.16
515; 0.14899212014662; 45111.8798401999; 43574.42; 3918.1
516; 0.15924007021103; 45633.456938201; 43959.13; 3987.71
517; 0.171352141172433; 46462.232831785; 44608.66; 4097.84
518; 0.171783685978508; 47001.1650162865; 45093.66; 4201.72
519; 0.176094529480867; 47562.4224691383; 45585.82; 4242.52
520; 0.181618335360087; 48394.9117542304; 46354.32; 4241.93
521; 0.18385240114991; 48911.5094161464; 46836.25; 4257.03
522; 0.185196079320815; 49404.3899386636; 47290.23; 4300.76
523; 0.193379111351116; 50216.7692166686; 47955.64; 4400.48
524; 0.193543131967563; 50760.9319874729; 48473.51; 4443.21
525; 0.194837984285137; 51231.6671240127; 48920.91; 4454.13
526; 0.195467655866666; 51864.0563857322; 49544.96; 4451.22
527; 0.201794481273711; 52330.6082028923; 49917.2; 4482.6
528; 0.203234140047666; 52701.4952667105; 50237.52; 4539.52
529; 0.205059885944519; 53048.3837690274; 50576.77; 4508.6
530; 0.21302488888899; 53575.2121948072; 50993.65; 4528.72
531; 0.214907161450595; 53825.8423586733; 51174.87; 4605.53
532; 0.213867413431215; 54024.2981317661; 51347.43; 4668.84
533; 0.220649952592067; 54394.485871886; 51578.11; 4756.79
534; 0.222567061189592; 54584.3484336904; 51722.03; 4788.33
535; 0.223471366215552; 54790.4047499436; 51885.84; 4834.27
536; 0.230943418453886; 55102.4679584267; 52097.07; 4835.29
537; 0.232668137332886; 55349.7541441003; 52264.71; 4921.33
538; 0.233895090867408; 55554.8667715069; 52444.34; 4930.62
539; 0.235655186593882; 55903.6827840164; 52766.82; 4930.26
540; 0.24057964746325; 56165.6879467112; 52950.34; 4945.18
541; 0.242100848822924; 56431.6223666954; 53157.19; 5000.24
542; 0.252761127804238; 56904.5750425349; 53506.74; 4965.7
543; 0.263159320983392; 57251.4820182132; 53737.46; 4928.71
544; 0.265960990043572; 57556.5273798311; 54002.84; 4927.96
545; 0.272175668216845; 58051.2784142059; 54398.29; 4945.97
546; 0.27631372569646; 58407.7948321983; 54667.39; 4984.42
547; 0.282793320551214; 58765.0687864663; 54963; 4946.21
548; 0.288245431463597; 59362.591634621; 55485.77; 4943.89
549; 0.290208478058924; 59683.2250478605; 55780.6; 4938.83
550; 0.293840644461052; 60069.440940138; 56082.81; 4978.56
551; 0.290229811989096; 60378.2782271926; 56442.1; 4972.49
552; 0.293064465336723; 60895.2638398828; 56912.56; 4978.37
553; 0.294792179513945; 61182.2581176827; 57170.85; 4980.75
554; 0.291476736767934; 61476.6345954513; 57462.94; 5035.98
555; 0.286859544588097; 61928.6652760837; 57899.63; 5132.21
556; 0.28569894034302; 62233.7294281516; 58218.74; 5130.57
557; 0.285653674196507; 62588.3087551053; 58560.38; 5143.51
558; 0.285139825831865; 63151.0756951571; 59102.67; 5174.53
559; 0.286989162830851; 63621.3022464179; 59482.74; 5251.16
560; 0.283299974316147; 64075.2854597277; 59907.96; 5351.9
561; 0.280020878004533; 64872.2688489677; 60680.51; 5441.76
562; 0.281027576572353; 65459.5803506688; 61275.73; 5407.36
563; 0.285228763251319; 66115.7469139638; 61881.59; 5387.39
564; 0.290529304301502; 67144.418957446; 62777.77; 5450.16
565; 0.291809883114671; 67764.6387663043; 63329.69; 5507.06
566; 0.289358366386352; 68314.3506123308; 63858.49; 5575.79
567; 0.283995809108334; 69039.4024385255; 64591.04; 5667.63
568; 0.28421387376399; 69383.5111025373; 64947.29; 5643.95
569; 0.285414683418307; 69620.0310535579; 65185.62; 5613.9
570; 0.28505025945991; 69779.5143201183; 65338.74; 5625.12
571; 0.284517426539153; 69791.1097068262; 65313.57; 5677.94
572; 0.280927489783371; 69726.9058866189; 65256.1; 5737.27
573; 0.282729926853456; 69479.592151423; 65014.32; 5689.09
574; 0.285971200817117; 69271.7908422058; 64809.91; 5615.69
575; 0.289044133599597; 68930.72101987; 64479.72; 5538
576; 0.292302113499171; 68828.5918895744; 64344.84; 5512.29
577; 0.291171072489697; 68682.6386289701; 64163.52; 5573.02
578; 0.293771470621226; 68454.290338464; 63925.39; 5531.34
579; 0.293162585183293; 68297.3295914052; 63786.68; 5516.34
580; 0.296505668688336; 68162.8806326123; 63688.94; 5405.68
581; 0.29536650951818; 67963.5586439285; 63511.61; 5396.07
582; 0.294800166830448; 67857.8667947565; 63395.76; 5414.97
583; 0.293367580647412; 67752.796755478; 63297.12; 5429.9
584; 0.293210649898407; 67594.7804419047; 63141.9; 5425.87
585; 0.296451781204846; 67542.7715243534; 63062.85; 5395.63
586; 0.297972928078459; 67451.9589625181; 62944.34; 5397.76
587; 0.296248943495257; 67305.2620028546; 62792.76; 5431.66
588; 0.295361400036557; 67202.5103606787; 62654.36; 5487.59
589; 0.299436033053929; 67208.4136329742; 62566.82; 5520.82
590; 0.302066035068398; 67211.4063844555; 62512.58; 5536.76
591; 0.302299815973947; 67224.256109681; 62505.81; 5552.09
592; 0.303566496790648; 67275.2518994935; 62513.67; 5575.96
593; 0.301090266571662; 67304.5674604712; 62611.92; 5536.94
594; 0.299152918262997; 67388.35587018; 62693.31; 5572.13
595; 0.298306900715754; 67654.5541238615; 62989.14; 5549.16
596; 0.295257568084237; 67860.1842196928; 63234.76; 5554.9
597; 0.290490227629782; 68136.9687514075; 63610.07; 5522.3
598; 0.291060347442271; 68731.8633896703; 64126.97; 5602.89
599; 0.291112984192196; 69189.486999307; 64545.09; 5646.35
600; 0.291906243371227; 69750.7280512242; 65063.58; 5679.23
601; 0.288408014797746; 70671.7299318889; 65916.6; 5827.78
602; 0.288481351384066; 71402.4921299301; 66585.74; 5898.21
603; 0.290508656196345; 72130.8234052961; 67192.33; 6001.26
604; 0.291822933380605; 73200.5671863947; 68063.31; 6210.72
605; 0.291958945347189; 73816.6296898124; 68568.75; 6337.63
606; 0.2904335239064; 74439.110197535; 69197.15; 6359.84
607; 0.289932571373653; 75181.2084489951; 69914.96; 6396.43
608; 0.287595841070738; 75562.550748823; 70317.9; 6418.02
609; 0.285721572259825; 75986.2661848087; 70777.29; 6412.24
610; 0.284482511943692; 76122.4443402464; 70888.42; 6467.16
611; 0.281636919181196; 76193.7763371683; 71003.56; 6474.02
612; 0.278620546774757; 76164.3851784687; 71007.29; 6498.34
613; 0.275860550863445; 76079.9532988664; 70998.27; 6463.39
614; 0.274848541422205; 75873.481839139; 70832.33; 6431.65
615; 0.274780560961406; 75457.6450473209; 70445.1; 6392.96
616; 0.270955241346563; 75064.6075571168; 70072.58; 6452.68
617; 0.269805620567289; 74404.131014863; 69438.15; 6442.73
618; 0.267565789026467; 73911.2726778102; 69078.18; 6319.07
619; 0.264871572116309; 73397.9562872243; 68627.06; 6297.82
620; 0.261509584680939; 72642.3542970257; 68049.15; 6137.91
621; 0.264775150367278; 72153.5386806289; 67566.24; 6051.33
622; 0.261515450601509; 71633.8060800627; 67148.78; 5987.11
623; 0.260903265065914; 70940.3551210319; 66516.87; 5915.96
624; 0.264300677724457; 70538.2448134673; 66173.83; 5759.15
625; 0.264794868544818; 69959.5045990898; 65647.4; 5676.76
626; 0.264792548376986; 69614.463149378; 65330.01; 5637.68
627; 0.262288655437534; 69235.3088728519; 65052.88; 5553.44
628; 0.256833587773006; 68621.6769241783; 64518.76; 5560.88
629; 0.251753466554173; 68253.0680788927; 64241.88; 5543.73
630; 0.24892439718176; 67917.1857765763; 63905.68; 5604.62
631; 0.245962834876654; 67423.2539400786; 63476.06; 5578.78
632; 0.245442090049638; 67122.4053922876; 63179.09; 5582.73
633; 0.246363495158853; 66663.2146288596; 62767.42; 5492.47
634; 0.24690237749789; 66365.0877158455; 62514; 5415.11
635; 0.249279434730869; 66092.3850832855; 62254.26; 5342.51
636; 0.253102442776568; 65786.3401409382; 61987.01; 5205.79
637; 0.249819289305462; 65514.6721002281; 61764.54; 5202.77
638; 0.24944992873817; 65281.7393067959; 61555.63; 5173.97
639; 0.240583174445137; 64896.355631139; 61337.24; 5121.28
640; 0.233243170116371; 64644.6538482255; 61186.77; 5129.09
641; 0.222912370448385; 64258.482845724; 60926.44; 5168.8
642; 0.219050706757192; 64052.7448146651; 60738.15; 5229.66
643; 0.217038471307309; 63917.4851655111; 60655.06; 5192.52
644; 0.212531699897258; 63606.8296304313; 60375.33; 5249.78
645; 0.21285858409152; 63441.9568190279; 60187.65; 5276.42
646; 0.20726202990421; 63097.2407669852; 59942.03; 5251.45
647; 0.208199502254043; 62919.1729341643; 59767.67; 5219.54
648; 0.209382729287045; 62745.8399369517; 59567.72; 5231.75
649; 0.21173089021364; 62552.7639913514; 59337.46; 5231.98
650; 0.210278985207028; 62359.6233164889; 59168.18; 5226.73
651; 0.207134730560394; 62112.4857935337; 58909.88; 5322.15
652; 0.205288235283252; 61936.9595769289; 58799.62; 5257.98
653; 0.201435529803668; 61762.5147684251; 58744.82; 5151.64
654; 0.201728731209419; 61624.8580945312; 58622.74; 5115.21
655; 0.198245946776316; 61473.2434618314; 58553.86; 5059.56
656; 0.191836916350143; 61207.0883932282; 58381.47; 5058.59
657; 0.19000644390049; 61065.831956867; 58256.17; 5076.7
658; 0.19162263381255; 60980.5320939751; 58185.35; 5006.18
659; 0.190519620017146; 60788.9904390831; 58052.77; 4926.93
660; 0.193604966086726; 60711.9719219128; 57954.92; 4883.32
661; 0.188258787719976; 60458.2575406603; 57747.73; 4934.5
662; 0.190728105438022; 60356.898236839; 57625.64; 4905.27
663; 0.189046878863262; 60217.0756742308; 57524.13; 4876.89
664; 0.18468617192124; 60017.6363342305; 57417.09; 4818.06
665; 0.181642179638773; 59868.6143639669; 57335.16; 4770.59
666; 0.179827349925401; 59697.0191346758; 57198.04; 4751.34
667; 0.173170973124169; 59509.4051476817; 57082.23; 4790.65
668; 0.167866892769677; 59288.3047362812; 56937.17; 4785.78
669; 0.166031144024698; 59061.1952068559; 56731.7; 4792.32
670; 0.16094723274127; 58861.9728495612; 56601.69; 4794.97
671; 0.161639793146689; 58666.0764403551; 56396.69; 4790.96
672; 0.159380661779947; 58485.9180998726; 56255.13; 4773.54
673; 0.157067495032323; 58322.3783602696; 56121.1; 4776.93
674; 0.148762917554084; 57950.6168744388; 55860.44; 4786.34
675; 0.14803061838677; 57723.664955021; 55641.32; 4789.86
676; 0.14800858123509; 57368.60608572; 55281.89; 4798.49
677; 0.145414677868045; 57075.8836359777; 55029.44; 4788.26
678; 0.143527019365777; 56652.911679529; 54649.42; 4747.72
679; 0.143226429668652; 56360.8006475219; 54370.61; 4724.41
680; 0.139821726935358; 56000.1300204838; 54053.07; 4733.02
681; 0.135317912485059; 55443.2702184588; 53553.6; 4744.7
682; 0.133788853181193; 55099.921191477; 53266; 4655.54
683; 0.135867810480809; 54704.2933702402; 52864.11; 4598.17
684; 0.134320846688571; 54422.3951257599; 52608.7; 4582.53
685; 0.124899780750211; 53902.3653350287; 52237.34; 4522.46
686; 0.126513308431312; 53606.1501999679; 51913.98; 4535.94
687; 0.126223094765248; 53332.3286066105; 51649.53; 4519.43
688; 0.129217835589817; 52978.3556913303; 51295.5; 4413.25
689; 0.127288033922216; 52706.8033666554; 51070.3; 4355.19
690; 0.122880179080724; 52273.4111190079; 50699.74; 4336.51
691; 0.118257729511033; 51914.7911952331; 50413.55; 4296.94
692; 0.114398911648939; 51586.8924116514; 50130.14; 4308.56
693; 0.117911347314206; 51215.7611694442; 49696.67; 4357.39
694; 0.111285449314892; 50891.7436255163; 49465.93; 4331.64
695; 0.107765998137242; 50420.5871622695; 49036.92; 4339.05
696; 0.106467026413131; 50138.8707573787; 48764.73; 4359.91
697; 0.103278838837693; 49710.2975105233; 48370.16; 4381.3
698; 0.105580369435536; 49457.1814050344; 48079.54; 4403.87
699; 0.106403656368325; 49101.8861384907; 47719.76; 4382.3
700; 0.103073717934653; 48801.1904523594; 47469.65; 4356.59
701; 0.102363343427423; 48557.5694171285; 47257.62; 4281.45
702; 0.102428258859066; 48198.6547429877; 46910.58; 4238.24
703; 0.0994837487332969; 47908.6486500874; 46677; 4171.26
704; 0.0930440117121679; 47513.9109117639; 46395.78; 4047.67
705; 0.0921365443436671; 47227.5928927466; 46117.47; 4056.66
706; 0.0908127150893106; 46827.2620507807; 45748.44; 3998.29
707; 0.0821041589883059; 46525.9641935515; 45565.62; 3935.03
708; 0.0757301647340273; 46264.9568767682; 45404.96; 3818.82
709; 0.07069140824513; 45866.4360454544; 45067.9; 3797.26
710; 0.0650848310560979; 45589.3040995162; 44868.29; 3722.61
711; 0.0684687206452004; 45274.1808667426; 44507.27; 3763.08
712; 0.0713044388180206; 45029.2240964154; 44234.63; 3743.06
713; 0.0674004922514421; 44688.2232624378; 43956.65; 3645.02
714; 0.0667218434943637; 44391.8684065811; 43673.52; 3614.87
715; 0.0636306726989989; 43919.5424394106; 43250.26; 3530.39
716; 0.0675316812220363; 43613.9734667852; 42906.92; 3513.11
717; 0.0647071141052882; 43223.986524842; 42561.47; 3434.15
718; 0.0659345989280356; 42661.1767409889; 42001.83; 3352.76
719; 0.0654378990105633; 42272.2885473983; 41637.91; 3248.89
720; 0.0601352200882094; 41653.0488977438; 41084.95; 3164.74
721; 0.0593319052165054; 41276.5269586994; 40719.31; 3144.99
722; 0.0561676115872391; 40694.7298929081; 40173.84; 3104.44
723; 0.0556510814487508; 40332.7290574375; 39818.44; 3092.41
724; 0.0453654249604082; 39779.4513509953; 39369.63; 3021.85
725; 0.0460488078377126; 39507.0185230078; 39089.54; 3031.51
726; 0.0408520349657645; 39183.0794521097; 38812.67; 3030.76
727; 0.0405926707114042; 39042.7604505559; 38667.46; 3089.26
728; 0.0394759804528121; 38895.9395107829; 38526.57; 3125.39
729; 0.0342924270460692; 38739.1502055679; 38422.34; 3085.01
730; 0.0338085030032114; 38707.4519739757; 38393.37; 3101.36
731; 0.0370583713618361; 38736.1866814257; 38393.25; 3089.03
732; 0.0392569948487084; 38773.9839552118; 38409.02; 3102.94
733; 0.0378755966298364; 38798.8440125882; 38439.38; 3167.25
734; 0.0386320070564; 38755.2850854001; 38387.61; 3175.87
735; 0.0339786710959898; 38661.5554771737; 38341.94; 3138.05
736; 0.0373505679174161; 38635.3113133738; 38288.17; 3099.75
737; 0.0365611474239769; 38543.1527687014; 38208.75; 3049.44
738; 0.0359379873321342; 38426.056581337; 38099.45; 3028.96
739; 0.0312586282092716; 38293.3912803834; 38012.51; 2993.74
740; 0.029642636752504; 38221.4659921946; 37957.1; 2970.22
741; 0.0279197483533364; 38143.6815870532; 37899.45; 2912.34
742; 0.0229210804729382; 38145.3338428636; 37944.75; 2912.58
743; 0.0211325714191903; 38194.0693578103; 38010.17; 2895.32
744; 0.0179503286641544; 38323.692708863; 38163.41; 2969.85
745; 0.0172557419584112; 38455.4683075457; 38302.58; 2945.77
746; 0.0145119467325117; 38716.2225337538; 38585.54; 2992.87
747; 0.0118680333364957; 38900.708769322; 38793.08; 3012.89
748; 0.00947994034435452; 39108.1024293094; 39021.67; 3028
749; 0.00509676658745805; 39160.2561008972; 39113.75; 3029.55
750; 0.0063827114327757; 39130.3612333343; 39071.26; 3073.59
751; 0.00436194157769795; 39040.460920698; 39000.42; 3046.95
752; 0.000408403524211287; 38787.8684424993; 38784.12; 3046.32
753; 0.000476579771564058; 38536.7836599562; 38532.39; 3059.79
754; 0.00241092218913365; 38042.0905443649; 38020.71; 2943.13
755; -0.00407058340635273; 37609.3743869429; 37644.43; 2857.37
756; -0.00919018284737508; 36962.2691709454; 37039.5; 2787.47
757; -0.00310844217469744; 36600.8280391135; 36626.49; 2737.25
758; -0.00619739161921179; 35950.8644432719; 36000.14; 2635.2
759; -0.00616693179459188; 35541.5018666222; 35589.05; 2554.18
760; -0.00502168186338813; 35134.0597832989; 35172.51; 2535.32
761; -0.00959990771595419; 34529.783973734; 34601.45; 2470.73
762; -0.0140077406068456; 34136.5463489894; 34239.72; 2436.55
763; -0.00280340974089123; 33651.586934546; 33672.68; 2488
764; 0.00502638858755597; 33341.8300249828; 33303.74; 2504.89
765; 0.0131740692436744; 32912.360031702; 32811.99; 2518.12
766; 0.0173319306833681; 32630.0503009924; 32495.94; 2557.21
767; 0.0129340136317164; 32182.368163996; 32083.73; 2520.44
768; 0.0119019287697816; 31879.7140357704; 31788.56; 2531.26
769; 0.0128680770302666; 31474.293557465; 31373.5; 2588.63
770; 0.0115174305403186; 31221.1956123273; 31131.83; 2564.12
771; 0.00945094074921841; 30838.9325956925; 30766.53; 2530.61
772; 0.00387862348519834; 30587.1872316134; 30557.52; 2525.62
773; -0.00789963605306753; 30191.9534359258; 30250.57; 2449.01
774; -0.017530935117149; 29917.2806299788; 30043.56; 2376.29
775; -0.0135428324243361; 29625.1293423876; 29721.74; 2352.54
776; -0.0152254170764294; 29385.3503014921; 29492.76; 2325.58
777; -0.0172781051340181; 29034.7455084159; 29153.88; 2272.42
778; -0.0285202780668943; 28778.3187472758; 28972.74; 2246.02
779; -0.0241121890991801; 28476.7534188581; 28639.48; 2223.05
780; -0.0228852936001024; 28268.3571318077; 28422.74; 2221.57
781; -0.0177554170203803; 27968.2622297927; 28090.89; 2273.94
782; -0.0148791475652761; 27779.2320742023; 27881.21; 2256
783; -0.0157353283072961; 27428.8892191585; 27535.46; 2228.83
784; -0.00984748738276572; 27234.133549651; 27302.24; 2275.45
785; 0.00180597513720062; 26952.5935765799; 26940.17; 2262.64
786; 0.00177431956424733; 26715.656999289; 26703.37; 2277.04
787; -0.00326446060921002; 26388.9821134616; 26410.67; 2183.86
788; 0.00328669002262678; 26215.326355317; 26193.72; 2160.25
789; 0.00716701702600909; 25906.4203531407; 25859.43; 2153.91
790; 0.00628269436004453; 25730.6304116015; 25689.46; 2152.15
791; 0.0108145761536098; 25500.1751621733; 25431.07; 2098.09
792; 0.0036529948587492; 25323.9142974517; 25301.13; 2047.45
793; 0.00298687061822763; 25083.4895897891; 25065.27; 2002.01
794; 0.00330994641029163; 24934.4160225243; 24914.42; 1982.43
795; 0.010703801661924; 24734.3960793025; 24669.28; 1996.17
796; 0.0126741799442732; 24521.3567778515; 24445.9; 1953.43
797; 0.0166231956000287; 24368.2742009809; 24270.76; 1924.68
798; 0.0200079415551058; 24120.4822411182; 24001.4; 1952.7
799; 0.0288615993553334; 23975.0409474206; 23802.18; 1964.77
800; 0.0252029343302664; 23748.1777748281; 23597.51; 1960.87
801; 0.0310797410713708; 23606.2451773143; 23419.48; 1970.36
802; 0.0324309791580746; 23385.3136036414; 23194.39; 1929.63
803; 0.0304891781760149; 23214.5732856763; 23035.82; 1920.89
804; 0.0250968277455505; 23008.6910292107; 22864.61; 1880.25
805; 0.0232026055248985; 22835.3909256244; 22701.51; 1889.29
806; 0.0210164181235277; 22622.9780868475; 22505.05; 1836.81
807; 0.0191274709860619; 22496.1329430924; 22388.34; 1844.46
808; 0.00992062624112047; 22237.3849637808; 22182.43; 1812.68
809; 0.00172760869268038; 22085.5105488439; 22076.21; 1761.3
810; 0.00301333227503626; 21847.1999484602; 21830.98; 1760.66
811; 0.00479825908265743; 21699.9466731284; 21674.26; 1750.54
812; 0.0166130219195367; 21540.0689307957; 21450.09; 1770.52
813; 0.0147416747626179; 21404.6077415418; 21326.57; 1729.98
814; 0.0018104722166104; 21187.8672542525; 21178.66; 1661.43
815; 0.00361207749813995; 21073.5491842924; 21055.41; 1640.29
816; 0.011012524032769; 20884.4391488605; 20829.34; 1633.88
817; 0.0110248718986552; 20726.2900336456; 20672.04; 1606.64
818; 0.0175931122795145; 20650.2494511981; 20564.39; 1593.19
819; 0.0205810391418648; 20481.0137620347; 20383.83; 1541.22
820; 0.0266835268211827; 20354.1073432172; 20226.51; 1560.41
821; 0.0319569211538185; 20183.0130200978; 20023.8; 1625.28
822; 0.0325160889709065; 20064.3840254642; 19906.78; 1580.73
823; 0.0339178555590134; 19906.2431103055; 19737.53; 1621.8
824; 0.0298967530747158; 19802.7772093655; 19657.41; 1584.92
825; 0.030424527518888; 19616.4505242158; 19467.41; 1596.73
826; 0.0264579492501579; 19479.1701256543; 19351.12; 1577.52
827; 0.0175697348670755; 19292.3474091785; 19210.18; 1524.5
828; 0.00640643708382174; 19157.2501081562; 19127.55; 1511.39
829; 0.0010753443263197; 18983.2183187332; 18978.28; 1497.01
830; 0.00439678685223161; 18848.1045766217; 18828.55; 1449.7
831; 0.0139225054989558; 18758.6323899606; 18697.1; 1439.93
832; 0.00908064017096555; 18578.6254332065; 18538.23; 1448.64
833; 0.0181053361368323; 18485.5618391329; 18403.02; 1483.89
834; 0.0252589382280187; 18375.0874449102; 18260.68; 1473.59
835; 0.0260989893879143; 18267.2769886463; 18148.9; 1475.26
836; 0.0323211148230267; 18168.1999705561; 18027.06; 1419.96
837; 0.0361439564011876; 18077.0802157415; 17917.72; 1433.88
838; 0.0370366968870859; 17906.4495484474; 17743.73; 1429
839; 0.0317495873530377; 17735.8612374139; 17601.7; 1375.38
840; 0.0283620841058629; 17643.7483482878; 17526.81; 1342
841; 0.0115868097397428; 17482.1576386291; 17435.5; 1312.15
842; 0.00563318234459131; 17401.1547467995; 17379.08; 1276.64
843; 0.00760079478618428; 17240.3804575063; 17210.56; 1277.82
844; 0.0118077428414717; 17150.1003262676; 17103.94; 1272.97
845; 0.0205851045402625; 17023.9511454205; 16944.14; 1262.16
846; 0.0303017281870084; 16964.1561845256; 16847.44; 1253.63
847; 0.0395802230022146; 16828.0152047234; 16669.25; 1305.18
848; 0.0523604132983729; 16699.2086306703; 16495.05; 1268.41
849; 0.0478347224850594; 16565.0671300419; 16379.33; 1262.81
850; 0.0537380160077402; 16401.2365315627; 16192.74; 1261.5
851; 0.0602856808180512; 16325.9108894314; 16094.37; 1248.49
852; 0.0529892321814272; 16159.7224118242; 15963.03; 1206.31
853; 0.0514063499027648; 16051.2266674262; 15864.14; 1182.46
854; 0.0561083848401123; 15894.6428381946; 15694.26; 1160.06
855; 0.0531073191534707; 15733.6203617455; 15542.64; 1167.84
856; 0.0657898577787317; 15663.0356454725; 15425.07; 1174.41
857; 0.0678578961681129; 15509.7191488943; 15269.87; 1147.37
858; 0.070816170473314; 15407.0696691814; 15156.53; 1148.22
859; 0.0726958337219872; 15229.5159557821; 14966.85; 1172.44
860; 0.0753523558563168; 15114.5207372343; 14838.22; 1189.55
861; 0.0760266377901465; 14956.8394754415; 14677.89; 1190.07
862; 0.0861341209002273; 14791.8250365445; 14467.12; 1222.48
863; 0.0803814087547221; 14660.6694248037; 14361.95; 1204.9
864; 0.089380738290376; 14505.2767972406; 14177.91; 1187.23
865; 0.0919740698625458; 14369.6962470735; 14026.99; 1207.58
866; 0.0990412332761826; 14203.2999467525; 13850.63; 1153.79
867; 0.100439027106128; 13984.866524733; 13648.72; 1084.18
868; 0.0937466489750764; 13820.2128833408; 13521.48; 1032.09
869; 0.0861793550543879; 13575.0091870876; 13329.47; 922.62
870; 0.0796185378859602; 13388.2485962691; 13163.94; 912.12
871; 0.0845008959711484; 13121.3445969507; 12889.74; 887.17
872; 0.0832672494185758; 12936.4772203321; 12712.91; 868.9
873; 0.076859062976272; 12640.3210082896; 12432.42; 875.21
874; 0.0866359980289241; 12387.5711166072; 12153.58; 873.68
875; 0.0884271925311245; 12209.6909869699; 11959.66; 914.48
876; 0.104915319454685; 11993.0877041097; 11684.11; 952.29
877; 0.106663324113053; 11844.0025309126; 11525.8; 964.46
878; 0.116909063068011; 11662.4879603496; 11317.21; 954.59
879; 0.102334808681576; 11463.5158869719; 11168.8; 930.66
880; 0.0955480248261928; 11358.0896326227; 11086.47; 918.47
881; 0.0899224022117966; 11224.8168767534; 10970.52; 913.48
882; 0.0882909115808746; 11137.722925343; 10893.36; 893.84
883; 0.0900597126748604; 11049.1711510912; 10813.38; 845.38
884; 0.0877141276840093; 10948.9714127687; 10725.52; 822.4
885; 0.0859531833858556; 10866.7439203279; 10647.88; 821.83
886; 0.0858699617560113; 10785.8440312883; 10579.02; 777.22
887; 0.101631408859381; 10758.205015218; 10508.65; 792.23
888; 0.110375809930029; 10707.8091096141; 10447.87; 759.72
889; 0.109971925040434; 10655.8179726843; 10400.33; 749.33
890; 0.105512417777432; 10608.0025172677; 10369.11; 730.15
891; 0.107935241832316; 10581.8627024115; 10345.84; 705.07
892; 0.111132047910359; 10602.5708615836; 10355.45; 716.87
893; 0.122043870707329; 10681.7210564833; 10403.61; 734.54
894; 0.112383474331895; 10755.2536842576; 10493.42; 750.87
895; 0.115194511939294; 10837.6580948822; 10563.74; 766.23
896; 0.104790215949847; 10966.4820299908; 10706.65; 798.86
897; 0.0999091731873584; 11061.1514421582; 10800.41; 840.71
898; 0.100525502720969; 11238.1392795266; 10977.65; 834.61
899; 0.0989938939611476; 11428.2468985761; 11155.61; 886.9
900; 0.0983926345401389; 11553.2041233798; 11278.16; 900.05
901; 0.105643707801762; 11717.6095036132; 11413.41; 927.01
902; 0.118429744869314; 11861.8337914481; 11511.18; 953.05
903; 0.121111059414657; 11927.3089371914; 11568.8; 952.67
904; 0.122600178600034; 11964.7484826804; 11603.65; 947.74
905; 0.123704920315396; 11958.8452027955; 11594.96; 946.4
906; 0.128556287113264; 11909.9961020075; 11527.23; 957.78
907; 0.122507591171054; 11749.7410121688; 11387.4; 951.28
908; 0.125897193871843; 11624.9628809739; 11255.71; 943.17
909; 0.117681365631703; 11357.2412526394; 11022.24; 915.3
910; 0.118177051318111; 11068.5534630963; 10744.29; 882.1
911; 0.124575156512745; 10869.269950907; 10536.51; 858.58
912; 0.120811167399894; 10496.8737981135; 10192.08; 810.79
913; 0.122362929541746; 10235.1957226733; 9941.88; 770.26
914; 0.127039392653199; 9852.29546989853; 9570.46; 712.75
915; 0.142890773898253; 9470.1893353708; 9176.4; 660.45
916; 0.147780035803603; 9215.02805425505; 8929.38; 620.8
917; 0.146290160714362; 8838.19174165385; 8559.24; 612.34
918; 0.145405127239126; 8481.22959707949; 8211.41; 595.8
919; 0.15867541208807; 8280.66248816395; 7994.28; 579.41
920; 0.154336464529146; 7963.71398244901; 7686.77; 575.99
921; 0.147662514399989; 7650.4473761882; 7388.2; 570
922; 0.144912924945615; 7448.65482273522; 7199.05; 552.76
923; 0.15026123060226; 7178.13240004816; 6924.17; 542.32
924; 0.151488449597164; 6992.74987681536; 6746.85; 520.78
925; 0.157658552984506; 6724.14476840186; 6484.36; 487.89
926; 0.173601023526313; 6478.51269979968; 6230.74; 457.8
927; 0.178330120652891; 6304.63578724907; 6055.54; 447.98
928; 0.180267067550533; 6045.88352245945; 5799.08; 439.03
929; 0.191065193674511; 5786.01073923547; 5533.53; 423.69
930; 0.195121347074422; 5592.83361932958; 5344.2; 408.52
931; 0.196158626952395; 5280.46656598185; 5041.86; 389.92
932; 0.20026647611003; 4936.45828731302; 4693.06; 389.54
933; 0.190956798369672; 4651.86715530665; 4439.47; 356.45
934; 0.187293551197252; 4212.25656925789; 4025.96; 318.72
935; 0.21337671321804; 3755.44760482636; 3568.06; 281.37
936; 0.22098436606751; 3429.13745788714; 3261.67; 242.77
937; 0.198588990112156; 2946.39245827211; 2808.63; 222.2
938; 0.180143268884525; 2497.3621224832; 2396.02; 180.17
939; 0.163752362536658; 2230.12763910413; 2157.94; 141.17
940; 0.162293040884907; 1905.24535917684; 1833.58; 141.39
941; 0.156787088094403; 1671.4643159785; 1605.61; 134.47
942; 0.131779653740897; 1556.59067616622; 1508.26; 117.4
943; 0.104353906883106; 1445.02905040068; 1409.27; 109.68
944; 0.14748503326997; 1409.62321864084; 1365.7; 95.31
945; 0.185562072675429; 1412.96435082587; 1355.67; 98.8
946; 0.200477882106692; 1442.38700149994; 1367.17; 120.04
947; 0.202731813388188; 1491.99808111498; 1416.54; 119.07
948; 0.182503589880246; 1531.17555518204; 1464.94; 116.09
949; 0.199581918225634; 1606.65130887292; 1531.25; 120.83
950; 0.21703120375528; 1701.31663284071; 1619.57; 120.45
951; 0.217741282543618; 1768.40431088221; 1685.78; 121.33
952; 0.198697097585147; 1861.33883523547; 1779.47; 131.73
953; 0.204975160803092; 1963.54621527463; 1882.17; 126.91
954; 0.223996627897097; 2041.71045394617; 1946.94; 135.23
955; 0.221058767476672; 2149.12346042289; 2037.35; 161.59
956; 0.217865936708342; 2246.07096986253; 2124.29; 178.62
957; 0.199052305243814; 2303.7605521299; 2187.74; 186.23
958; 0.177773939589784; 2368.44572807666; 2247.3; 217.71
959; 0.175672823910486; 2436.82747194935; 2317.73; 216.56
960; 0.183403730613146; 2482.73982167681; 2360.09; 213.59
961; 0.155206896525682; 2528.76252292432; 2424.74; 214.04
962; 0.175271104695122; 2583.77618682321; 2474.76; 198.61
963; 0.191740454934169; 2614.12540958914; 2512.71; 168.87
964; 0.207735069497302; 2645.53301952947; 2535.92; 168.45
965; 0.233361658033985; 2670.05105905063; 2566.69; 141.38
966; 0.239607924385663; 2691.11529008272; 2577.83; 150.9
967; 0.247735462035448; 2705.81642520651; 2583.13; 158.04
968; 0.22743971078973; 2705.286542; 2579.15; 176.96
969; 0.21901417129299; 2696.81277366019; 2572.79; 180.67
970; 0.205325199947931; 2692.70529549792; 2561.66; 203.6
971; 0.181172659739126; 2681.44620121288; 2563.25; 208.09
972; 0.17803890052746; 2682.50705914061; 2558.88; 221.46
973; 0.192809498837417; 2689.92247088206; 2551.45; 229.02
974; 0.182596241049392; 2661.70910151048; 2528.64; 232.37
975; 0.196511383279992; 2650.04612688377; 2523.86; 204.72
976; 0.20397338668918; 2641.70111178213; 2511.8; 203.01
977; 0.169800112570922; 2616.52606631683; 2510.21; 199.57
978; 0.182412680146746; 2593.72230845012; 2482.35; 194.58
979; 0.182134279269536; 2559.91988563987; 2458.6; 177.27
980; 0.153619120387722; 2516.8365939267; 2444.27; 150.51
981; 0.147822406597628; 2481.15272746296; 2419.05; 133.84
982; 0.152371807793984; 2444.26856585776; 2367.4; 160.7
983; 0.143482200582735; 2409.11044679579; 2336.46; 161.27
984; 0.171992789086009; 2369.15743892945; 2282.81; 159.88
985; 0.15626713126361; 2326.80169716951; 2251.06; 154.34
986; 0.145857093097491; 2279.78524217482; 2207.6; 157.57
987; 0.139123302444397; 2259.85376556915; 2186.34; 168.22
988; 0.143652944792938; 2226.0992010379; 2145.24; 179.17
989; 0.153078919103889; 2187.68306599585; 2108.12; 165.42
990; 0.153235079498397; 2161.88453881901; 2081.64; 166.65
991; 0.148784237546455; 2120.78254964987; 2041.03; 170.56
992; 0.160026891802118; 2081.25989156451; 1997.25; 167.02
993; 0.164946474151264; 2043.85665733352; 1966.49; 149.21
994; 0.181317739329185; 2021.76429488824; 1939.72; 143.93
995; 0.187445330936496; 1978.75444560846; 1900.4; 132.95
996; 0.208514248343726; 1942.25942940315; 1864.41; 118.73
997; 0.226303370882752; 1906.27199191412; 1824; 115.6
998; 0.232415774893872; 1879.89143702821; 1807.07; 99.62
999; 0.239583388659973; 1841.49331564263; 1765.18; 101.26
1000; 0.221410557616089; 1795.46989092847; 1720.09; 108.22
1001; 0.231425184884967; 1765.59159036625; 1685.52; 109.97
1002; 0.284244157382134; 1735.84472372467; 1645.32; 101.21
1003; 0.200100974079828; 1680.16467199533; 1611.79; 108.58
1004; 0.225329105495468; 1650.3973975551; 1578.38; 101.55
1005; 0.230836940762779; 1625.8287130814; 1549.12; 105.57
1006; 0.269569415688972; 1590.28869569699; 1516.9; 86.48
1007; 0.32885246113471; 1555.92791230901; 1481.6; 71.79
1008; 0.270907403843713; 1506.45988119744; 1453.64; 61.92
1009; 0.218902430143959; 1475.04053736595; 1434.1; 59.39
1010; 0.352383240405167; 1454.5649906129; 1395.29; 53.41
1011; 0.288883224331443; 1405.45962957595; 1360.61; 49.29
1012; 0.255852617733523; 1368.65120490936; 1324.04; 55.35
1013; 0.209987186472615; 1340.0062969234; 1288.94; 77.19
1014; 0.236064610676059; 1307.31982879274; 1240.43; 89.93
1015; 0.21642302378417; 1272.0682830421; 1208.26; 93.56
1016; 0.236015231216788; 1239.5159186867; 1185.47; 72.66
1017; 0.272096038407652; 1221.28716742318; 1156.76; 75.24
1018; 0.29173296546671; 1194.06536101308; 1123.75; 76.46
1019; 0.288272173147786; 1158.3835118306; 1094.23; 70.59
1020; 0.286320024540186; 1128.87311251345; 1067.91; 67.53
1021; 0.25479934856552; 1113.97576832599; 1061.87; 64.85
1022; 0.32254197987949; 1095.31524933969; 1032.33; 61.92
1023; 0.23223628050678; 1055.30955429149; 995.4; 81.79
1024; 0.23719723919171; 1026.03168080171; 986.13; 53.33
1025; 0.217678731852102; 1009.91549800227; 973.1; 53.61
1026; 0.219328642188143; 986.799621641546; 952.67; 49.32
1027; 0.175715281409942; 954.950303614022; 934.38; 37.1
1028; 0.204379190668961; 933.98259934985; 908.57; 39.4
1029; 0.255215640430371; 919.065960048232; 890.68; 35.24
1030; 0.474949544995838; 904.406431172951; 861.62; 28.54
1031; 0.415373334147274; 880.3278814698; 834.97; 34.59
1032; 0.419427067899274; 853.831005663081; 813.72; 30.29
1033; 0.500180258911963; 837.409645857907; 789.35; 30.43
1034; 0.490892154399386; 823.819046310618; 780.6; 27.88
1035; 0.574812639416218; 809.015783517701; 755.68; 29.38
1036; 0.782719266919128; 787.075855162233; 748.41; 15.64
1037; 0.456073631123757; 760.685070842287; 732.52; 19.55
1038; 0.311781262040883; 746.536251356646; 727.94; 18.88
1039; 0.117624334605172; 732.547303431588; 755.57; -61.95
1040; 0.546121828486006; 717.189447244786; 691.58; 14.84
1041; -0.609023414862532; 578.860854139291; 681.33; 53.24
