# 16/03/2019 14:03:35
# NanoCalc data
# Original file name: C:\SVA_DATA\StudentProjects\2018_Nathan\PS_160319\PSswelling_16_03_19_355.dat
# Fit Result : Fitness; Thickness 1; Thickness 2; Thickness 3 
# Fit Result : 5.67860229085844; 2; 122.6; -1
# comment:PS id: 348 slowslow swelling at 13:07
#
# WaveLength; Reflectance; Raw Intensity; Dark Intensity; Reference Intensity
400; 0.379631890774823; 4518.85400349351; 4128.73; 498.3
401; 0.396339303324817; 4684.79465815029; 4281.21; 491.63
402; 0.395252443562774; 4793.17530230495; 4392.47; 487.32
403; 0.407657731196231; 4909.79343674464; 4494.68; 487.45
404; 0.404071523811915; 5027.86025955176; 4615.44; 486.53
405; 0.382607953714981; 5196.31093419654; 4790.2; 504
406; 0.385057078683125; 5321.93398478491; 4891.23; 529.04
407; 0.388278291996284; 5449.86065921625; 5004.66; 540.18
408; 0.390507145359407; 5580.80213658838; 5101.67; 575.74
409; 0.381890457473253; 5700.42073539384; 5219.95; 588.19
410; 0.375918506989827; 5861.61505363697; 5376.23; 601.39
411; 0.37111852583365; 5967.71507139061; 5472.62; 619.16
412; 0.367926509285159; 6057.68270100794; 5572.99; 609.24
413; 0.356680964499416; 6130.22873533232; 5656.11; 612.69
414; 0.363007290457693; 6282.84535231142; 5797.98; 613.59
415; 0.359486278174954; 6376.60576633807; 5886.56; 624.16
416; 0.350973427046043; 6451.7193439995; 5971.21; 624.77
417; 0.341945028229461; 6540.15095348444; 6067.74; 628.37
418; 0.345561314583185; 6683.05082232097; 6202.36; 630.58
419; 0.335294863320326; 6782.60917766531; 6310.91; 635.83
420; 0.332685314837378; 6896.7211911417; 6423.12; 641.48
421; 0.340411941241931; 7041.30797454968; 6553.44; 643.92
422; 0.345176932501219; 7227.41843289642; 6719.62; 659.04
423; 0.328606869671845; 7334.30358244842; 6825.99; 690.92
424; 0.332215731395989; 7488.14288457076; 6954.73; 715.03
425; 0.325605899439338; 7630.52825954302; 7100.68; 722.7
426; 0.317459627863373; 7853.15052978628; 7291.52; 783.57
427; 0.30502528043539; 7996.64989117106; 7441.53; 803.85
428; 0.296812122135551; 8142.7894559145; 7580.19; 834.93
429; 0.281974829777547; 8263.37206165279; 7715.94; 853.06
430; 0.264916746618563; 8478.05928732849; 7945.72; 880.75
431; 0.261662460622265; 8632.51781240168; 8084.29; 916.06
432; 0.260693481135366; 8743.26035864002; 8199.59; 909.55
433; 0.250561191135652; 8855.77742072481; 8310.91; 946.14
434; 0.244936116094472; 9025.66038053667; 8484.39; 959.16
435; 0.245362852096667; 9145.02911649131; 8602.52; 957.61
436; 0.246508560268073; 9238.69182950008; 8688.3; 964.91
437; 0.239047356683728; 9348.37866897842; 8807.31; 975.92
438; 0.244861574112041; 9531.31680532262; 8973.36; 980.21
439; 0.246697162049074; 9633.1116563965; 9055.15; 1005.5
440; 0.235516978163276; 9725.78988437728; 9166.34; 1017.16
441; 0.23276370246261; 9842.54814088471; 9282.43; 1028.13
442; 0.2313042375924; 10016.8460813394; 9458.75; 1028.56
443; 0.223063189362088; 10112.3682495395; 9583.99; 1007.55
444; 0.209015796316264; 10246.6662779912; 9747.02; 1014.57
445; 0.201155547178619; 10367.7390399511; 9884.78; 1016.71
446; 0.195165108821392; 10554.3396123634; 10083.61; 1019.05
447; 0.181171438998521; 10707.3058557474; 10250.15; 1063.82
448; 0.167384837984218; 10866.8097891994; 10438.6; 1076.19
449; 0.146843496462448; 11116.7754691248; 10729.27; 1107.78
450; 0.135386526924663; 11286.5318726791; 10918.08; 1140
451; 0.131607363855954; 11481.0350720745; 11119.59; 1148.12
452; 0.129475706756961; 11682.7415074462; 11317.34; 1177.39
453; 0.124024225623915; 12016.2366898394; 11649.5; 1231.2
454; 0.110791966864221; 12242.7780751407; 11910.85; 1244.96
455; 0.102848527764009; 12456.2583187961; 12145.22; 1254.26
456; 0.101258508006616; 12707.9611150536; 12401.32; 1253.51
457; 0.0966313964065826; 13079.4073810993; 12779.62; 1281.75
458; 0.0962225929111689; 13368.6652779153; 13057.99; 1331.39
459; 0.0897760676872612; 13594.6964468753; 13298.95; 1355.89
460; 0.0872417830540911; 13858.1239905368; 13561.85; 1395.15
461; 0.0785940577938983; 14202.2532457164; 13933.24; 1403.55
462; 0.083761841459889; 14434.1489277724; 14137.18; 1451.1
463; 0.0793506041150164; 14635.4232024212; 14347.89; 1480.41
464; 0.0790398142857072; 14993.6058019442; 14697.65; 1526.98
465; 0.0737929815300035; 15226.5381187441; 14948.09; 1536.14
466; 0.0669664412599789; 15472.8005248206; 15217.68; 1548.2
467; 0.0636148970280341; 15735.032549742; 15491.31; 1554.34
468; 0.0533299872314746; 16217.5078270297; 16005.76; 1608.14
469; 0.0410959447900315; 16531.7691524981; 16367.5; 1616.28
470; 0.0397899722798534; 16889.5006340489; 16726.43; 1654.44
471; 0.0379612467764792; 17315.3831920047; 17152.92; 1724.85
472; 0.0325401453726515; 17995.2989332726; 17848.48; 1815.49
473; 0.023589194612152; 18447.0321011987; 18337.26; 1869.44
474; 0.0197930338739144; 18952.5552163481; 18857.85; 1919.08
475; 0.0229257237913596; 19862.6167406513; 19747.25; 2015.09
476; 0.0201772470811627; 20435.2223253371; 20330.81; 2068.81
477; 0.00965821233249113; 21052.960833434; 21002.14; 2100.32
478; 0.0111641216434511; 21811.1642724373; 21749.8; 2190.43
479; 0.00304176268929124; 22873.0798889719; 22855.75; 2266.9
480; -0.000677543610665921; 23638.8917687978; 23642.88; 2338.44
481; 0.00410321817442391; 24411.8979248583; 24387.3; 2377.96
482; 0.0048179340933733; 25597.0922089607; 25566.6; 2506.71
483; 0.00253206997111236; 26375.4027946143; 26359.04; 2555.76
484; 0.00361288634201101; 27156.294991389; 27132.3; 2622.74
485; 0.00485762203634058; 27937.5395068301; 27904.38; 2691.67
486; 0.0148645099379112; 28997.9649918071; 28891.56; 2818.29
487; 0.0153859436220051; 29671.4962111968; 29557.13; 2922.08
488; 0.0189802192829515; 30370.7409009055; 30228.25; 2946.77
489; 0.01856002511761; 30969.9707114684; 30828.85; 2980.24
490; 0.0163534237368084; 31803.0030436321; 31675.19; 3059.02
491; 0.0133210736445991; 32306.7576545908; 32202.1; 3071.01
492; 0.0202804910585607; 32845.8238304909; 32681.91; 3155.14
493; 0.0212941505798267; 33541.4841515332; 33367.32; 3188.82
494; 0.0224587766876107; 33992.1578406651; 33806.15; 3225.04
495; 0.0250449867111449; 34444.80495092; 34237.31; 3222.06
496; 0.0238513765608857; 35008.7229684148; 34809.18; 3249.64
497; 0.0268140249770519; 35397.0295562376; 35171.51; 3262.86
498; 0.0320646226323563; 35802.1603195055; 35529.07; 3300.04
499; 0.0356167765625822; 36262.3811148895; 35957.07; 3317.25
500; 0.0408980298466223; 36807.7915487834; 36455.96; 3324.93
501; 0.043237310427333; 37199.4402876496; 36819.54; 3391.56
502; 0.0506815719750835; 37625.4081002217; 37176.1; 3417.51
503; 0.0554904119705428; 38173.9469937785; 37664.75; 3532.88
504; 0.0583842398555899; 38614.4531682095; 38078.63; 3528.83
505; 0.0631764726235279; 39090.0586044258; 38492.74; 3631.1
506; 0.062114501134413; 39528.7126079685; 38939.42; 3639.21
507; 0.0676603589663088; 40190.9318869898; 39542.79; 3670.33
508; 0.0715988100128333; 40669.8539758536; 39980.31; 3685.74
509; 0.0711064275621526; 41122.3319447069; 40433.11; 3705.42
510; 0.0721796634632414; 41809.9334544177; 41112.62; 3688.99
511; 0.0769338115558442; 42321.7881980147; 41570.54; 3724.49
512; 0.0808774671169313; 42816.3305350714; 42009.35; 3801.38
513; 0.0881027411851128; 43539.3592494143; 42653.8; 3825.15
514; 0.0969479063487945; 44084.3430087807; 43089.63; 3900.16
515; 0.1015192942516; 44622.0045149641; 43574.42; 3918.1
516; 0.108517892702157; 45100.139488298; 43959.13; 3987.71
517; 0.120176438236722; 45908.6483130268; 44608.66; 4097.84
518; 0.122425986910948; 46453.0916761003; 45093.66; 4201.72
519; 0.12221575870734; 46957.6512041873; 45585.82; 4242.52
520; 0.126832662043544; 47779.3616061793; 46354.32; 4241.93
521; 0.127464865361514; 48275.0273040485; 46836.25; 4257.03
522; 0.131196608741425; 48787.9432091936; 47290.23; 4300.76
523; 0.134347625433778; 49526.5301490751; 47955.64; 4400.48
524; 0.136050482774283; 50081.4454639996; 48473.51; 4443.21
525; 0.138057472310139; 50558.2564796114; 48920.91; 4454.13
526; 0.143963243457054; 51252.9900886571; 49544.96; 4451.22
527; 0.150522104246844; 51717.4042415283; 49917.2; 4482.6
528; 0.152992909175363; 52092.3793464748; 50237.52; 4539.52
529; 0.156009450510536; 52457.1724210009; 50576.77; 4508.6
530; 0.159742159019635; 52929.5004106854; 50993.65; 4528.72
531; 0.164791238162499; 53207.640868926; 51174.87; 4605.53
532; 0.169738136998541; 53471.9547342129; 51347.43; 4668.84
533; 0.17668835985442; 53833.3601266886; 51578.11; 4756.79
534; 0.176598245007189; 53993.167558899; 51722.03; 4788.33
535; 0.180591855318963; 54233.079138371; 51885.84; 4834.27
536; 0.187677979065211; 54539.4302062376; 52097.07; 4835.29
537; 0.185047590306832; 54718.3333942475; 52264.71; 4921.33
538; 0.189647780104184; 54966.4301173395; 52444.34; 4930.62
539; 0.191520690130436; 55316.1979021917; 52766.82; 4930.26
540; 0.19530773930895; 55560.6287138853; 52950.34; 4945.18
541; 0.202282386589599; 55893.0746409739; 53157.19; 5000.24
542; 0.210605160788462; 56337.8778481423; 53506.74; 4965.7
543; 0.219075208951732; 56662.8175553557; 53737.46; 4928.71
544; 0.224836838244609; 57007.0393544245; 54002.84; 4927.96
545; 0.232082120038218; 57513.165408218; 54398.29; 4945.97
546; 0.236340533442105; 57866.6855511095; 54667.39; 4984.42
547; 0.243346815919839; 58234.7227241837; 54963; 4946.21
548; 0.247541886635781; 58815.1401714946; 55485.77; 4943.89
549; 0.246243676126534; 59092.0013234773; 55780.6; 4938.83
550; 0.248832973388512; 59458.8073282684; 56082.81; 4978.56
551; 0.247847106549168; 59803.472071964; 56442.1; 4972.49
552; 0.247190137159505; 60271.8383325511; 56912.56; 4978.37
553; 0.25285012646822; 60611.5282823889; 57170.85; 4980.75
554; 0.253650749712712; 60955.7629763484; 57462.94; 5035.98
555; 0.253733068815359; 61463.3931874302; 57899.63; 5132.21
556; 0.254813478262077; 61799.6893032927; 58218.74; 5130.57
557; 0.254176279819822; 62144.4541388387; 58560.38; 5143.51
558; 0.25420364518529; 62711.8448386795; 59102.67; 5174.53
559; 0.255921544820246; 63173.2878694409; 59482.74; 5251.16
560; 0.257121320677343; 63690.1990506176; 59907.96; 5351.9
561; 0.256824605247145; 64525.033377503; 60680.51; 5441.76
562; 0.258656652813975; 65126.5290595719; 61275.73; 5407.36
563; 0.262269814317016; 65774.9264747507; 61881.59; 5387.39
564; 0.265728548810592; 66771.6641561063; 62777.77; 5450.16
565; 0.269529812947518; 67426.0245677504; 63329.69; 5507.06
566; 0.270343241689878; 68021.5346615369; 63858.49; 5575.79
567; 0.267434911388545; 68780.0011621606; 64591.04; 5667.63
568; 0.267652141946998; 69125.0032992127; 64947.29; 5643.95
569; 0.26877513148237; 69361.5068173579; 65185.62; 5613.9
570; 0.270902430513083; 69559.1064678625; 65338.74; 5625.12
571; 0.271280196224983; 69582.79127424; 65313.57; 5677.94
572; 0.270521531840171; 69561.3008115718; 65256.1; 5737.27
573; 0.275850403468314; 69370.9409572299; 65014.32; 5689.09
574; 0.277132011758201; 69133.8769256648; 64809.91; 5615.69
575; 0.28119465420516; 68809.8466040671; 64479.72; 5538
576; 0.28369980685704; 68696.6372889058; 64344.84; 5512.29
577; 0.283136141874414; 68557.9325435904; 64163.52; 5573.02
578; 0.282282024048468; 68277.1643624048; 63925.39; 5531.34
579; 0.280948828486746; 68109.4066454455; 63786.68; 5516.34
580; 0.283497413610634; 67966.6005371626; 63688.94; 5405.68
581; 0.281606818840233; 67756.1639858324; 63511.61; 5396.07
582; 0.282254295151086; 67667.971992903; 63395.76; 5414.97
583; 0.282205974948345; 67583.2739099154; 63297.12; 5429.9
584; 0.282283785657758; 67428.83824272; 63141.9; 5425.87
585; 0.280537046552809; 67302.2711568661; 63062.85; 5395.63
586; 0.288413945775752; 67307.3543832769; 62944.34; 5397.76
587; 0.289837430924745; 67207.6010189051; 62792.76; 5431.66
588; 0.289438551580369; 67111.3068204093; 62654.36; 5487.59
589; 0.292518505771947; 67101.1842181957; 62566.82; 5520.82
590; 0.293552703036089; 67078.9761720883; 62512.58; 5536.76
591; 0.295133882256633; 67112.4066467174; 62505.81; 5552.09
592; 0.296076573815656; 67157.7689689219; 62513.67; 5575.96
593; 0.298538171602375; 67264.7917410072; 62611.92; 5536.94
594; 0.293303700090652; 67296.5555033866; 62693.31; 5572.13
595; 0.294363354857531; 67592.8784653337; 62989.14; 5549.16
596; 0.294318005844675; 67845.4652949013; 63234.76; 5554.9
597; 0.29082067017895; 68142.1182532529; 63610.07; 5522.3
598; 0.29091008352489; 68729.4860499676; 64126.97; 5602.89
599; 0.292049819810211; 69204.433211841; 64545.09; 5646.35
600; 0.293122095834125; 69770.2510337964; 65063.58; 5679.23
601; 0.294236548974416; 70767.8279454686; 65916.6; 5827.78
602; 0.293973229425115; 71494.189617912; 66585.74; 5898.21
603; 0.294111654737563; 72192.0724736305; 67192.33; 6001.26
604; 0.29333741941588; 73227.2282310846; 68063.31; 6210.72
605; 0.296811759900565; 73903.8576625769; 68568.75; 6337.63
606; 0.296068044779427; 74540.8062199201; 69197.15; 6359.84
607; 0.291451990283429; 75208.806719307; 69914.96; 6396.43
608; 0.290563275267018; 75616.6654255918; 70317.9; 6418.02
609; 0.287168226731952; 76012.6400726231; 70777.29; 6412.24
610; 0.287969006192017; 76186.5902718651; 70888.42; 6467.16
611; 0.288813345983405; 76326.0289116518; 71003.56; 6474.02
612; 0.28585887361506; 76298.3621621492; 71007.29; 6498.34
613; 0.283739209834613; 76225.0876777616; 70998.27; 6463.39
614; 0.28248511260238; 76013.5484905771; 70832.33; 6431.65
615; 0.285230932161497; 75648.2806447533; 70445.1; 6392.96
616; 0.282005383470149; 75268.1932627; 70072.58; 6452.68
617; 0.281017504469245; 74610.4944052212; 69438.15; 6442.73
618; 0.279625582519787; 74129.1110638032; 69078.18; 6319.07
619; 0.277311271611; 73622.0215414123; 68627.06; 6297.82
620; 0.277593799531473; 72924.8605189521; 68049.15; 6137.91
621; 0.277854586340831; 72380.1433272569; 67566.24; 6051.33
622; 0.278572935124337; 71926.3442944175; 67148.78; 5987.11
623; 0.280282957535324; 71268.9281700007; 66516.87; 5915.96
624; 0.282931436400983; 70845.8957807445; 66173.83; 5759.15
625; 0.282118257394155; 70241.6107635316; 65647.4; 5676.76
626; 0.281571898747156; 69885.9599908814; 65330.01; 5637.68
627; 0.274956475078727; 69437.3086678298; 65052.88; 5553.44
628; 0.266892424365015; 68782.3668528156; 64518.76; 5560.88
629; 0.261408390895394; 68406.8999921139; 64241.88; 5543.73
630; 0.257092168407438; 68048.8123339749; 63905.68; 5604.62
631; 0.252764389281743; 67532.4047975419; 63476.06; 5578.78
632; 0.253685313886823; 67254.8424630145; 63179.09; 5582.73
633; 0.254818107551905; 66796.9090852104; 62767.42; 5492.47
634; 0.254318726975067; 66480.7650643482; 62514; 5415.11
635; 0.259262589206642; 66246.094496359; 62254.26; 5342.51
636; 0.262335673435883; 65924.940508273; 61987.01; 5205.79
637; 0.262276922205372; 65701.6783524702; 61764.54; 5202.77
638; 0.260706146426646; 65449.8768472655; 61555.63; 5173.97
639; 0.255188007399867; 65112.4151680507; 61337.24; 5121.28
640; 0.248855423721349; 64876.1091124809; 61186.77; 5129.09
641; 0.240096807835673; 64515.351863531; 60926.44; 5168.8
642; 0.23860920013325; 64348.6967505737; 60738.15; 5229.66
643; 0.236650468973893; 64212.2839371206; 60655.06; 5192.52
644; 0.235573057149768; 63957.1686033098; 60375.33; 5249.78
645; 0.23226043524996; 63738.5836936083; 60187.65; 5276.42
646; 0.231148979750287; 63460.8788215753; 59942.03; 5251.45
647; 0.233917213554547; 63308.4603327703; 59767.67; 5219.54
648; 0.233443188344536; 63111.0420951392; 59567.72; 5231.75
649; 0.234995393658415; 62906.054201898; 59337.46; 5231.98
650; 0.231191257430444; 62677.0127662921; 59168.18; 5226.73
651; 0.2278037054175; 62432.0583656692; 58909.88; 5322.15
652; 0.227905973510437; 62282.617598602; 58799.62; 5257.98
653; 0.229126571755331; 62177.3527690064; 58744.82; 5151.64
654; 0.2310926282334; 62061.8503169734; 58622.74; 5115.21
655; 0.227105868581076; 61898.2366573878; 58553.86; 5059.56
656; 0.227702220279633; 61735.3582611452; 58381.47; 5058.59
657; 0.226213987820974; 61601.2398968117; 58256.17; 5076.7
658; 0.229269449233855; 61529.6827984986; 58185.35; 5006.18
659; 0.231132316233457; 61372.2652191994; 58052.77; 4926.93
660; 0.230342433673978; 61235.1357005334; 57954.92; 4883.32
661; 0.22760433565483; 61024.7500405399; 57747.73; 4934.5
662; 0.226360324197226; 60867.1575442411; 57625.64; 4905.27
663; 0.224296686706528; 60719.2041310442; 57524.13; 4876.89
664; 0.220040978358514; 60515.4636015426; 57417.09; 4818.06
665; 0.215240372356056; 60337.2251686285; 57335.16; 4770.59
666; 0.210058092256769; 60117.1220519639; 57198.04; 4751.34
667; 0.204189660221327; 59944.1649984678; 57082.23; 4790.65
668; 0.20036679503647; 59743.4966319818; 56937.17; 4785.78
669; 0.195237948470564; 59470.980439403; 56731.7; 4792.32
670; 0.193276373941797; 59315.9912390172; 56601.69; 4794.97
671; 0.187970244936396; 59035.7500776244; 56396.69; 4790.96
672; 0.188140569041454; 58888.4591494322; 56255.13; 4773.54
673; 0.186593449601456; 58736.1803684188; 56121.1; 4776.93
674; 0.180986605971151; 58403.3722347523; 55860.44; 4786.34
675; 0.178191277388831; 58147.9345878679; 55641.32; 4789.86
676; 0.177576591916444; 57785.4741010516; 55281.89; 4798.49
677; 0.176616443401705; 57514.9909905019; 55029.44; 4788.26
678; 0.175636262996706; 57101.1241675664; 54649.42; 4747.72
679; 0.177175058171679; 56832.5309217404; 54370.61; 4724.41
680; 0.171345139351396; 56439.103114078; 54053.07; 4733.02
681; 0.1693770546548; 55918.894956104; 53553.6; 4744.7
682; 0.170635212436856; 55604.9955490262; 53266; 4655.54
683; 0.173097476889876; 55208.5291620964; 52864.11; 4598.17
684; 0.172270108826584; 54934.8129184015; 52608.7; 4582.53
685; 0.171501882700917; 54523.6128660287; 52237.34; 4522.46
686; 0.169811370052619; 54185.2804946415; 51913.98; 4535.94
687; 0.167273574675272; 53879.6111029061; 51649.53; 4519.43
688; 0.170262611092842; 53512.8982623257; 51295.5; 4413.25
689; 0.165086098348666; 53192.761533978; 51070.3; 4355.19
690; 0.157717451092313; 52719.5563740018; 50699.74; 4336.51
691; 0.153099962679462; 52357.1013595043; 50413.55; 4296.94
692; 0.152084208303263; 52066.7758825139; 50130.14; 4308.56
693; 0.145372834745621; 51569.5566607781; 49696.67; 4357.39
694; 0.140143645106384; 51261.4811700078; 49465.93; 4331.64
695; 0.137112912696248; 50797.3884046939; 49036.92; 4339.05
696; 0.134871373680802; 50505.477889955; 48764.73; 4359.91
697; 0.133372853848483; 50100.7949135934; 48370.16; 4381.3
698; 0.136681015804318; 49862.9911061184; 48079.54; 4403.87
699; 0.135046913321676; 49473.9466059402; 47719.76; 4382.3
700; 0.135496203235415; 49220.0348640005; 47469.65; 4356.59
701; 0.133241274882392; 48949.6995259451; 47257.62; 4281.45
702; 0.132497610194873; 48576.7883989251; 46910.58; 4238.24
703; 0.130533100145564; 48293.0520550649; 46677; 4171.26
704; 0.12711691221606; 47923.3726557901; 46395.78; 4047.67
705; 0.127158735935245; 47649.5637504222; 46117.47; 4056.66
706; 0.12252874553021; 47204.0369657166; 45748.44; 3998.29
707; 0.116559872380476; 46928.9808579759; 45565.62; 3935.03
708; 0.106298901200071; 46612.0975172234; 45404.96; 3818.82
709; 0.0998702369929073; 46196.042529434; 45067.9; 3797.26
710; 0.101216680049927; 45989.5751326189; 44868.29; 3722.61
711; 0.096615141837308; 45589.4459406147; 44507.27; 3763.08
712; 0.0966357557370364; 45311.5082741179; 44234.63; 3743.06
713; 0.0886502413549164; 44918.8706621574; 43956.65; 3645.02
714; 0.089913030645139; 44641.5520403658; 43673.52; 3614.87
715; 0.0887314350233881; 44183.5581841286; 43250.26; 3530.39
716; 0.0931099171485504; 43881.7763714194; 42906.92; 3513.11
717; 0.0948229621890042; 43532.3335635097; 42561.47; 3434.15
718; 0.0942428463733963; 42944.2595381798; 42001.83; 3352.76
719; 0.0919368637902519; 42529.1790502823; 41637.91; 3248.89
720; 0.0838223727842151; 41876.8220096997; 41084.95; 3164.74
721; 0.0851099519484761; 41518.6220801822; 40719.31; 3144.99
722; 0.0811966153765934; 40926.8450698759; 40173.84; 3104.44
723; 0.0797471512541345; 40555.4083784058; 39818.44; 3092.41
724; 0.0694868580852066; 39997.3591148877; 39369.63; 3021.85
725; 0.0658527940137276; 39686.5614750765; 39089.54; 3031.51
726; 0.0662086468230705; 39412.9903662978; 38812.67; 3030.76
727; 0.0677866725729365; 39294.183206738; 38667.46; 3089.26
728; 0.0677098503869293; 39160.1186547953; 38526.57; 3125.39
729; 0.0651541556661219; 39024.2659419129; 38422.34; 3085.01
730; 0.0617551324403195; 38967.0769724188; 38393.37; 3101.36
731; 0.0640848123633532; 38986.2882818796; 38393.25; 3089.03
732; 0.0687712234061183; 39048.3714785271; 38409.02; 3102.94
733; 0.0675173329404377; 39080.1633427739; 38439.38; 3167.25
734; 0.0606044546627726; 38964.4049879288; 38387.61; 3175.87
735; 0.0542213981103765; 38851.9657741427; 38341.94; 3138.05
736; 0.0491103472788478; 38744.6083195542; 38288.17; 3099.75
737; 0.0477306767632175; 38645.3137182149; 38208.75; 3049.44
738; 0.0504654546253557; 38558.083074203; 38099.45; 3028.96
739; 0.0426311997083312; 38395.5820234487; 38012.51; 2993.74
740; 0.0351880975860186; 38270.9228359858; 37957.1; 2970.22
741; 0.034754664409315; 38203.4708936974; 37899.45; 2912.34
742; 0.0352947278136207; 38253.616423031; 37944.75; 2912.58
743; 0.0336018947686812; 38302.5796053714; 38010.17; 2895.32
744; 0.0339288149671563; 38466.368373253; 38163.41; 2969.85
745; 0.0329251083719222; 38594.301104017; 38302.58; 2945.77
746; 0.0265713805658247; 38824.8197742221; 38585.54; 2992.87
747; 0.024146234216561; 39012.0572642866; 38793.08; 3012.89
748; 0.0247564156956716; 39247.3841998625; 39021.67; 3028
749; 0.0205683411972126; 39301.4284692003; 39113.75; 3029.55
750; 0.0148404774983708; 39208.6766030631; 39071.26; 3073.59
751; 0.0113878319693097; 39104.9558514513; 39000.42; 3046.95
752; 0.0106664930706364; 38882.0200757191; 38784.12; 3046.32
753; 0.00824782903502543; 38608.4279653494; 38532.39; 3059.79
754; 0.0087475859901115; 38098.2853573425; 38020.71; 2943.13
755; 0.00826789527651606; 37715.6326038229; 37644.43; 2857.37
756; 0.00448722906692787; 37077.2089799792; 37039.5; 2787.47
757; 0.00646206646258529; 36679.8380397863; 36626.49; 2737.25
758; 0.00810861702116234; 36064.6117394935; 36000.14; 2635.2
759; 0.00811065656510318; 35651.5845946711; 35589.05; 2554.18
760; 0.00564330994814597; 35215.7199237507; 35172.51; 2535.32
761; 0.00155654911037624; 34613.0700793517; 34601.45; 2470.73
762; 0.000177900639756071; 34241.0303225592; 34239.72; 2436.55
763; 0.00526325758981373; 33712.281145428; 33672.68; 2488
764; 0.0106755728569297; 33384.6396021185; 33303.74; 2504.89
765; 0.0153749410471216; 32929.1279390659; 32811.99; 2518.12
766; 0.0210689529127111; 32658.966478027; 32495.94; 2557.21
767; 0.0204216226773108; 32239.4706249958; 32083.73; 2520.44
768; 0.0193573504863585; 31936.8133337901; 31788.56; 2531.26
769; 0.0195124328221697; 31526.3377172686; 31373.5; 2588.63
770; 0.0150744184541683; 31248.7948586912; 31131.83; 2564.12
771; 0.0131688231130447; 30867.4148749452; 30766.53; 2530.61
772; 0.00927676849851781; 30628.4771425841; 30557.52; 2525.62
773; 0.000221168854692338; 30252.2111083062; 30250.57; 2449.01
774; -0.00767095705796374; 29988.304326628; 30043.56; 2376.29
775; -0.00518406224361076; 29684.7583962434; 29721.74; 2352.54
776; -0.0042146069918587; 29463.0275030804; 29492.76; 2325.58
777; -0.0126881550246055; 29066.3937342161; 29153.88; 2272.42
778; -0.0164874793107198; 28860.3457107741; 28972.74; 2246.02
779; -0.0157942505715745; 28532.8889150247; 28639.48; 2223.05
780; -0.0137859075202941; 28329.7410644912; 28422.74; 2221.57
781; -0.0134764159954648; 27997.8151461673; 28090.89; 2273.94
782; -0.0117287809031206; 27800.8238929742; 27881.21; 2256
783; -0.0165300538944982; 27423.5067749713; 27535.46; 2228.83
784; -0.00974246688822724; 27234.8598844833; 27302.24; 2275.45
785; -0.00535932452350563; 26903.3023946478; 26940.17; 2262.64
786; 0.000760372572423533; 26708.6355099144; 26703.37; 2277.04
787; -0.00244496667603792; 26394.4265324849; 26410.67; 2183.86
788; -0.000185524841406383; 26192.5003791608; 26193.72; 2160.25
789; 0.0027495605574093; 25877.457419372; 25859.43; 2153.91
790; -0.000103938053934797; 25688.7788953312; 25689.46; 2152.15
791; 0.00853949023299601; 25485.6373588171; 25431.07; 2098.09
792; 0.00309580301855052; 25320.4390052283; 25301.13; 2047.45
793; 0.00155273759973261; 25074.7415324944; 25065.27; 2002.01
794; 0.00358049840907507; 24936.0504791563; 24914.42; 1982.43
795; 0.0107730932809995; 24734.8176116426; 24669.28; 1996.17
796; 0.0112537640770732; 24512.9002145851; 24445.9; 1953.43
797; 0.0118036268862469; 24340.0018757611; 24270.76; 1924.68
798; 0.0179315475056736; 24108.1240654323; 24001.4; 1952.7
799; 0.0224348432737892; 23936.5491392772; 23802.18; 1964.77
800; 0.0234433560460573; 23737.6586923577; 23597.51; 1960.87
801; 0.0228644850542352; 23556.8778501155; 23419.48; 1970.36
802; 0.0172267762783179; 23295.8053223727; 23194.39; 1929.63
803; 0.0176133517112976; 23139.0843278212; 23035.82; 1920.89
804; 0.0213341898772074; 22987.0897040506; 22864.61; 1880.25
805; 0.0208009547507864; 22821.5332048473; 22701.51; 1889.29
806; 0.0127361586969067; 22576.5155951401; 22505.05; 1836.81
807; 0.0125201479712883; 22458.8973464867; 22388.34; 1844.46
808; 0.0104792250995895; 22240.4793027156; 22182.43; 1812.68
809; 0.00446512676463136; 22100.2479258014; 22076.21; 1761.3
810; 0.00488054260231211; 21857.2506340495; 21830.98; 1760.66
811; 0.00342145526662742; 21692.5761854213; 21674.26; 1750.54
812; 0.0030880130394649; 21466.8151998414; 21450.09; 1770.52
813; 0.00793872410744303; 21368.5950826344; 21326.57; 1729.98
814; 0.00421154568194233; 21200.0780430575; 21178.66; 1661.43
815; -0.00390621531576347; 21035.7937100574; 21055.41; 1640.29
816; 0.00524965938790351; 20855.6057101333; 20829.34; 1633.88
817; 0.00372829746506702; 20690.3858152421; 20672.04; 1606.64
818; 0.00973843708469888; 20611.9163756825; 20564.39; 1593.19
819; 0.0121512836724727; 20441.2084177126; 20383.83; 1541.22
820; 0.0121549600936542; 20284.6335241224; 20226.51; 1560.41
821; 0.0117165420473166; 20082.1731466332; 20023.8; 1625.28
822; 0.0108015949279087; 19959.134846353; 19906.78; 1580.73
823; 0.0076695042099582; 19775.6794020903; 19737.53; 1621.8
824; 0.00463732827971951; 19679.9581164878; 19657.41; 1584.92
825; 0.00890239028974476; 19511.0201074941; 19467.41; 1596.73
826; 0.0102884159132022; 19400.9134642633; 19351.12; 1577.52
827; 0.00754754925939004; 19245.4772069859; 19210.18; 1524.5
828; 0.00594591621239457; 19155.1151430405; 19127.55; 1511.39
829; 0.00405271640068779; 18996.8913459958; 18978.28; 1497.01
830; 0.00560985464353189; 18853.4996589556; 18828.55; 1449.7
831; 0.00760022184298912; 18730.6902050292; 18697.1; 1439.93
832; 0.00468006296173241; 18559.0493659492; 18538.23; 1448.64
833; 0.00487895103807477; 18425.2630331411; 18403.02; 1483.89
834; 0.00196300480774616; 18269.571203675; 18260.68; 1473.59
835; 0.00382370406157142; 18166.2431455738; 18148.9; 1475.26
836; 0.00221004772873673; 18036.7108450612; 18027.06; 1419.96
837; 0.00764666616558684; 17951.4344709983; 17917.72; 1433.88
838; 0.00511604232055805; 17766.2071690299; 17743.73; 1429
839; 0.00449056197955814; 17620.6753443143; 17601.7; 1375.38
840; 0.0054350383835579; 17549.2189460098; 17526.81; 1342
841; -0.00735090343794165; 17405.8994625002; 17435.5; 1312.15
842; -0.0235561444353607; 17286.7705571002; 17379.08; 1276.64
843; -0.0107772304641166; 17168.2773240258; 17210.56; 1277.82
844; -0.013079230796237; 17052.8090117164; 17103.94; 1272.97
845; -0.0046829802307303; 16925.9834725233; 16944.14; 1262.16
846; 0.00626396329423543; 16871.5675313144; 16847.44; 1253.63
847; 0.0189505067284216; 16745.2647581832; 16669.25; 1305.18
848; 0.0298416366979498; 16611.4056072504; 16495.05; 1268.41
849; 0.0333369295447054; 16508.7737449695; 16379.33; 1262.81
850; 0.0244174233830267; 16287.4764354561; 16192.74; 1261.5
851; 0.031655676051684; 16215.9508346045; 16094.37; 1248.49
852; 0.0260797941477562; 16059.8364151833; 15963.03; 1206.31
853; 0.0273669652399547; 15963.7384802266; 15864.14; 1182.46
854; 0.0319366749398318; 15808.317133977; 15694.26; 1160.06
855; 0.0323870366651001; 15659.1077124878; 15542.64; 1167.84
856; 0.0312879732891411; 15538.2403732256; 15425.07; 1174.41
857; 0.047439145344811; 15437.5474447447; 15269.87; 1147.37
858; 0.0547697261380495; 15350.2991487137; 15156.53; 1148.22
859; 0.0513561292741608; 15152.4109336933; 14966.85; 1172.44
860; 0.0481604341153979; 15014.8138609402; 14838.22; 1189.55
861; 0.0418166554153047; 14831.3195666871; 14677.89; 1190.07
862; 0.0538767531070003; 14670.2224744163; 14467.12; 1222.48
863; 0.0520421860800044; 14555.3530783012; 14361.95; 1204.9
864; 0.0626962699706459; 14407.5419933333; 14177.91; 1187.23
865; 0.0715293628936656; 14293.5168542479; 14026.99; 1207.58
866; 0.0550983422055847; 14046.8263595264; 13850.63; 1153.79
867; 0.0659008559540465; 13869.2751402093; 13648.72; 1084.18
868; 0.062002468268691; 13719.0569408576; 13521.48; 1032.09
869; 0.0510846090915019; 13475.0184713375; 13329.47; 922.62
870; 0.0484090156227579; 13300.3222877112; 13163.94; 912.12
871; 0.0471782472673474; 13019.0486755781; 12889.74; 887.17
872; 0.044162419177118; 12831.4832610061; 12712.91; 868.9
873; 0.0553182748052507; 12582.0539489906; 12432.42; 875.21
874; 0.0609912926065468; 12318.3085306918; 12153.58; 873.68
875; 0.0731657273965842; 12166.5386592642; 11959.66; 914.48
876; 0.0805241150622658; 11921.2551216727; 11684.11; 952.29
877; 0.0856513776961799; 11781.3188054161; 11525.8; 964.46
878; 0.090567820710608; 11584.6920205348; 11317.21; 954.59
879; 0.0789322092415018; 11396.1183128689; 11168.8; 930.66
880; 0.0703672855144972; 11286.5069581147; 11086.47; 918.47
881; 0.069820435767294; 11167.9693375674; 10970.52; 913.48
882; 0.0692389892980688; 11084.9928834952; 10893.36; 893.84
883; 0.0664564015993067; 10987.3737977267; 10813.38; 845.38
884; 0.0657100297816877; 10892.9160555213; 10725.52; 822.4
885; 0.0682936403949617; 10821.7771528629; 10647.88; 821.83
886; 0.063569728811537; 10732.1323027405; 10579.02; 777.22
887; 0.0674999286660953; 10674.3954709576; 10508.65; 792.23
888; 0.0689460721597561; 10610.2405467707; 10447.87; 759.72
889; 0.0600876249737562; 10539.9262240573; 10400.33; 749.33
890; 0.0572576202792419; 10498.7479831815; 10369.11; 730.15
891; 0.0553686332966928; 10466.9149541824; 10345.84; 705.07
892; 0.0572265436031015; 10482.7028764345; 10355.45; 716.87
893; 0.0594823560221666; 10539.1571666014; 10403.61; 734.54
894; 0.0722951174617009; 10661.8548795173; 10493.42; 750.87
895; 0.076340983897451; 10745.2692805064; 10563.74; 766.23
896; 0.0773940454497045; 10898.5519992098; 10706.65; 798.86
897; 0.0782393675172388; 11004.5979125727; 10800.41; 840.71
898; 0.0900359357307641; 11210.9579208279; 10977.65; 834.61
899; 0.0959200551501725; 11419.7813069461; 11155.61; 886.9
900; 0.0912109925635863; 11533.1287546177; 11278.16; 900.05
901; 0.10527711423379; 11716.5539028233; 11413.41; 927.01
902; 0.106594381724668; 11826.7909484156; 11511.18; 953.05
903; 0.104300193798471; 11877.5459709152; 11568.8; 952.67
904; 0.105497899874066; 11914.3765585214; 11603.65; 947.74
905; 0.104145954185243; 11901.3113687444; 11594.96; 946.4
906; 0.0988913566991323; 11821.6711352874; 11527.23; 957.78
907; 0.101037159237584; 11686.2378613509; 11387.4; 951.28
908; 0.0964090673385919; 11538.4750463999; 11255.71; 943.17
909; 0.0938810354491691; 11289.48931603; 11022.24; 915.3
910; 0.0885608419062293; 10987.2901846462; 10744.29; 882.1
911; 0.0892256815482733; 10774.8459109696; 10536.51; 858.58
912; 0.08736627761894; 10412.4958783962; 10192.08; 810.79
913; 0.0879232890497822; 10152.6405887177; 9941.88; 770.26
914; 0.0810899500743115; 9750.35714612089; 9570.46; 712.75
915; 0.0897620382090689; 9360.95445951849; 9176.4; 660.45
916; 0.100590381878762; 9123.8138875288; 8929.38; 620.8
917; 0.124660298072605; 8796.9470822305; 8559.24; 612.34
918; 0.121626050060333; 8437.10418592565; 8211.41; 595.8
919; 0.12146134012101; 8213.49733393877; 7994.28; 579.41
920; 0.110323185136837; 7884.73580374877; 7686.77; 575.99
921; 0.113550367563894; 7589.86449203332; 7388.2; 570
922; 0.119328580543183; 7404.58714725518; 7199.05; 552.76
923; 0.104839855099329; 7101.36395159357; 6924.17; 542.32
924; 0.0953874601907801; 6901.68533413284; 6746.85; 520.78
925; 0.11087529644682; 6652.9915571005; 6484.36; 487.89
926; 0.134746922131006; 6423.05804057328; 6230.74; 457.8
927; 0.141181904767899; 6252.74626882732; 6055.54; 447.98
928; 0.158724887734121; 6016.39013837999; 5799.08; 439.03
929; 0.168976129162798; 5756.82141788562; 5533.53; 423.69
930; 0.180414157844114; 5574.0929651504; 5344.2; 408.52
931; 0.193838190093769; 5277.64399590672; 5041.86; 389.92
932; 0.178866114718525; 4910.44888518168; 4693.06; 389.54
933; 0.176459827133173; 4635.74248481843; 4439.47; 356.45
934; 0.159987883452869; 4185.09625226055; 4025.96; 318.72
935; 0.157318372072497; 3706.21712358323; 3568.06; 281.37
936; 0.16046871752162; 3383.27719182074; 3261.67; 242.77
937; 0.157267355321952; 2917.72737474806; 2808.63; 222.2
938; 0.121134797977043; 2464.1660795598; 2396.02; 180.17
939; 0.104550034998176; 2204.02922935742; 2157.94; 141.17
940; 0.107426489018465; 1881.01738781797; 1833.58; 141.39
941; 0.117502076092864; 1654.96367408884; 1605.61; 134.47
942; 0.107048196842053; 1547.52032273482; 1508.26; 117.4
943; 0.10544889837675; 1445.40427215499; 1409.27; 109.68
944; 0.0729861824469814; 1387.43636184162; 1365.7; 95.31
945; 0.0877269524898796; 1382.75667089331; 1355.67; 98.8
946; 0.101092097852236; 1405.09859539356; 1367.17; 120.04
947; 0.125203118390735; 1463.14140362522; 1416.54; 119.07
948; 0.131305825110542; 1512.59448301888; 1464.94; 116.09
949; 0.121875013521088; 1577.29392832825; 1531.25; 120.83
950; 0.141218421125971; 1672.76110903124; 1619.57; 120.45
951; 0.149921989712013; 1742.66953854473; 1685.78; 121.33
952; 0.137002805691495; 1835.91903857314; 1779.47; 131.73
953; 0.169547554815259; 1949.48126964788; 1882.17; 126.91
954; 0.174739432221758; 2020.87028845756; 1946.94; 135.23
955; 0.144811198540632; 2110.57056914382; 2037.35; 161.59
956; 0.154257918563795; 2210.51586538997; 2124.29; 178.62
957; 0.133009382449661; 2265.26646708293; 2187.74; 186.23
958; 0.160994350094778; 2357.01111853327; 2247.3; 217.71
959; 0.18212182401398; 2441.19957454228; 2317.73; 216.56
960; 0.190330207819406; 2487.37184956063; 2360.09; 213.59
961; 0.179142566896792; 2544.80465040463; 2424.74; 214.04
962; 0.204275091696807; 2601.81626291615; 2474.76; 198.61
963; 0.251945723190911; 2645.96919519911; 2512.71; 168.87
964; 0.25728903908226; 2671.68055566299; 2535.92; 168.45
965; 0.270234833374326; 2686.38300700577; 2566.69; 141.38
966; 0.251174417719713; 2696.58386361152; 2577.83; 150.9
967; 0.22132868575753; 2692.73895556955; 2583.13; 158.04
968; 0.216519062671644; 2699.2300236144; 2579.15; 176.96
969; 0.236846937905978; 2706.91106622419; 2572.79; 180.67
970; 0.218870568961063; 2701.35039549249; 2561.66; 203.6
971; 0.211279834279858; 2701.08798195999; 2563.25; 208.09
972; 0.184196129080575; 2686.78252959242; 2558.88; 221.46
973; 0.179945810564613; 2680.68399087701; 2551.45; 229.02
974; 0.212455888197243; 2683.46966128186; 2528.64; 232.37
975; 0.203370034706229; 2654.45028222927; 2523.86; 204.72
976; 0.198411139015631; 2638.15877634058; 2511.8; 203.01
977; 0.139584078625438; 2597.60705725294; 2510.21; 199.57
978; 0.154478213238405; 2576.66688191726; 2482.35; 194.58
979; 0.153856209612073; 2544.18901501354; 2458.6; 177.27
980; 0.171678384125422; 2525.36742820671; 2444.27; 150.51
981; 0.140998652454358; 2478.28595135244; 2419.05; 133.84
982; 0.16140333533356; 2448.82479302027; 2367.4; 160.7
983; 0.179741547270224; 2427.46992083976; 2336.46; 161.27
984; 0.237907861711839; 2402.24951062812; 2282.81; 159.88
985; 0.224296784066857; 2359.7752426586; 2251.06; 154.34
986; 0.214074465692695; 2313.546284965; 2207.6; 157.57
987; 0.170332743351969; 2276.34506129109; 2186.34; 168.22
988; 0.163740468066226; 2237.40604257219; 2145.24; 179.17
989; 0.166642906639849; 2194.73297490432; 2108.12; 165.42
990; 0.141076605556753; 2155.51751674167; 2081.64; 166.65
991; 0.114826821558495; 2102.58041648563; 2041.03; 170.56
992; 0.11295638854546; 2056.54912058129; 1997.25; 167.02
993; 0.131290793212905; 2028.07076346775; 1966.49; 149.21
994; 0.151400947682765; 2008.22727371739; 1939.72; 143.93
995; 0.173533932658603; 1972.93931063413; 1900.4; 132.95
996; 0.189713915731282; 1935.24026798807; 1864.41; 118.73
997; 0.188672299778638; 1892.59131554805; 1824; 115.6
998; 0.219769063171229; 1875.92891889989; 1807.07; 99.62
999; 0.220020746140046; 1835.26212356468; 1765.18; 101.26
1000; 0.198840611619766; 1787.78588486398; 1720.09; 108.22
1001; 0.223487123100083; 1762.84507324946; 1685.52; 109.97
1002; 0.233273281606337; 1719.61176228017; 1645.32; 101.21
1003; 0.186205967384974; 1675.41673646177; 1611.79; 108.58
1004; 0.165664723885586; 1631.32807457159; 1578.38; 101.55
1005; 0.130380295008435; 1592.44627441787; 1549.12; 105.57
1006; 0.106150806317741; 1545.79893574511; 1516.9; 86.48
1007; 0.144502105986193; 1514.26066437559; 1481.6; 71.79
1008; 0.0818381762200703; 1469.59631084285; 1453.64; 61.92
1009; 0.061085864587353; 1445.52467043433; 1434.1; 59.39
1010; 0.0281065592373509; 1400.01785264429; 1395.29; 53.41
1011; 0.0468866693218599; 1367.8892380243; 1360.61; 49.29
1012; 0.155497060405408; 1351.15291870296; 1324.04; 55.35
1013; 0.20790992916914; 1339.50113353687; 1288.94; 77.19
1014; 0.207380859710545; 1299.19217600429; 1240.43; 89.93
1015; 0.251176062234958; 1282.3145668028; 1208.26; 93.56
1016; 0.281244866027688; 1249.87320432719; 1185.47; 72.66
1017; 0.320820654675932; 1232.84213709482; 1156.76; 75.24
1018; 0.312366780079744; 1199.03865609912; 1123.75; 76.46
1019; 0.284722415817273; 1157.59353131874; 1094.23; 70.59
1020; 0.199995482762303; 1110.49293543178; 1067.91; 67.53
1021; 0.151803386956685; 1092.91337650939; 1061.87; 64.85
1022; 0.102723454290737; 1052.38959777377; 1032.33; 61.92
1023; 0.114722052653797; 1024.99463106667; 995.4; 81.79
1024; 0.116859979101959; 1005.78836364922; 986.13; 53.33
1025; 0.0868092866053606; 987.781852886618; 973.1; 53.61
1026; 0.0935527145365298; 967.22769168503; 952.67; 49.32
1027; 0.199064156859384; 957.683665523055; 934.38; 37.1
1028; 0.222013490077923; 936.175255971243; 908.57; 39.4
1029; 0.276105249012343; 921.389374058561; 890.68; 35.24
1030; 0.500725384140924; 906.72848028138; 861.62; 28.54
1031; 0.461325987268334; 885.345813104162; 834.97; 34.59
1032; 0.502693454452778; 861.794007477246; 813.72; 30.29
1033; 0.496312710413635; 837.038033808338; 789.35; 30.43
1034; 0.509599015971414; 825.466032740045; 780.6; 27.88
1035; 0.499725277058535; 802.048568413155; 755.68; 29.38
1036; 0.565459703727086; 776.343365037058; 748.41; 15.64
1037; 0.384629943746355; 756.27302774464; 732.52; 19.55
1038; 0.308034210747297; 746.312757785398; 727.94; 18.88
1039; -0.0236351860727341; 760.196132161487; 755.57; -61.95
1040; -0.283561171349992; 678.282884815117; 691.58; 14.84
1041; 0.559979089534365; 775.547361113112; 681.33; 53.24
