# 16/03/2019 14:05:45
# NanoCalc data
# Original file name: C:\SVA_DATA\StudentProjects\2018_Nathan\PS_160319\PSswelling_16_03_19_368.dat
# Fit Result : Fitness; Thickness 1; Thickness 2; Thickness 3 
# Fit Result : 17.7830755560492; 2; 62.3; -1
# comment:PS id: 348 slowslow swelling at 13:07
#
# WaveLength; Reflectance; Raw Intensity; Dark Intensity; Reference Intensity
400; 0.368672850439256; 4507.5920816317; 4128.73; 498.3
401; 0.381002248030472; 4669.17723094568; 4281.21; 491.63
402; 0.373516790314047; 4771.13978640195; 4392.47; 487.32
403; 0.392856245244716; 4894.72124448121; 4494.68; 487.45
404; 0.403041533386118; 5026.80898794831; 4615.44; 486.53
405; 0.403952344677514; 5218.96647616707; 4790.2; 504
406; 0.391580083484131; 5329.23026452134; 4891.23; 529.04
407; 0.383350675459664; 5444.21064432824; 5004.66; 540.18
408; 0.380269120901682; 5568.24060835217; 5101.67; 575.74
409; 0.368613165226947; 5683.71607507887; 5219.95; 588.19
410; 0.362362522530305; 5844.11159977226; 5376.23; 601.39
411; 0.35470972697689; 5945.82471864367; 5472.62; 619.16
412; 0.350329285601609; 6034.50077292672; 5572.99; 609.24
413; 0.346658665148539; 6116.90657809293; 5656.11; 612.69
414; 0.351657804519952; 6267.6859529208; 5797.98; 613.59
415; 0.353421531824543; 6368.33840412324; 5886.56; 624.16
416; 0.358123473032329; 6461.50830134408; 5971.21; 624.77
417; 0.353453779898695; 6556.05076164258; 6067.74; 628.37
418; 0.353833268951263; 6694.55747072052; 6202.36; 630.58
419; 0.350541886456147; 6804.05897920355; 6310.91; 635.83
420; 0.357950610396966; 6932.68813509117; 6423.12; 641.48
421; 0.3665615241379; 7078.78475634597; 6553.44; 643.92
422; 0.364953517734495; 7256.51226288306; 6719.62; 659.04
423; 0.353057461378745; 7372.12557891469; 6825.99; 690.92
424; 0.346304525054932; 7510.7641615168; 6954.73; 715.03
425; 0.336730393263413; 7648.63079915035; 7100.68; 722.7
426; 0.337144418789282; 7887.97568103735; 7291.52; 783.57
427; 0.332467990514881; 8046.59327360488; 7441.53; 803.85
428; 0.31937397465182; 8185.55484520773; 7580.19; 834.93
429; 0.306401381282029; 8310.79429951606; 7715.94; 853.06
430; 0.282891048781632; 8514.17790695465; 7945.72; 880.75
431; 0.276414290829536; 8663.42543126386; 8084.29; 916.06
432; 0.282000280051068; 8787.6952058695; 8199.59; 909.55
433; 0.26652447635861; 8890.49099311129; 8310.91; 946.14
434; 0.256788897351334; 9051.85316714412; 8484.39; 959.16
435; 0.243088741230851; 9140.00094753226; 8602.52; 957.61
436; 0.251974028821476; 9250.89485089987; 8688.3; 964.91
437; 0.245150172849295; 9362.19200983913; 8807.31; 975.92
438; 0.246346881581213; 9534.70131926045; 8973.36; 980.21
439; 0.247972721941504; 9636.10003576065; 9055.15; 1005.5
440; 0.24005005366462; 9736.55780686371; 9166.34; 1017.16
441; 0.226954045406513; 9828.56789278327; 9282.43; 1028.13
442; 0.224840616310744; 10001.2505101293; 9458.75; 1028.56
443; 0.229277997258228; 10127.0895010682; 9583.99; 1007.55
444; 0.221436553234069; 10276.3577418575; 9747.02; 1014.57
445; 0.214954268471248; 10400.8687113995; 9884.78; 1016.71
446; 0.206179244197296; 10580.9052198499; 10083.61; 1019.05
447; 0.197951856002948; 10749.6484343452; 10250.15; 1063.82
448; 0.184988066146008; 10911.8429876131; 10438.6; 1076.19
449; 0.178563940777277; 11200.4825855527; 10729.27; 1107.78
450; 0.178107810415889; 11402.797037782; 10918.08; 1140
451; 0.175591825375677; 11601.8335319657; 11119.59; 1148.12
452; 0.160651438814357; 11770.724494949; 11317.34; 1177.39
453; 0.139867551317269; 12063.0850276669; 11649.5; 1231.2
454; 0.132221527371166; 12306.980137542; 11910.85; 1244.96
455; 0.127927983162751; 12532.1045347132; 12145.22; 1254.26
456; 0.120672136004819; 12766.7513999767; 12401.32; 1253.51
457; 0.119529597415936; 13150.4463184193; 12779.62; 1281.75
458; 0.112468508854244; 13421.1187017724; 13057.99; 1331.39
459; 0.107105139118087; 13651.7830562061; 13298.95; 1355.89
460; 0.101460244708745; 13906.4100322275; 13561.85; 1395.15
461; 0.101061542841857; 14279.1553836831; 13933.24; 1403.55
462; 0.10451601015648; 14507.7306819126; 14137.18; 1451.1
463; 0.100565858069425; 14712.2983564005; 14347.89; 1480.41
464; 0.0975636849549332; 15062.9663773524; 14697.65; 1526.98
465; 0.0989303687115201; 15321.3907459955; 14948.09; 1536.14
466; 0.0909127806582507; 15564.0283481882; 15217.68; 1548.2
467; 0.0868782018813696; 15824.159346124; 15491.31; 1554.34
468; 0.0766899028073743; 16310.258859227; 16005.76; 1608.14
469; 0.0700404504945762; 16647.4664419959; 16367.5; 1616.28
470; 0.0611508597718828; 16977.0436321358; 16726.43; 1654.44
471; 0.0572367685470664; 17397.8768680645; 17152.92; 1724.85
472; 0.0504830603687211; 18076.2561511754; 17848.48; 1815.49
473; 0.0443060186077281; 18543.4376520261; 18337.26; 1869.44
474; 0.0336105891376896; 19018.669111216; 18857.85; 1919.08
475; 0.023533704511703; 19865.6762189353; 19747.25; 2015.09
476; 0.0221121872884801; 20445.2351682994; 20330.81; 2068.81
477; 0.00893077657766982; 21049.1331176977; 21002.14; 2100.32
478; 0.00739074916099036; 21790.4237014891; 21749.8; 2190.43
479; 0.00116214571998485; 22862.3711135956; 22855.75; 2266.9
480; -0.00297495599386576; 23625.3684891051; 23642.88; 2338.44
481; -0.00510301029048959; 24356.7085329269; 24387.3; 2377.96
482; -0.0048702674880792; 25535.776578371; 25566.6; 2506.71
483; -0.00874520921141648; 26302.5265292752; 26359.04; 2555.76
484; -0.00796362592102637; 27079.4095635702; 27132.3; 2622.74
485; -0.00748274586176488; 27853.3006528102; 27904.38; 2691.67
486; 0.00368848944606831; 28917.9634058929; 28891.56; 2818.29
487; 0.00342741794141936; 29582.6065527405; 29557.13; 2922.08
488; 0.00269148225748125; 30248.4558641116; 30228.25; 2946.77
489; 0.00376685327948493; 30857.491179709; 30828.85; 2980.24
490; 0.00581869324458428; 31720.6670148148; 31675.19; 3059.02
491; 0.00491823401265494; 32240.7403416291; 32202.1; 3071.01
492; 0.0100078717121397; 32762.7970250065; 32681.91; 3155.14
493; 0.0150257212828004; 33490.2148761578; 33367.32; 3188.82
494; 0.00938466472394041; 33883.8755700498; 33806.15; 3225.04
495; 0.00899592266141268; 34311.8402264536; 34237.31; 3222.06
496; 0.0118805186474694; 34908.5735906035; 34809.18; 3249.64
497; 0.017644185202736; 35319.9065507044; 35171.51; 3262.86
498; 0.0157593343047905; 35663.2902492085; 35529.07; 3300.04
499; 0.0158649320233316; 36093.0660263439; 35957.07; 3317.25
500; 0.022319919594033; 36647.9705175956; 36455.96; 3324.93
501; 0.0221008721556597; 37013.7270945778; 36819.54; 3391.56
502; 0.0261411245958266; 37407.8493039794; 37176.1; 3417.51
503; 0.035618309122345; 37991.5944995182; 37664.75; 3532.88
504; 0.0358353447356818; 38407.5099853804; 38078.63; 3528.83
505; 0.0378533868862924; 38850.6348188901; 38492.74; 3631.1
506; 0.0361156241064107; 39282.0560983247; 38939.42; 3639.21
507; 0.0456377086428517; 39979.9693329148; 39542.79; 3670.33
508; 0.0460552533723312; 40423.8526023646; 39980.31; 3685.74
509; 0.0481805004633962; 40900.1150143823; 40433.11; 3705.42
510; 0.0515941310700768; 41611.0606969766; 41112.62; 3688.99
511; 0.0553768459393873; 42111.2873629915; 41570.54; 3724.49
512; 0.0611902570035014; 42619.8951629247; 42009.35; 3801.38
513; 0.0667958873560586; 43325.1947270574; 42653.8; 3825.15
514; 0.0744563737454597; 43853.5735067817; 43089.63; 3900.16
515; 0.0807416692577635; 44407.5987868537; 43574.42; 3918.1
516; 0.090738359192343; 44913.1968936064; 43959.13; 3987.71
517; 0.0979146518792163; 45667.8352009353; 44608.66; 4097.84
518; 0.0984727407539971; 46187.1121860197; 45093.66; 4201.72
519; 0.102700566961133; 46738.5996737112; 45585.82; 4242.52
520; 0.102766626906718; 47508.9651577158; 46354.32; 4241.93
521; 0.10335098680965; 48002.8385634524; 46836.25; 4257.03
522; 0.106640258276954; 48507.6130176357; 47290.23; 4300.76
523; 0.111444218138386; 49258.7268530777; 47955.64; 4400.48
524; 0.108702593190533; 49758.2298411619; 48473.51; 4443.21
525; 0.113592731511686; 50268.1073370067; 48920.91; 4454.13
526; 0.120731978958055; 50977.3662710145; 49544.96; 4451.22
527; 0.123365072083956; 51392.6133762161; 49917.2; 4482.6
528; 0.128722543704685; 51798.1296686414; 50237.52; 4539.52
529; 0.131506589181723; 52161.836211474; 50576.77; 4508.6
530; 0.139767155485298; 52687.431447597; 50993.65; 4528.72
531; 0.143202178604321; 52941.3305247189; 51174.87; 4605.53
532; 0.145656332260458; 53170.5352022489; 51347.43; 4668.84
533; 0.151691448532087; 53514.2995645047; 51578.11; 4756.79
534; 0.155082945101075; 53716.4705526192; 51722.03; 4788.33
535; 0.157784213384316; 53936.6372544975; 51885.84; 4834.27
536; 0.162896290644636; 54216.9320104276; 52097.07; 4835.29
537; 0.161265334781921; 54402.9945215438; 52264.71; 4921.33
538; 0.163153228662198; 54614.0840665791; 52444.34; 4930.62
539; 0.168608579684022; 55011.2092974364; 52766.82; 4930.26
540; 0.175647151609934; 55297.8648809687; 52950.34; 4945.18
541; 0.181030703159112; 55605.644008616; 53157.19; 5000.24
542; 0.185723633423212; 56003.3987044232; 53506.74; 4965.7
543; 0.191844611664343; 56299.2016359978; 53737.46; 4928.71
544; 0.198563820284301; 56655.9875240777; 54002.84; 4927.96
545; 0.213151455366516; 57259.0886967618; 54398.29; 4945.97
546; 0.215831305565948; 57589.0561468543; 54667.39; 4984.42
547; 0.220959617411008; 57933.7337598724; 54963; 4946.21
548; 0.223000509968829; 58485.0654170649; 55485.77; 4943.89
549; 0.223999581049635; 58792.8702877655; 55780.6; 4938.83
550; 0.228211310895985; 59179.0265719997; 56082.81; 4978.56
551; 0.228486276924915; 59540.8950627137; 56442.1; 4972.49
552; 0.232496092407539; 60072.1483824583; 56912.56; 4978.37
553; 0.236766445197262; 60392.668305442; 57170.85; 4980.75
554; 0.236394729448921; 60718.1440293278; 57462.94; 5035.98
555; 0.238697472578252; 61252.2133651822; 57899.63; 5132.21
556; 0.240149308190012; 61593.6105277072; 58218.74; 5130.57
557; 0.237892691066424; 61914.8434553402; 58560.38; 5143.51
558; 0.240140114054645; 62512.171294806; 59102.67; 5174.53
559; 0.242657769364112; 62982.0159767803; 59482.74; 5251.16
560; 0.240484184827393; 63445.4677901514; 59907.96; 5351.9
561; 0.240609270287696; 64282.2987132537; 60680.51; 5441.76
562; 0.244932904311024; 64922.2141994899; 61275.73; 5407.36
563; 0.249245705377597; 65581.5865034047; 61881.59; 5387.39
564; 0.259372707156793; 66676.1359979469; 62777.77; 5450.16
565; 0.266956088571906; 67386.9089092175; 63329.69; 5507.06
566; 0.268338714589748; 67990.6667330807; 63858.49; 5575.79
567; 0.262813891127207; 68707.6199075825; 64591.04; 5667.63
568; 0.265100347103933; 69085.1729912048; 64947.29; 5643.95
569; 0.266020295088086; 69318.7056663756; 65185.62; 5613.9
570; 0.262801259762345; 69432.8990014988; 65338.74; 5625.12
571; 0.261810582783366; 69433.7650064683; 65313.57; 5677.94
572; 0.257947960276513; 69361.1993625966; 65256.1; 5737.27
573; 0.261805863005369; 69149.1296473815; 65014.32; 5689.09
574; 0.263042200066049; 68914.0398907471; 64809.91; 5615.69
575; 0.268271905608952; 68610.8487331713; 64479.72; 5538
576; 0.269343825563474; 68476.4245183543; 64344.84; 5512.29
577; 0.2689154257159; 68337.22001621; 64163.52; 5573.02
578; 0.272011231040692; 68118.8256447926; 63925.39; 5531.34
579; 0.272049916672017; 67972.4864688276; 63786.68; 5516.34
580; 0.276325903755808; 67858.3904328546; 63688.94; 5405.68
581; 0.272424845535482; 67617.7675451887; 63511.61; 5396.07
582; 0.27401964076622; 67543.331943753; 63395.76; 5414.97
583; 0.276118693320903; 67490.8200702935; 63297.12; 5429.9
584; 0.277034765224264; 67349.1233331982; 63141.9; 5425.87
585; 0.280787680140493; 67306.0586827822; 63062.85; 5395.63
586; 0.288340597330133; 67306.2447964212; 62944.34; 5397.76
587; 0.288763225375615; 67191.2385818454; 62792.76; 5431.66
588; 0.287091551291469; 67075.1663152209; 62654.36; 5487.59
589; 0.286099279574543; 67001.6790279131; 62566.82; 5520.82
590; 0.291050339628836; 67040.0503418511; 62512.58; 5536.76
591; 0.291706186525912; 67058.9054643442; 62505.81; 5552.09
592; 0.295946944052751; 67155.7356657109; 62513.67; 5575.96
593; 0.2927796751659; 67175.0425970496; 62611.92; 5536.94
594; 0.290452922251035; 67251.8140621184; 62693.31; 5572.13
595; 0.288650921613679; 67503.5380354826; 62989.14; 5549.16
596; 0.290166092922651; 67780.4225638641; 63234.76; 5554.9
597; 0.287511687121211; 68090.5522112737; 63610.07; 5522.3
598; 0.28490076064626; 68634.4119821897; 64126.97; 5602.89
599; 0.284620488776701; 69085.9061634696; 64545.09; 5646.35
600; 0.283457593264623; 69615.0678014628; 65063.58; 5679.23
601; 0.283238420880604; 70586.4962022079; 65916.6; 5827.78
602; 0.280934009070549; 71276.4747045765; 66585.74; 5898.21
603; 0.281594009684831; 71979.279132626; 67192.33; 6001.26
604; 0.280641083175793; 73003.7216552488; 68063.31; 6210.72
605; 0.284612710659963; 73684.5831934606; 68568.75; 6337.63
606; 0.287672490626133; 74389.2770158672; 69197.15; 6359.84
607; 0.28834570960854; 75152.3851668447; 69914.96; 6396.43
608; 0.288136211560538; 75572.4050446411; 70317.9; 6418.02
609; 0.289207471595284; 76049.8174472402; 70777.29; 6412.24
610; 0.288668080537511; 76199.4521244793; 70888.42; 6467.16
611; 0.29184131953855; 76381.8306789063; 71003.56; 6474.02
612; 0.291756820028607; 76407.5295274576; 71007.29; 6498.34
613; 0.289837658231517; 76337.4284356936; 70998.27; 6463.39
614; 0.28716078812986; 76099.3076878521; 70832.33; 6431.65
615; 0.28539989267961; 75651.3628213283; 70445.1; 6392.96
616; 0.278859373947382; 75210.2317848022; 70072.58; 6452.68
617; 0.276446987558326; 74526.3705083209; 69438.15; 6442.73
618; 0.277415923389602; 74089.1975628979; 69078.18; 6319.07
619; 0.277202822408092; 73620.0681422786; 68627.06; 6297.82
620; 0.275943582538231; 72895.8757924702; 68049.15; 6137.91
621; 0.276319073913483; 72353.5401731381; 67566.24; 6051.33
622; 0.274322211997641; 71853.4438059817; 67148.78; 5987.11
623; 0.27465779540785; 71173.5563433277; 66516.87; 5915.96
624; 0.279622441866163; 70791.2541321124; 66173.83; 5759.15
625; 0.280458433199946; 70214.5810269628; 65647.4; 5676.76
626; 0.279335662626731; 69849.7767638698; 65330.01; 5637.68
627; 0.272148334394391; 69392.5303351276; 65052.88; 5553.44
628; 0.269331353167521; 68821.3287438495; 64518.76; 5560.88
629; 0.267756551914417; 68508.045244058; 64241.88; 5543.73
630; 0.267998452974503; 68224.5710142694; 63905.68; 5604.62
631; 0.269556372822462; 67801.8813455214; 63476.06; 5578.78
632; 0.269165814092535; 67503.5548771287; 63179.09; 5582.73
633; 0.270580480845555; 67046.162608651; 62767.42; 5492.47
634; 0.272517341150135; 66764.6200041234; 62514; 5415.11
635; 0.276947939889009; 66518.3936859571; 62254.26; 5342.51
636; 0.27899573209319; 66175.0252657022; 61987.01; 5205.79
637; 0.278811512342927; 65949.8853560661; 61764.54; 5202.77
638; 0.276190506480707; 65681.1714337145; 61555.63; 5173.97
639; 0.268904969415355; 65315.3398074552; 61337.24; 5121.28
640; 0.261340431041618; 65061.202228546; 61186.77; 5129.09
641; 0.253247279611016; 64711.9220911447; 60926.44; 5168.8
642; 0.246576001721685; 64469.2474651795; 60738.15; 5229.66
643; 0.244443381878769; 64329.4235162024; 60655.06; 5192.52
644; 0.24099311575694; 64039.5794502303; 60375.33; 5249.78
645; 0.238654659253262; 63836.3423386972; 60187.65; 5276.42
646; 0.235629006821126; 63529.0795897374; 59942.03; 5251.45
647; 0.23654554781973; 63348.2452652942; 59767.67; 5219.54
648; 0.237484943613118; 63172.3899581798; 59567.72; 5231.75
649; 0.239463412624766; 62973.9046662371; 59337.46; 5231.98
650; 0.240401999950994; 62816.8059207443; 59168.18; 5226.73
651; 0.237893839424546; 62588.0665905625; 58909.88; 5322.15
652; 0.235290796908255; 62395.4769579444; 58799.62; 5257.98
653; 0.234605006014198; 62259.4248960947; 58744.82; 5151.64
654; 0.235315249031104; 62124.6911737375; 58622.74; 5115.21
655; 0.232229097902773; 61973.681685123; 58553.86; 5059.56
656; 0.23110750160206; 61785.5155808198; 58381.47; 5058.59
657; 0.227099335880803; 61614.331709443; 58256.17; 5076.7
658; 0.228936871105806; 61524.8315113105; 58185.35; 5006.18
659; 0.230030969231064; 61356.4478027139; 58052.77; 4926.93
660; 0.231471759049316; 61251.2179775507; 57954.92; 4883.32
661; 0.227234511047665; 61019.4253500165; 57747.73; 4934.5
662; 0.227564983643231; 60884.4084681515; 57625.64; 4905.27
663; 0.228975142356064; 60785.8480607364; 57524.13; 4876.89
664; 0.22577814607681; 60596.2480496877; 57417.09; 4818.06
665; 0.22525138230855; 60476.8537334382; 57335.16; 4770.59
666; 0.220081279728155; 60256.4097429871; 57198.04; 4751.34
667; 0.210238802524962; 60028.9501538509; 57082.23; 4790.65
668; 0.207410466013224; 59842.1499115603; 56937.17; 4785.78
669; 0.204981157990576; 59607.6822612785; 56731.7; 4792.32
670; 0.20234295303095; 59443.318890884; 56601.69; 4794.97
671; 0.196632670162762; 59157.368584841; 56396.69; 4790.96
672; 0.195124920194607; 58986.2163507375; 56255.13; 4773.54
673; 0.192539683599191; 58819.5159829686; 56121.1; 4776.93
674; 0.189049378505173; 58516.6573260342; 55860.44; 4786.34
675; 0.190455500036514; 58320.4552625498; 55641.32; 4789.86
676; 0.188454675907176; 57938.8400252153; 55281.89; 4798.49
677; 0.187276486760015; 57665.0114575531; 55029.44; 4788.26
678; 0.186029024222663; 57246.1965778732; 54649.42; 4747.72
679; 0.185756029411644; 56951.767076324; 54370.61; 4724.41
680; 0.183472839672023; 56607.9850250103; 54053.07; 4733.02
681; 0.181110249895792; 56082.7451752442; 53553.6; 4744.7
682; 0.180713253639145; 55743.1410887329; 53266; 4655.54
683; 0.181918241129566; 55327.9969271928; 52864.11; 4598.17
684; 0.178803251840688; 55023.0280386355; 52608.7; 4582.53
685; 0.177619020458193; 54605.1597613279; 52237.34; 4522.46
686; 0.176782182077876; 54278.5181194019; 51913.98; 4535.94
687; 0.1736185523974; 53964.2019591961; 51649.53; 4519.43
688; 0.176370464115803; 53592.4432815916; 51295.5; 4413.25
689; 0.174670103991013; 53315.9801666842; 51070.3; 4355.19
690; 0.169992311312798; 52876.7549813227; 50699.74; 4336.51
691; 0.165858842112709; 52519.0709448278; 50413.55; 4296.94
692; 0.163839006751934; 52216.4611438661; 50130.14; 4308.56
693; 0.164507150437901; 51816.0704244114; 49696.67; 4357.39
694; 0.159525807444432; 51509.8096920535; 49465.93; 4331.64
695; 0.157400033753308; 51057.8659552094; 49036.92; 4339.05
696; 0.153877413772274; 50750.7836452292; 48764.73; 4359.91
697; 0.147203585259251; 50280.2613190074; 48370.16; 4381.3
698; 0.147975236881997; 50010.3611776327; 48079.54; 4403.87
699; 0.146378076109156; 49621.1323023965; 47719.76; 4382.3
700; 0.141932953188194; 49303.1869333697; 47469.65; 4356.59
701; 0.139287785077642; 49026.4863633108; 47257.62; 4281.45
702; 0.136271119896552; 48624.2417344918; 46910.58; 4238.24
703; 0.136227199044232; 48363.5472797756; 46677; 4171.26
704; 0.13408253918241; 48007.0801689075; 46395.78; 4047.67
705; 0.135654162261479; 47751.9223456526; 46117.47; 4056.66
706; 0.13391252629346; 47339.2721439245; 45748.44; 3998.29
707; 0.131779370453683; 47106.9981080577; 45565.62; 3935.03
708; 0.127836038324789; 46856.6747042247; 45404.96; 3818.82
709; 0.121366663118825; 46438.8679524397; 45067.9; 3797.26
710; 0.119116814716021; 46187.8740183665; 44868.29; 3722.61
711; 0.113472771892993; 45778.2664641385; 44507.27; 3763.08
712; 0.11322378074246; 45496.3599742223; 44234.63; 3743.06
713; 0.104859309572203; 45094.8058893447; 43956.65; 3645.02
714; 0.10175328784627; 44769.0279830031; 43673.52; 3614.87
715; 0.0951317782568487; 44250.8785054557; 43250.26; 3530.39
716; 0.0988175948496085; 43941.5354834806; 42906.92; 3513.11
717; 0.0988875293283319; 43573.949434243; 42561.47; 3434.15
718; 0.101607222531938; 43017.9033837252; 42001.83; 3352.76
719; 0.099028349100538; 42597.9264614623; 41637.91; 3248.89
720; 0.0985356735860367; 42015.8189229134; 41084.95; 3164.74
721; 0.0979577230557431; 41639.2822193827; 40719.31; 3144.99
722; 0.0988286864300816; 41090.362216916; 40173.84; 3104.44
723; 0.0969775941431417; 40714.6402927178; 39818.44; 3092.41
724; 0.0917692948489868; 40198.6537868977; 39369.63; 3021.85
725; 0.0868972078645136; 39877.3501452838; 39089.54; 3031.51
726; 0.0836641966105459; 39571.2615671932; 38812.67; 3030.76
727; 0.0810512810945259; 39416.8214433298; 38667.46; 3089.26
728; 0.0763330961719531; 39240.8047844478; 38526.57; 3125.39
729; 0.0784712352458637; 39147.2956333826; 38422.34; 3085.01
730; 0.0750843297214658; 39090.9056019555; 38393.37; 3101.36
731; 0.0746259493357636; 39083.8355404052; 38393.25; 3089.03
732; 0.0733205121627704; 39090.6652512529; 38409.02; 3102.94
733; 0.0742471170437317; 39144.0333649749; 38439.38; 3167.25
734; 0.0731149304735964; 39083.4718087498; 38387.61; 3175.87
735; 0.0690308663919984; 38991.2689051612; 38341.94; 3138.05
736; 0.0668331592613123; 38909.3265707431; 38288.17; 3099.75
737; 0.0608586191916692; 38765.3870913101; 38208.75; 3049.44
738; 0.0636496383685272; 38677.9017257118; 38099.45; 3028.96
739; 0.0597800807731069; 38549.6770668513; 38012.51; 2993.74
740; 0.0532013853992428; 38431.5732108222; 37957.1; 2970.22
741; 0.0521626614885907; 38355.749585478; 37899.45; 2912.34
742; 0.0419481884685672; 38311.8412832459; 37944.75; 2912.58
743; 0.042784215626935; 38382.4857784322; 38010.17; 2895.32
744; 0.0462206254583422; 38576.12484174; 38163.41; 2969.85
745; 0.0434136112593573; 38687.2307189251; 38302.58; 2945.77
746; 0.0359004746480541; 38908.8298436335; 38585.54; 2992.87
747; 0.03347444315814; 39096.6528851359; 38793.08; 3012.89
748; 0.0340941373721526; 39332.5199643712; 39021.67; 3028
749; 0.0379445105299934; 39459.9795565084; 39113.75; 3029.55
750; 0.0373018890702298; 39416.6598622638; 39071.26; 3073.59
751; 0.0330638111975559; 39303.9328780506; 39000.42; 3046.95
752; 0.0279394593228044; 39040.5562218342; 38784.12; 3046.32
753; 0.0273480357338811; 38784.5156181083; 38532.39; 3059.79
754; 0.023969445917369; 38233.2758821123; 38020.71; 2943.13
755; 0.0221080126291646; 37834.8228402452; 37644.43; 2857.37
756; 0.0146008104030736; 37162.1997015213; 37039.5; 2787.47
757; 0.0107770321595557; 36715.4605396493; 36626.49; 2737.25
758; 0.0111158068919956; 36088.5219527214; 36000.14; 2635.2
759; 0.00510935709609646; 35628.444045657; 35589.05; 2554.18
760; 0.00500848246755678; 35210.8591510335; 35172.51; 2535.32
761; 0.0023074719725689; 34618.6759309034; 34601.45; 2470.73
762; 0.00441888479937587; 34272.2671816578; 34239.72; 2436.55
763; 0.00941528305218006; 33743.5212968647; 33672.68; 2488
764; 0.0155117523449981; 33421.2882205676; 33303.74; 2504.89
765; 0.0175827550900648; 32945.9487376653; 32811.99; 2518.12
766; 0.0222696517293763; 32668.2571959883; 32495.94; 2557.21
767; 0.0171892812955096; 32214.8199459114; 32083.73; 2520.44
768; 0.01856396428995; 31930.7369780056; 31788.56; 2531.26
769; 0.0135658067594499; 31479.7587611149; 31373.5; 2588.63
770; 0.0125691303310594; 31229.3559216476; 31131.83; 2564.12
771; 0.0135035151246962; 30869.9789128589; 30766.53; 2530.61
772; 0.012694079743178; 30654.6158396185; 30557.52; 2525.62
773; 0.00622300246552185; 30296.7456744619; 30250.57; 2449.01
774; -0.000789440864942977; 30037.8734753265; 30043.56; 2376.29
775; 0.000989130086138315; 29728.7961685393; 29721.74; 2352.54
776; 0.00266349719195034; 29511.549989721; 29492.76; 2325.58
777; -0.00290543470825012; 29133.8466986563; 29153.88; 2272.42
778; -0.0091768041447035; 28910.1822032761; 28972.74; 2246.02
779; -0.0122442009495079; 28556.8472306926; 28639.48; 2223.05
780; -0.00671022669023083; 28377.4731985003; 28422.74; 2221.57
781; -0.00758063703223618; 28038.5343377845; 28090.89; 2273.94
782; -0.00351818489793041; 27857.0972477815; 27881.21; 2256
783; -0.00231885305473967; 27519.7550858175; 27535.46; 2228.83
784; 0.00523850819443784; 27338.4701757169; 27302.24; 2275.45
785; 0.0115694768587543; 27019.7581841245; 26940.17; 2262.64
786; 0.0115539645775146; 26783.3801387654; 26703.37; 2277.04
787; 0.00120992050938627; 26418.7082709027; 26410.67; 2183.86
788; 0.00408599288286535; 26220.5808884446; 26193.72; 2160.25
789; 0.00827741771318426; 25913.7006651908; 25859.43; 2153.91
790; 0.000344267942789207; 25691.7159831966; 25689.46; 2152.15
791; 0.00467442326826497; 25460.9395735674; 25431.07; 2098.09
792; -0.00539724939035769; 25267.4665155753; 25301.13; 2047.45
793; 0.00163724856420688; 25075.2570402958; 25065.27; 2002.01
794; 0.00974520211100294; 24973.2926392397; 24914.42; 1982.43
795; 0.0163099866567979; 24768.5010448316; 24669.28; 1996.17
796; 0.0126695452405389; 24521.3291847597; 24445.9; 1953.43
797; 0.0171546440470671; 24371.3917586348; 24270.76; 1924.68
798; 0.0230412218308663; 24138.5355632044; 24001.4; 1952.7
799; 0.0249172906558101; 23951.417276039; 23802.18; 1964.77
800; 0.021433354972352; 23725.6425364129; 23597.51; 1960.87
801; 0.0182420252974196; 23529.100446368; 23419.48; 1970.36
802; 0.0146606428660109; 23280.6983027507; 23194.39; 1929.63
803; 0.0177967881665049; 23140.1597870839; 23035.82; 1920.89
804; 0.0153516042680569; 22952.7436464274; 22864.61; 1880.25
805; 0.0122700122525683; 22772.3089710911; 22701.51; 1889.29
806; 0.0140302466371463; 22583.7770282782; 22505.05; 1836.81
807; 0.00927316927563412; 22440.5989844075; 22388.34; 1844.46
808; 0.00424658515040762; 22205.9538106407; 22182.43; 1812.68
809; -0.00926692996870605; 22026.3216571294; 22076.21; 1761.3
810; -0.0049980338971135; 21804.0769422507; 21830.98; 1760.66
811; 0.000389272768982734; 21676.343906309; 21674.26; 1750.54
812; 0.00146181311739118; 21458.0074265804; 21450.09; 1770.52
813; -0.00143550682296243; 21318.9708830587; 21326.57; 1729.98
814; -0.0100552544881596; 21127.5234601531; 21178.66; 1661.43
815; -0.0141388423792968; 20984.4073518752; 21055.41; 1640.29
816; -0.00495394802353026; 20804.5538275673; 20829.34; 1633.88
817; -0.00187868927956806; 20662.7955427797; 20672.04; 1606.64
818; 0.000849286330397932; 20568.5347617158; 20564.39; 1593.19
819; 0.00378508001097276; 20401.7031653214; 20383.83; 1541.22
820; 0.00610963051218648; 20255.7255016321; 20226.51; 1560.41
821; 0.0140721367814303; 20093.9089878282; 20023.8; 1625.28
822; 0.0117543450394794; 19963.7527834296; 19906.78; 1580.73
823; 0.0148364883838855; 19811.3291851195; 19737.53; 1621.8
824; 0.00450457465301138; 19679.3126275211; 19657.41; 1584.92
825; 0.00703096595039154; 19501.8525677717; 19467.41; 1596.73
826; -0.00322595632861547; 19335.5071454538; 19351.12; 1577.52
827; -0.0153057408171571; 19138.6004868191; 19210.18; 1524.5
828; -0.019719922273318; 19036.1288533181; 19127.55; 1511.39
829; -0.0257745633188629; 18859.9151137381; 18978.28; 1497.01
830; -0.0231663014454708; 18725.518574579; 18828.55; 1449.7
831; -0.0209123510421612; 18604.6750453526; 18697.1; 1439.93
832; -0.0177163260639924; 18459.4185227574; 18538.23; 1448.64
833; -0.0103869553337254; 18355.6660934082; 18403.02; 1483.89
834; -0.00815515098545626; 18223.7421850103; 18260.68; 1473.59
835; -0.00234617004308585; 18138.2584942917; 18148.9; 1475.26
836; 0.00795554280148557; 18061.8002954047; 18027.06; 1419.96
837; 0.0132484365002956; 17976.1329107364; 17917.72; 1433.88
838; 0.00952615913006569; 17785.5828768051; 17743.73; 1429
839; 0.0140964956255327; 17661.2662323195; 17601.7; 1375.38
840; 0.0125495973367917; 17578.5526427044; 17526.81; 1342
841; 0.0027976167043703; 17446.765412322; 17435.5; 1312.15
842; -0.00493836521725664; 17359.7280324787; 17379.08; 1276.64
843; -0.0002706612354688; 17209.4981055405; 17210.56; 1277.82
844; -0.00215874571947596; 17095.500757371; 17103.94; 1272.97
845; 5.07459037332253E-05; 16944.3367485127; 16944.14; 1262.16
846; -0.00280337422607058; 16836.6419642759; 16847.44; 1253.63
847; 0.00993482684397848; 16709.1008320099; 16669.25; 1305.18
848; 0.0174368744660407; 16563.0381649114; 16495.05; 1268.41
849; 0.0168104088089378; 16444.603026053; 16379.33; 1262.81
850; 0.0170162161943876; 16258.7607116009; 16192.74; 1261.5
851; 0.0194335212264935; 16169.0088649594; 16094.37; 1248.49
852; 0.0187910794547197; 16032.7812039064; 15963.03; 1206.31
853; 0.0143075030374787; 15916.2102805691; 15864.14; 1182.46
854; 0.0202672004030673; 15766.64132323; 15694.26; 1160.06
855; 0.0209331488210396; 15617.9181424113; 15542.64; 1167.84
856; 0.0254632133601412; 15517.1718863337; 15425.07; 1174.41
857; 0.0226096727874581; 15349.7856926618; 15269.87; 1147.37
858; 0.0256826455218741; 15247.3923195768; 15156.53; 1148.22
859; 0.0282808819338705; 15069.0350153329; 14966.85; 1172.44
860; 0.0317094773647356; 14954.4917724433; 14838.22; 1189.55
861; 0.0361932285802825; 14810.6866410256; 14677.89; 1190.07
862; 0.0485448237729768; 14650.1223759749; 14467.12; 1222.48
863; 0.0475292183253823; 14538.581648779; 14361.95; 1204.9
864; 0.0546537079896265; 14378.0852243729; 14177.91; 1187.23
865; 0.0661698359315765; 14273.5466237905; 14026.99; 1207.58
866; 0.0709131286923593; 14103.1402777168; 13850.63; 1153.79
867; 0.0712476619146772; 13887.1696807467; 13648.72; 1084.18
868; 0.0669581961136491; 13734.8488532552; 13521.48; 1032.09
869; 0.0471574697052267; 13463.8294039341; 13329.47; 922.62
870; 0.0480075223359655; 13299.1911642573; 13163.94; 912.12
871; 0.0408059597182276; 13001.5831674021; 12889.74; 887.17
872; 0.042123011011178; 12826.0075809763; 12712.91; 868.9
873; 0.0364768768440183; 12531.0886433774; 12432.42; 875.21
874; 0.0475335768945025; 12281.96121551; 12153.58; 873.68
875; 0.0595624105835287; 12128.074804069; 11959.66; 914.48
876; 0.0685555205369348; 11886.0073725634; 11684.11; 952.29
877; 0.0764567730679904; 11753.8890727712; 11525.8; 964.46
878; 0.0744927238556401; 11537.2160036303; 11317.21; 954.59
879; 0.0672055571456655; 11362.3465130467; 11168.8; 930.66
880; 0.0585793971044179; 11252.9968784959; 11086.47; 918.47
881; 0.0448107436017126; 11097.2429507067; 10970.52; 913.48
882; 0.0440044253746845; 11015.1511325193; 10893.36; 893.84
883; 0.040007654967797; 10918.1266257345; 10813.38; 845.38
884; 0.0250891545705814; 10789.4345275909; 10725.52; 822.4
885; 0.0303536211150552; 10725.1698949369; 10647.88; 821.83
886; 0.0291681485098919; 10649.273601337; 10579.02; 777.22
887; 0.0339645192133862; 10592.049573068; 10508.65; 792.23
888; 0.0463095332962659; 10556.9306615644; 10447.87; 759.72
889; 0.043869356108407; 10502.2477653841; 10400.33; 749.33
890; 0.04641635416864; 10474.2020822715; 10369.11; 730.15
891; 0.0429271227578406; 10439.7090213507; 10345.84; 705.07
892; 0.0550564876558871; 10477.8773908483; 10355.45; 716.87
893; 0.0551023610264898; 10529.1761243042; 10403.61; 734.54
894; 0.0557708321211011; 10623.3562075714; 10493.42; 750.87
895; 0.0601370054425539; 10706.7382530021; 10563.74; 766.23
896; 0.0519893066922551; 10835.5598125547; 10706.65; 798.86
897; 0.050039490826064; 10931.0023028547; 10800.41; 840.71
898; 0.0564729944779783; 11123.9870910475; 10977.65; 834.61
899; 0.0638462151613653; 11331.4474520983; 11155.61; 886.9
900; 0.0645420731806166; 11458.5791748909; 11278.16; 900.05
901; 0.0750308110080577; 11629.4601173168; 11413.41; 927.01
902; 0.0807526599962346; 11750.2772506818; 11511.18; 953.05
903; 0.0827965819147374; 11813.891692937; 11568.8; 952.67
904; 0.0892646908128247; 11866.5643348527; 11603.65; 947.74
905; 0.0934441382280718; 11869.8313559855; 11594.96; 946.4
906; 0.0893210975296477; 11793.1764511318; 11527.23; 957.78
907; 0.0958317067370896; 11670.8416813281; 11387.4; 951.28
908; 0.0908217046455995; 11522.087470887; 11255.71; 943.17
909; 0.0835888246001291; 11260.1906797647; 11022.24; 915.3
910; 0.0791798593026742; 10961.5499087436; 10744.29; 882.1
911; 0.0785774226883362; 10746.402726994; 10536.51; 858.58
912; 0.0751170007483761; 10381.5922483604; 10192.08; 810.79
913; 0.078036750601336; 10128.9416042246; 9941.88; 770.26
914; 0.0662829075566232; 9717.50788811812; 9570.46; 712.75
915; 0.0777403574886967; 9336.23738722247; 9176.4; 660.45
916; 0.0871547657326464; 9097.84381931908; 8929.38; 620.8
917; 0.0963797846369106; 8743.0207044124; 8559.24; 612.34
918; 0.0999124177564967; 8396.81149727982; 8211.41; 595.8
919; 0.101960576045002; 8178.30172761455; 7994.28; 579.41
920; 0.0933432082977281; 7854.26664390335; 7686.77; 575.99
921; 0.096555579101079; 7559.68189151784; 7388.2; 570
922; 0.094577878330981; 7361.95537620669; 7199.05; 552.76
923; 0.0835947223849679; 7065.45671942293; 6924.17; 542.32
924; 0.0757385084186957; 6869.7906594355; 6746.85; 520.78
925; 0.091987848740589; 6624.26541323956; 6484.36; 487.89
926; 0.0935029677093568; 6364.19245481873; 6230.74; 457.8
927; 0.0893382120765943; 6180.32975613973; 6055.54; 447.98
928; 0.103996341645931; 5941.46132227849; 5799.08; 439.03
929; 0.126075789733347; 5700.13129445554; 5533.53; 423.69
930; 0.134447496379912; 5515.51988957614; 5344.2; 408.52
931; 0.13850249526329; 5210.33387896282; 5041.86; 389.92
932; 0.135499017212156; 4857.74172488298; 4693.06; 389.54
933; 0.132270310382871; 4586.59143216007; 4439.47; 356.45
934; 0.144089891976593; 4169.28288735189; 4025.96; 318.72
935; 0.156990335352663; 3705.9290414664; 3568.06; 281.37
936; 0.154409106207161; 3378.68506740635; 3261.67; 242.77
937; 0.159626420194927; 2919.36387320621; 2808.63; 222.2
938; 0.150523489809951; 2480.69910033706; 2396.02; 180.17
939; 0.136937547793629; 2218.30675212987; 2157.94; 141.17
940; 0.132692949039397; 1892.17455095111; 1833.58; 141.39
941; 0.112830232428717; 1653.00138833814; 1605.61; 134.47
942; 0.0756501390463254; 1536.00496872913; 1508.26; 117.4
943; 0.062965148062569; 1430.84632589241; 1409.27; 109.68
944; -0.00115921398067904; 1365.35476897556; 1365.7; 95.31
945; 0.0244406358796353; 1363.21631777014; 1355.67; 98.8
946; 0.0871642766844261; 1399.87303667027; 1367.17; 120.04
947; 0.104319925107059; 1455.36854515568; 1416.54; 119.07
948; 0.101110859640258; 1501.63590240718; 1464.94; 116.09
949; 0.114743838891907; 1574.59979698798; 1531.25; 120.83
950; 0.121637902690488; 1665.38594166507; 1619.57; 120.45
951; 0.136975336429856; 1737.75678937208; 1685.78; 121.33
952; 0.138392841436117; 1836.49177269322; 1779.47; 131.73
953; 0.154123862022211; 1943.35798261086; 1882.17; 126.91
954; 0.145181846934652; 2008.36480656031; 1946.94; 135.23
955; 0.157179725041653; 2116.82444010823; 2037.35; 161.59
956; 0.148030079091196; 2207.03467717588; 2124.29; 178.62
957; 0.142088811562803; 2270.55854535071; 2187.74; 186.23
958; 0.158299230129261; 2355.17450360968; 2247.3; 217.71
959; 0.168273331978004; 2431.81098298281; 2317.73; 216.56
960; 0.168158014087875; 2472.54436705379; 2360.09; 213.59
961; 0.170088572240746; 2538.73649629712; 2424.74; 214.04
962; 0.158711199400121; 2573.47615629305; 2474.76; 198.61
963; 0.184062933648861; 2610.06461310231; 2512.71; 168.87
964; 0.183730756561964; 2632.86695775695; 2535.92; 168.45
965; 0.164971941386175; 2639.75973527258; 2566.69; 141.38
966; 0.167969078302311; 2657.2448432661; 2577.83; 150.9
967; 0.172117916522932; 2668.3682283856; 2583.13; 158.04
968; 0.143676146104203; 2658.83182941556; 2579.15; 176.96
969; 0.15311250463656; 2659.49414975879; 2572.79; 180.67
970; 0.145612084919074; 2654.59442159621; 2561.66; 203.6
971; 0.140624390197707; 2654.99269861236; 2563.25; 208.09
972; 0.144711227110399; 2659.36491301219; 2558.88; 221.46
973; 0.134956484140719; 2648.37342925635; 2551.45; 229.02
974; 0.15030676069324; 2638.17777296538; 2528.64; 232.37
975; 0.153466638594835; 2622.4057453249; 2523.86; 204.72
976; 0.160775922832319; 2614.1906670508; 2511.8; 203.01
977; 0.125850292478739; 2589.0079927609; 2510.21; 199.57
978; 0.133645958406341; 2563.94772056838; 2482.35; 194.58
979; 0.142186549730556; 2537.69727381362; 2458.6; 177.27
980; 0.150061022538087; 2515.15581980721; 2444.27; 150.51
981; 0.128353855280123; 2472.9736552614; 2419.05; 133.84
982; 0.14455733023711; 2440.32631636016; 2367.4; 160.7
983; 0.148792266505811; 2411.79913333851; 2336.46; 161.27
984; 0.172833042610084; 2369.57928068363; 2282.81; 159.88
985; 0.157420625510048; 2327.36078858684; 2251.06; 154.34
986; 0.140002482763311; 2276.88777276941; 2207.6; 157.57
987; 0.121584315605966; 2250.58603727269; 2186.34; 168.22
988; 0.126004056576876; 2216.16501554372; 2145.24; 179.17
989; 0.118849942810466; 2169.89248898011; 2108.12; 165.42
990; 0.118510059948034; 2143.70010488638; 2081.64; 166.65
991; 0.128011410617605; 2109.64772825796; 2041.03; 170.56
992; 0.134002034696552; 2067.59752895283; 1997.25; 167.02
993; 0.156549390475752; 2039.91808090339; 1966.49; 149.21
994; 0.158772931099552; 2011.56301562326; 1939.72; 143.93
995; 0.184703981791857; 1977.6085280688; 1900.4; 132.95
996; 0.221111405344844; 1946.96261631928; 1864.41; 118.73
997; 0.232682179329442; 1908.59099085303; 1824; 115.6
998; 0.228274762948175; 1878.59395865879; 1807.07; 99.62
999; 0.240929329692759; 1841.92203160431; 1765.18; 101.26
1000; 0.223114904731322; 1796.05014103503; 1720.09; 108.22
1001; 0.231143654048708; 1765.49418255038; 1685.52; 109.97
1002; 0.197575827006678; 1708.24300717516; 1645.32; 101.21
1003; 0.142777831392885; 1660.57730568197; 1611.79; 108.58
1004; 0.124753947330411; 1618.25258814926; 1578.38; 101.55
1005; 0.136066254970637; 1594.33575826691; 1549.12; 105.57
1006; 0.176486891149093; 1564.94752318042; 1516.9; 86.48
1007; 0.177727438828767; 1521.77032271125; 1481.6; 71.79
1008; 0.184779757623324; 1489.66723553095; 1453.64; 61.92
1009; 0.15544318131748; 1463.17198137922; 1434.1; 59.39
1010; 0.24366503853929; 1436.2773149912; 1395.29; 53.41
1011; 0.247755873163957; 1399.07453584277; 1360.61; 49.29
1012; 0.202314796558744; 1359.31619504319; 1324.04; 55.35
1013; 0.172673507342862; 1330.93206982529; 1288.94; 77.19
1014; 0.225806133709507; 1304.41304930554; 1240.43; 89.93
1015; 0.254799852797108; 1283.38297371179; 1208.26; 93.56
1016; 0.275394201255046; 1248.53344099524; 1185.47; 72.66
1017; 0.305592380460874; 1229.23077470384; 1156.76; 75.24
1018; 0.292425348849052; 1194.23224372176; 1123.75; 76.46
1019; 0.292022525330145; 1159.21813371058; 1094.23; 70.59
1020; 0.292127060820205; 1130.10954369453; 1067.91; 67.53
1021; 0.179398107955191; 1098.55642131097; 1061.87; 64.85
1022; 0.141895842073208; 1060.03909075645; 1032.33; 61.92
1023; 0.165190519998727; 1038.01388618827; 995.4; 81.79
1024; 0.156756233343813; 1012.49977229532; 986.13; 53.33
1025; 0.117745969225783; 993.014102117025; 973.1; 53.61
1026; 0.102936734933823; 968.687934462448; 952.67; 49.32
1027; 0.0370564262870879; 938.718051497056; 934.38; 37.1
1028; 0.135422676798655; 925.4085157858; 908.57; 39.4
1029; 0.152687632195571; 907.662442847366; 890.68; 35.24
1030; 0.158786579980513; 875.924490123438; 861.62; 28.54
1031; 0.154603783845981; 851.852403192455; 834.97; 34.59
1032; 0.307310185977545; 843.108948767198; 813.72; 30.29
1033; 0.335393734151536; 821.576190056655; 789.35; 30.43
1034; 0.390500614549113; 814.980390872558; 780.6; 27.88
1035; 0.348857393719614; 788.049821319301; 755.68; 29.38
1036; 0.456242043837066; 770.948079144726; 748.41; 15.64
1037; 0.585187092845246; 768.658541676632; 732.52; 19.55
1038; 0.321378375129667; 747.10867295161; 727.94; 18.88
1039; 0.264046183570419; 703.888048431096; 755.57; -61.95
1040; 1.89971574123006; 780.663914096592; 691.58; 14.84
1041; -0.048551973142778; 673.161054280704; 681.33; 53.24
