# 16/03/2019 15:07:25
# NanoCalc data
# Original file name: C:\SVA_DATA\StudentProjects\2018_Nathan\PS_160319\PSswelling_16_03_19_738.dat
# Fit Result : Fitness; Thickness 1; Thickness 2; Thickness 3 
# Fit Result : 0.474880328902931; 2; 310.7; -1
# comment:PS id: 348 slowslow swelling at 13:07
#
# WaveLength; Reflectance; Raw Intensity; Dark Intensity; Reference Intensity
400; 0.297957271813673; 4434.92209443314; 4128.73; 498.3
401; 0.30198818034487; 4588.71873180505; 4281.21; 491.63
402; 0.291599646487384; 4688.0925227718; 4392.47; 487.32
403; 0.283943585107856; 4783.81666646243; 4494.68; 487.45
404; 0.269659701539045; 4890.6712834377; 4615.44; 486.53
405; 0.235305259126525; 5039.95967613161; 4790.2; 504
406; 0.221050584656848; 5138.48520688087; 4891.23; 529.04
407; 0.215863452603444; 5252.1694626219; 5004.66; 540.18
408; 0.209642041096189; 5358.88997731109; 5101.67; 575.74
409; 0.208740299622661; 5482.5740150896; 5219.95; 588.19
410; 0.199480316287679; 5633.79849482123; 5376.23; 601.39
411; 0.186802608564881; 5721.82623570497; 5472.62; 619.16
412; 0.183844168458155; 5815.17947079314; 5572.99; 609.24
413; 0.176268526383364; 5890.41521705878; 5656.11; 612.69
414; 0.169867179846626; 6024.86996107664; 5797.98; 613.59
415; 0.171967140763232; 6120.98277048269; 5886.56; 624.16
416; 0.161796856374484; 6192.72221524667; 5971.21; 624.77
417; 0.148709747671542; 6273.18856012002; 6067.74; 628.37
418; 0.141827593550566; 6399.64835287555; 6202.36; 630.58
419; 0.113408151709759; 6470.45474032884; 6310.91; 635.83
420; 0.111985168611964; 6582.53884681852; 6423.12; 641.48
421; 0.0924728735295588; 6685.96929184876; 6553.44; 643.92
422; 0.085152362714689; 6844.88977405651; 6719.62; 659.04
423; 0.0831957571951281; 6954.68339410523; 6825.99; 690.92
424; 0.0761693097484787; 7077.0291188827; 6954.73; 715.03
425; 0.068557272719864; 7212.24109791679; 7100.68; 722.7
426; 0.06662090404857; 7409.38170697504; 7291.52; 783.57
427; 0.0646466275899389; 7559.18132654277; 7441.53; 803.85
428; 0.0646132931654058; 7702.66277273635; 7580.19; 834.93
429; 0.0642597665352951; 7840.69530707296; 7715.94; 853.06
430; 0.0515406504881946; 8049.28881359727; 7945.72; 880.75
431; 0.0536284552760845; 8196.65082794823; 8084.29; 916.06
432; 0.0482132997108568; 8300.13774607659; 8199.59; 909.55
433; 0.0449567162794172; 8408.67234672416; 8310.91; 946.14
434; 0.0577087324104542; 8611.91724281807; 8484.39; 959.16
435; 0.0547360432602145; 8723.54403528318; 8602.52; 957.61
436; 0.0582122486379626; 8818.27336073165; 8688.3; 964.91
437; 0.0530207221915732; 8927.31907260575; 8807.31; 975.92
438; 0.053815714576221; 9095.98783284797; 8973.36; 980.21
439; 0.0573259871027639; 9189.4532168886; 9055.15; 1005.5
440; 0.0535003426726097; 9293.42536240469; 9166.34; 1017.16
441; 0.0563820120216744; 9418.10659999734; 9282.43; 1028.13
442; 0.0533798678879114; 9587.54614917887; 9458.75; 1028.56
443; 0.0473163867480172; 9696.07012256952; 9583.99; 1007.55
444; 0.0403284917680385; 9843.42410516347; 9747.02; 1014.57
445; 0.0408252549235048; 9982.79830573486; 9884.78; 1016.71
446; 0.0507790346210405; 10206.0867860797; 10083.61; 1019.05
447; 0.0602267425634398; 10402.122122028; 10250.15; 1063.82
448; 0.0608042681860778; 10594.1516208991; 10438.6; 1076.19
449; 0.0624331710260709; 10894.0249657304; 10729.27; 1107.78
450; 0.0712162485430885; 11111.8936736123; 10918.08; 1140
451; 0.079833657430524; 11338.8443123615; 11119.59; 1148.12
452; 0.0861976661107932; 11560.6038363145; 11317.34; 1177.39
453; 0.0920784594505988; 11921.7738179138; 11649.5; 1231.2
454; 0.0865691623069244; 12170.2075709897; 11910.85; 1244.96
455; 0.0874749855006393; 12409.7650840994; 12145.22; 1254.26
456; 0.089448223524611; 12672.1960334426; 12401.32; 1253.51
457; 0.0920280250815759; 13065.1259706564; 12779.62; 1281.75
458; 0.0846377506168099; 13331.2611299858; 13057.99; 1331.39
459; 0.0920870055382831; 13602.3092960009; 13298.95; 1355.89
460; 0.0925518586693159; 13876.1570618187; 13561.85; 1395.15
461; 0.096568273467233; 14263.7757352431; 13933.24; 1403.55
462; 0.101668791582615; 14497.6361635462; 14137.18; 1451.1
463; 0.114330655445376; 14762.1761905308; 14347.89; 1480.41
464; 0.129236171601993; 15181.560484258; 14697.65; 1526.98
465; 0.138272869327496; 15469.8445021126; 14948.09; 1536.14
466; 0.148009515961829; 15781.5484791989; 15217.68; 1548.2
467; 0.15046958005696; 16067.7917900111; 15491.31; 1554.34
468; 0.155062203753012; 16621.4377153652; 16005.76; 1608.14
469; 0.160294707758517; 17008.2317298081; 16367.5; 1616.28
470; 0.168338917984499; 17416.3308096253; 16726.43; 1654.44
471; 0.17622273882856; 17907.1025173043; 17152.92; 1724.85
472; 0.180965466517538; 18664.9839353392; 17848.48; 1815.49
473; 0.183278998809858; 19190.1471432768; 18337.26; 1869.44
474; 0.189292560394944; 19763.5723364282; 18857.85; 1919.08
475; 0.19796616791085; 20743.4546022604; 19747.25; 2015.09
476; 0.205203587645496; 21392.6884449333; 20330.81; 2068.81
477; 0.203490547901666; 22072.8929389788; 21002.14; 2100.32
478; 0.203046366090387; 22865.8566790754; 21749.8; 2190.43
479; 0.205893991658451; 24028.7935211087; 22855.75; 2266.9
480; 0.208726999973478; 24871.5116643479; 23642.88; 2338.44
481; 0.21926859074912; 25701.7688119798; 24387.3; 2377.96
482; 0.220836130238036; 26964.2491373235; 25566.6; 2506.71
483; 0.222909878262599; 27799.5327972479; 26359.04; 2555.76
484; 0.226512902361372; 28636.6858641387; 27132.3; 2622.74
485; 0.233288423391906; 29496.8729957441; 27904.38; 2691.67
486; 0.24506418119631; 30645.8090335248; 28891.56; 2818.29
487; 0.246438211596208; 31388.9451454858; 29557.13; 2922.08
488; 0.25171947949493; 32117.9929410062; 30228.25; 2946.77
489; 0.256206463913573; 32776.9097812325; 30828.85; 2980.24
490; 0.260833769774101; 33713.7819507372; 31675.19; 3059.02
491; 0.263904000794254; 34275.4744514249; 32202.1; 3071.01
492; 0.266385200127056; 34834.9258423108; 32681.91; 3155.14
493; 0.269884903618655; 35574.6996780084; 33367.32; 3188.82
494; 0.27412612514462; 36076.5144689683; 33806.15; 3225.04
495; 0.279330512768562; 36551.5324711814; 34237.31; 3222.06
496; 0.279088922115699; 37144.0654448077; 34809.18; 3249.64
497; 0.283398725602294; 37555.0370866955; 35171.51; 3262.86
498; 0.282731167824441; 37937.0554561406; 35529.07; 3300.04
499; 0.284730667799276; 38397.8141104695; 35957.07; 3317.25
500; 0.296796610774185; 39009.1981788061; 36455.96; 3324.93
501; 0.293221804898101; 39395.9039533761; 36819.54; 3391.56
502; 0.29655153475644; 39805.1227691587; 37176.1; 3417.51
503; 0.297558893899721; 40395.241428433; 37664.75; 3532.88
504; 0.303403449629823; 40863.1245490164; 38078.63; 3528.83
505; 0.302639033038959; 41354.1204689105; 38492.74; 3631.1
506; 0.30392781111782; 41822.8435029953; 38939.42; 3639.21
507; 0.313374816687732; 42544.7153241652; 39542.79; 3670.33
508; 0.315591035082285; 43019.6607522736; 39980.31; 3685.74
509; 0.319745238312883; 43532.3436771266; 40433.11; 3705.42
510; 0.328301224780382; 44284.2732075237; 41112.62; 3688.99
511; 0.328277776679635; 44776.1278058225; 41570.54; 3724.49
512; 0.328821510234365; 45290.2707277509; 42009.35; 3801.38
513; 0.335811663460093; 46029.1901483434; 42653.8; 3825.15
514; 0.340508067992536; 46583.3393288881; 43089.63; 3900.16
515; 0.343748027879778; 47121.5793228756; 43574.42; 3918.1
516; 0.340283717115985; 47537.0372029008; 43959.13; 3987.71
517; 0.342940554335776; 48318.3614959061; 44608.66; 4097.84
518; 0.33940702834661; 48862.4731177663; 45093.66; 4201.72
519; 0.340982285991461; 49413.2326425737; 45585.82; 4242.52
520; 0.342708327838667; 50204.8551704009; 46354.32; 4241.93
521; 0.342381730962036; 50700.9311608194; 46836.25; 4257.03
522; 0.34153906525148; 51189.1689618365; 47290.23; 4300.76
523; 0.336749403791808; 51893.1589506734; 47955.64; 4400.48
524; 0.335696289107603; 52440.9929326752; 48473.51; 4443.21
525; 0.335966035632641; 52905.4303342296; 48920.91; 4454.13
526; 0.33863056669515; 53562.5910491842; 49544.96; 4451.22
527; 0.33808898623302; 53960.6541496483; 49917.2; 4482.6
528; 0.338431479210627; 54340.6042261819; 50237.52; 4539.52
529; 0.34189890126462; 54697.7224139187; 50576.77; 4508.6
530; 0.341827952209128; 55136.1242580727; 50993.65; 4528.72
531; 0.340152732904147; 55370.8004034798; 51174.87; 4605.53
532; 0.338845393885352; 55588.5830673847; 51347.43; 4668.84
533; 0.336249123033126; 55869.993618956; 51578.11; 4756.79
534; 0.330482107178844; 55972.1873338251; 51722.03; 4788.33
535; 0.328441623857294; 56154.753638582; 51885.84; 4834.27
536; 0.333159082865469; 56432.6584925343; 52097.07; 4835.29
537; 0.327064135565286; 56601.3901648791; 52264.71; 4921.33
538; 0.325218592179252; 56769.3608194357; 52444.34; 4930.62
539; 0.325226123471979; 57095.983036277; 52766.82; 4930.26
540; 0.328855249695463; 57345.4917221964; 52950.34; 4945.18
541; 0.329614198823811; 57615.2470716647; 53157.19; 5000.24
542; 0.337794704068855; 58047.6703742179; 53506.74; 4965.7
543; 0.342240151686148; 58307.4650602336; 53737.46; 4928.71
544; 0.344541665023687; 58606.4977267218; 54002.84; 4927.96
545; 0.345888041401569; 59040.6043410661; 54398.29; 4945.97
546; 0.345439496782403; 59343.536867986; 54667.39; 4984.42
547; 0.349300638215722; 59659.2391157758; 54963; 4946.21
548; 0.347283905042289; 60156.6428377318; 55485.77; 4943.89
549; 0.345504004149468; 60426.8205024073; 55780.6; 4938.83
550; 0.34184973251438; 60720.795745707; 56082.81; 4978.56
551; 0.338276784515958; 61029.9047635797; 56442.1; 4972.49
552; 0.340139148040469; 61535.0019922038; 56912.56; 4978.37
553; 0.341712981033119; 61820.736670311; 57170.85; 4980.75
554; 0.336907057079722; 62102.2194470143; 57462.94; 5035.98
555; 0.329993703397586; 62534.4985165191; 57899.63; 5132.21
556; 0.327120514175113; 62815.8358260038; 58218.74; 5130.57
557; 0.324641463764767; 63138.0655161262; 58560.38; 5143.51
558; 0.322893674813165; 63687.1035782636; 59102.67; 5174.53
559; 0.320475247098954; 64104.1924112079; 59482.74; 5251.16
560; 0.313164061409614; 64514.5843716903; 59907.96; 5351.9
561; 0.310324826785036; 65325.9023293158; 60680.51; 5441.76
562; 0.313572101367251; 65944.093020693; 61275.73; 5407.36
563; 0.313805676301839; 66539.9647684092; 61881.59; 5387.39
564; 0.316991824267446; 67542.1500417457; 62777.77; 5450.16
565; 0.3214683077803; 68215.3897569062; 63329.69; 5507.06
566; 0.318991601096779; 68770.6759814955; 63858.49; 5575.79
567; 0.311734175152514; 69473.8817570915; 64591.04; 5667.63
568; 0.308204657670839; 69757.9770651749; 64947.29; 5643.95
569; 0.303192361581272; 69896.2380503679; 65185.62; 5613.9
570; 0.298652180710854; 69991.4175217147; 65338.74; 5625.12
571; 0.295438945621735; 69962.9850676642; 65313.57; 5677.94
572; 0.290722506209024; 69882.7881647438; 65256.1; 5737.27
573; 0.282480655556528; 69475.6553054275; 65014.32; 5689.09
574; 0.280454069233255; 69185.7095037786; 64809.91; 5615.69
575; 0.283135892785573; 68839.7398068581; 64479.72; 5538
576; 0.286269810203496; 68736.0597112173; 64344.84; 5512.29
577; 0.281304867094179; 68529.5102559525; 64163.52; 5573.02
578; 0.280218118080594; 68245.3463495232; 63925.39; 5531.34
579; 0.277849964301586; 68061.7269919799; 63786.68; 5516.34
580; 0.280075278206328; 67914.9643215606; 63688.94; 5405.68
581; 0.278959680300506; 67716.2646592247; 63511.61; 5396.07
582; 0.276135558863631; 67575.3585623982; 63395.76; 5414.97
583; 0.273243780989478; 67447.155804389; 63297.12; 5429.9
584; 0.268534308714978; 67220.0300804443; 63141.9; 5425.87
585; 0.274089269334144; 67204.8336045304; 63062.85; 5395.63
586; 0.27718789874239; 67137.5310949399; 62944.34; 5397.76
587; 0.272217009805388; 66939.2044985525; 62792.76; 5431.66
588; 0.266169192207445; 66752.9913966213; 62654.36; 5487.59
589; 0.2636147375833; 66653.1434629629; 62566.82; 5520.82
590; 0.266684815833159; 66661.0293570645; 62512.58; 5536.76
591; 0.263837939691683; 66623.9239859899; 62505.81; 5552.09
592; 0.261510970269994; 66615.5913770989; 62513.67; 5575.96
593; 0.256629634326396; 66611.6255219212; 62611.92; 5536.94
594; 0.24907734761433; 66602.4464345106; 62693.31; 5572.13
595; 0.246218504201708; 66839.9100770666; 62989.14; 5549.16
596; 0.244337986099942; 67062.4919901761; 63234.76; 5554.9
597; 0.23933730388837; 67339.8193653326; 63610.07; 5522.3
598; 0.233981399284085; 67828.8119318791; 64126.97; 5602.89
599; 0.229601856310395; 68208.1425960302; 64545.09; 5646.35
600; 0.228056482742088; 68725.4903665221; 65063.58; 5679.23
601; 0.223871926851949; 69607.6905580411; 65916.6; 5827.78
602; 0.222145775809413; 70294.8918521084; 66585.74; 5898.21
603; 0.22356169736898; 70992.7605365253; 67192.33; 6001.26
604; 0.225642123791798; 72035.5187931004; 68063.31; 6210.72
605; 0.228410350695954; 72674.3616260963; 68568.75; 6337.63
606; 0.225737125875118; 73271.4214994728; 69197.15; 6359.84
607; 0.223407792921735; 73972.8722842023; 69914.96; 6396.43
608; 0.218362172981591; 74299.9928208792; 70317.9; 6418.02
609; 0.210040422095641; 74606.5267912228; 70777.29; 6412.24
610; 0.208845828685849; 74730.8500433519; 70888.42; 6467.16
611; 0.204452718785791; 74771.3680143242; 71003.56; 6474.02
612; 0.198137166736248; 74674.6872507742; 71007.29; 6498.34
613; 0.191969306708067; 74534.5756324652; 70998.27; 6463.39
614; 0.188236217869136; 74284.8764497404; 70832.33; 6431.65
615; 0.184293125878689; 73806.9738972888; 70445.1; 6392.96
616; 0.181324147274591; 73413.2614183296; 70072.58; 6452.68
617; 0.183242972663474; 72810.8785645146; 69438.15; 6442.73
618; 0.177740869103503; 72288.7477491034; 69078.18; 6319.07
619; 0.17520833632113; 71782.9320876175; 68627.06; 6297.82
620; 0.169391195474225; 71024.3693132034; 68049.15; 6137.91
621; 0.169762439107233; 70507.4186259274; 67566.24; 6051.33
622; 0.170712736808032; 70076.5270031765; 67148.78; 5987.11
623; 0.171612578255173; 69426.4759273229; 66516.87; 5915.96
624; 0.173320149359749; 69035.8772480463; 66173.83; 5759.15
625; 0.170069923774535; 68416.9374329012; 65647.4; 5676.76
626; 0.16909174600575; 68065.9845134396; 65330.01; 5637.68
627; 0.165522185132869; 67692.2803394558; 65052.88; 5553.44
628; 0.159959468457805; 67074.1127325178; 64518.76; 5560.88
629; 0.153398653002325; 66685.9807969545; 64241.88; 5543.73
630; 0.149895657327369; 66321.302181113; 63905.68; 5604.62
631; 0.144963781396949; 65802.428370847; 63476.06; 5578.78
632; 0.144743648617844; 65504.5666833805; 63179.09; 5582.73
633; 0.145443458461194; 65067.3461473804; 62767.42; 5492.47
634; 0.145658164531356; 64785.9196705349; 62514; 5415.11
635; 0.147092155066932; 64519.0199892322; 62254.26; 5342.51
636; 0.151954061179682; 64267.9980392485; 61987.01; 5205.79
637; 0.150922992347422; 64030.1022783896; 61764.54; 5202.77
638; 0.150657890891423; 63806.0526488756; 61555.63; 5173.97
639; 0.142489060070583; 63445.1805994752; 61337.24; 5121.28
640; 0.135080438969363; 63189.3686951315; 61186.77; 5129.09
641; 0.123563992809856; 62773.4461459712; 60926.44; 5168.8
642; 0.117987976963164; 62523.5007182171; 60738.15; 5229.66
643; 0.112762758074197; 62350.0593126003; 60655.06; 5192.52
644; 0.10592898032803; 61985.9577837493; 60375.33; 5249.78
645; 0.107751111814757; 61835.0121650411; 60187.65; 5276.42
646; 0.103208099334904; 61513.1972148153; 59942.03; 5251.45
647; 0.103685316183201; 61337.1481910785; 59767.67; 5219.54
648; 0.103728060549956; 61142.1584380586; 59567.72; 5231.75
649; 0.103258148803287; 60905.5181026782; 59337.46; 5231.98
650; 0.103325314731163; 60736.3675428409; 59168.18; 5226.73
651; 0.102069212945046; 60488.0192711635; 58909.88; 5322.15
652; 0.101745149884131; 60354.5512168406; 58799.62; 5257.98
653; 0.0949603695438842; 60167.4161559989; 58744.82; 5151.64
654; 0.0920675639419585; 59992.8854322966; 58622.74; 5115.21
655; 0.0895030564237274; 59871.8881713483; 58553.86; 5059.56
656; 0.0894601283058451; 59699.1526901251; 58381.47; 5058.59
657; 0.0915260650685476; 59609.5835885387; 58256.17; 5076.7
658; 0.0893129922835642; 59488.1505712236; 58185.35; 5006.18
659; 0.0860049617437523; 59287.9631741447; 58052.77; 4926.93
660; 0.0813625474775213; 59113.5719314496; 57954.92; 4883.32
661; 0.0820475243206517; 58929.0404557165; 57747.73; 4934.5
662; 0.0829612447514788; 58813.6588425587; 57625.64; 4905.27
663; 0.0821289349458529; 58694.0448984713; 57524.13; 4876.89
664; 0.0788391750559821; 58527.2160346282; 57417.09; 4818.06
665; 0.0744025802671311; 58372.8900142677; 57335.16; 4770.59
666; 0.0742890257215649; 58230.4009022243; 57198.04; 4751.34
667; 0.0722628727222665; 58095.0709259779; 57082.23; 4790.65
668; 0.0716901336294156; 57941.2581834635; 56937.17; 4785.78
669; 0.0692159501145537; 57702.8324039654; 56731.7; 4792.32
670; 0.0664845437330006; 57535.3741112526; 56601.69; 4794.97
671; 0.0584915067044028; 57217.8976346228; 56396.69; 4790.96
672; 0.0588801828466052; 57079.2526366212; 56255.13; 4773.54
673; 0.058587184036227; 56942.1909608098; 56121.1; 4776.93
674; 0.053626443252727; 56613.9123934445; 55860.44; 4786.34
675; 0.0524281886705547; 56378.8267088741; 55641.32; 4789.86
676; 0.0538958138837691; 56041.7463599877; 55281.89; 4798.49
677; 0.0547470868293855; 55799.9043648971; 55029.44; 4788.26
678; 0.0560917841390362; 55432.4044395089; 54649.42; 4747.72
679; 0.0590947850502843; 55191.7565495333; 54370.61; 4724.41
680; 0.056396957590799; 54838.4147658584; 54053.07; 4733.02
681; 0.0500824172549703; 54252.9845132335; 53553.6; 4744.7
682; 0.0513809785198368; 53970.30879035; 53266; 4655.54
683; 0.0520329867180388; 53568.8408448088; 52864.11; 4598.17
684; 0.0523457886693239; 53315.5098817433; 52608.7; 4582.53
685; 0.0461930203831111; 52853.1341093043; 52237.34; 4522.46
686; 0.0471929434571697; 52545.2060232318; 51913.98; 4535.94
687; 0.0461067873111661; 52264.2228784056; 51649.53; 4519.43
688; 0.0475234389913189; 51914.4168036524; 51295.5; 4413.25
689; 0.0524063543917922; 51744.0724886906; 51070.3; 4355.19
690; 0.0497587532906826; 51336.9779464059; 50699.74; 4336.51
691; 0.0471734172839569; 51012.4003046644; 50413.55; 4296.94
692; 0.0475463526472553; 50735.5938708958; 50130.14; 4308.56
693; 0.0529865530061285; 50379.3134147717; 49696.67; 4357.39
694; 0.0488643695335104; 50091.9910377373; 49465.93; 4331.64
695; 0.0472532099389741; 49643.6300572958; 49036.92; 4339.05
696; 0.0446276057738911; 49340.7262879039; 48764.73; 4359.91
697; 0.041980168260844; 48914.8911261201; 48370.16; 4381.3
698; 0.0446830875423919; 48662.5770913862; 48079.54; 4403.87
699; 0.0462593020331996; 48320.6433969681; 47719.76; 4382.3
700; 0.0434132788903967; 48030.477126162; 47469.65; 4356.59
701; 0.0395996910585998; 47760.5109137439; 47257.62; 4281.45
702; 0.0421067528947589; 47440.0886094121; 46910.58; 4238.24
703; 0.0400290811035654; 47172.5760547144; 46677; 4171.26
704; 0.0351234509656417; 46817.8664462938; 46395.78; 4047.67
705; 0.0362829611055861; 46554.6314545224; 46117.47; 4056.66
706; 0.0353096602468278; 46167.905930981; 45748.44; 3998.29
707; 0.0303301975981099; 45920.3819208518; 45565.62; 3935.03
708; 0.0272403508595591; 45714.3032682151; 45404.96; 3818.82
709; 0.024535520189124; 45345.055283101; 45067.9; 3797.26
710; 0.0195769859902486; 45085.1651565604; 44868.29; 3722.61
711; 0.0180171488943694; 44709.0781708641; 44507.27; 3763.08
712; 0.0244249822167132; 44506.8142706593; 44234.63; 3743.06
713; 0.0193431681013262; 44166.6031341845; 43956.65; 3645.02
714; 0.0211644717125017; 43901.3833762883; 43673.52; 3614.87
715; 0.01854963816991; 43445.3694740624; 43250.26; 3530.39
716; 0.0230579517763629; 43148.3356503351; 42906.92; 3513.11
717; 0.0245898589211487; 42813.2381108802; 42561.47; 3434.15
718; 0.0289095810998937; 42290.9261405919; 42001.83; 3352.76
719; 0.028706832924102; 41916.2043713987; 41637.91; 3248.89
720; 0.0250410575878151; 41321.5134846453; 41084.95; 3164.74
721; 0.0247241782309042; 40951.5076911055; 40719.31; 3144.99
722; 0.0228091605971083; 40385.3686885984; 40173.84; 3104.44
723; 0.0257216859147969; 40056.1421481066; 39818.44; 3092.41
724; 0.0176880833599324; 39529.4202857829; 39369.63; 3021.85
725; 0.0189434521029247; 39261.28134958; 39089.54; 3031.51
726; 0.0200746504206826; 38994.6888460587; 38812.67; 3030.76
727; 0.0266565738895409; 38913.9139537728; 38667.46; 3089.26
728; 0.0326890190357928; 38832.4351572608; 38526.57; 3125.39
729; 0.03793395925882; 38772.7924603827; 38422.34; 3085.01
730; 0.0364789202231077; 38732.2602274403; 38393.37; 3101.36
731; 0.0407150587305235; 38770.0255195923; 38393.25; 3089.03
732; 0.0423144684638732; 38802.4086389617; 38409.02; 3102.94
733; 0.0415625665873658; 38833.8357522083; 38439.38; 3167.25
734; 0.0426301155674248; 38793.3365613714; 38387.61; 3175.87
735; 0.0391632245686828; 38710.3232329057; 38341.94; 3138.05
736; 0.0360506457408322; 38623.2296579446; 38288.17; 3099.75
737; 0.031147137702169; 38493.6340864852; 38208.75; 3049.44
738; 0.0368343126906242; 38434.2024398793; 38099.45; 3028.96
739; 0.0381661401143803; 38355.4602481954; 38012.51; 2993.74
740; 0.0363113263826825; 38280.9402813895; 37957.1; 2970.22
741; 0.0358472983259829; 38213.0288493122; 37899.45; 2912.34
742; 0.0328356409193815; 38232.0967961633; 37944.75; 2912.58
743; 0.0339184768565497; 38305.3345584483; 38010.17; 2895.32
744; 0.0405004596387656; 38525.0481350199; 38163.41; 2969.85
745; 0.0405835751690528; 38662.1562000094; 38302.58; 2945.77
746; 0.0367486256806182; 38916.4675870724; 38585.54; 2992.87
747; 0.0367748902915838; 39126.5839658055; 38793.08; 3012.89
748; 0.0419523801375045; 39404.1667245448; 39021.67; 3028
749; 0.0469733725715752; 39542.3645670611; 39113.75; 3029.55
750; 0.048322511916465; 39518.7062118732; 39071.26; 3073.59
751; 0.0458254424806737; 39421.0796708452; 39000.42; 3046.95
752; 0.0460102943416114; 39206.415432067; 38784.12; 3046.32
753; 0.0442279049372533; 38940.1336485182; 38532.39; 3059.79
754; 0.046821760520344; 38435.9348183528; 38020.71; 2943.13
755; 0.0413430928831559; 38000.4741641942; 37644.43; 2857.37
756; 0.0375162490138257; 37354.7724012651; 37039.5; 2787.47
757; 0.0364511704364904; 36927.4151764836; 36626.49; 2737.25
758; 0.0393242912679749; 36312.8080487903; 36000.14; 2635.2
759; 0.0409975384789801; 35905.1482629108; 35589.05; 2554.18
760; 0.0430415550818523; 35502.072318974; 35172.51; 2535.32
761; 0.0499926000749201; 34974.6588990941; 34601.45; 2470.73
762; 0.055348512412228; 34647.3880361131; 34239.72; 2436.55
763; 0.0643520118834873; 34156.8693708785; 33672.68; 2488
764; 0.0701772879348895; 33835.5442177011; 33303.74; 2504.89
765; 0.0781741741720204; 33407.5800333293; 32811.99; 2518.12
766; 0.0818972080323615; 33129.6408507768; 32495.94; 2557.21
767; 0.0838311538006943; 32723.0482605194; 32083.73; 2520.44
768; 0.078852957924658; 32392.4760111184; 31788.56; 2531.26
769; 0.0759401283498656; 31968.3266918769; 31373.5; 2588.63
770; 0.0723839991744955; 31693.4691942875; 31131.83; 2564.12
771; 0.0744544144134555; 31336.9169072231; 30766.53; 2530.61
772; 0.0693852667801806; 31088.2414757965; 30557.52; 2525.62
773; 0.0636507949123576; 30722.8690873615; 30250.57; 2449.01
774; 0.0598848079741409; 30474.9240872137; 30043.56; 2376.29
775; 0.0636856145215429; 30176.0547922529; 29721.74; 2352.54
776; 0.0666360679026872; 29962.8528668984; 29492.76; 2325.58
777; 0.062281863926897; 29583.3205049796; 29153.88; 2272.42
778; 0.0597888956148215; 29380.3177927959; 28972.74; 2246.02
779; 0.0655472741420463; 29081.8406575261; 28639.48; 2223.05
780; 0.0655094598403271; 28864.6630305978; 28422.74; 2221.57
781; 0.0714849721898235; 28584.6008901981; 28090.89; 2273.94
782; 0.0749022928252661; 28394.5714292283; 27881.21; 2256
783; 0.073750555331292; 28034.9509617172; 27535.46; 2228.83
784; 0.0832015163667333; 27877.6720592793; 27302.24; 2275.45
785; 0.094607284434409; 27590.9878429337; 26940.17; 2262.64
786; 0.0977906022016117; 27380.5608983805; 26703.37; 2277.04
787; 0.0953390276606842; 27044.0677529863; 26410.67; 2183.86
788; 0.102427493161087; 26867.0675917205; 26193.72; 2160.25
789; 0.105718626923947; 26552.5713159306; 25859.43; 2153.91
790; 0.103953585259454; 26370.6664454069; 25689.46; 2152.15
791; 0.11292990832201; 26152.6923287866; 25431.07; 2098.09
792; 0.105934253702204; 25961.8584269491; 25301.13; 2047.45
793; 0.109589478110523; 25733.7540395128; 25065.27; 2002.01
794; 0.109980386428542; 25578.8326555708; 24914.42; 1982.43
795; 0.115810213550795; 25373.8060448383; 24669.28; 1996.17
796; 0.114382521863969; 25126.8857979237; 24445.9; 1953.43
797; 0.114994364573277; 24945.3344830585; 24270.76; 1924.68
798; 0.119235600126303; 24711.0603338731; 24001.4; 1952.7
799; 0.125139212445457; 24551.6770239337; 23802.18; 1964.77
800; 0.118643602188822; 24306.7832657688; 23597.51; 1960.87
801; 0.11997525407517; 24140.438374435; 23419.48; 1970.36
802; 0.12281617056246; 23917.4179960073; 23194.39; 1929.63
803; 0.127513001701996; 23783.4087965591; 23035.82; 1920.89
804; 0.126368172737541; 23590.0903902746; 22864.61; 1880.25
805; 0.124577422801897; 23420.3318865645; 22701.51; 1889.29
806; 0.125669302613167; 23210.2101441083; 22505.05; 1836.81
807; 0.122882657276467; 23080.8457312856; 22388.34; 1844.46
808; 0.122770599604056; 22862.5134635443; 22182.43; 1812.68
809; 0.115116235284924; 22695.936083531; 22076.21; 1761.3
810; 0.122545063930518; 22490.6067651814; 21830.98; 1760.66
811; 0.127309527126993; 22355.7901452263; 21674.26; 1750.54
812; 0.124384462733924; 22123.777244777; 21450.09; 1770.52
813; 0.128584858760238; 22007.2573802132; 21326.57; 1729.98
814; 0.118904841541873; 21783.3569944576; 21178.66; 1661.43
815; 0.127819865368419; 21697.2976935357; 21055.41; 1640.29
816; 0.136781993906951; 21513.7036773266; 20829.34; 1633.88
817; 0.128780432367402; 21305.7292485509; 20672.04; 1606.64
818; 0.127306247804017; 21185.6811278509; 20564.39; 1593.19
819; 0.132931185688991; 21011.531673756; 20383.83; 1541.22
820; 0.138522098956196; 20888.9056391571; 20226.51; 1560.41
821; 0.139773227331598; 20720.1661344334; 20023.8; 1625.28
822; 0.140546760788591; 20588.0038484787; 19906.78; 1580.73
823; 0.142889428036914; 20448.2860143929; 19737.53; 1621.8
824; 0.14159486207175; 20345.8877724333; 19657.41; 1584.92
825; 0.14427030729749; 20174.1464387185; 19467.41; 1596.73
826; 0.141180376920336; 20034.3991473609; 19351.12; 1577.52
827; 0.136651277535334; 19849.2494863045; 19210.18; 1524.5
828; 0.13715721787176; 19763.4079896893; 19127.55; 1511.39
829; 0.136364163344764; 19604.5070473729; 18978.28; 1497.01
830; 0.140733101756468; 19454.4562160622; 18828.55; 1449.7
831; 0.140505113548926; 19318.081290975; 18697.1; 1439.93
832; 0.147323593721199; 19193.6023391584; 18538.23; 1448.64
833; 0.152250686562018; 19097.1276146331; 18403.02; 1483.89
834; 0.156597200631293; 18969.9689432875; 18260.68; 1473.59
835; 0.166174278213436; 18902.6154160648; 18148.9; 1475.26
836; 0.160323481014412; 18727.1612036165; 18027.06; 1419.96
837; 0.162122798616814; 18632.5262009985; 17917.72; 1433.88
838; 0.155260102609518; 18425.8603170081; 17743.73; 1429
839; 0.158283768458531; 18270.5447948251; 17601.7; 1375.38
840; 0.147928782587073; 18136.7280665068; 17526.81; 1342
841; 0.142948836896052; 18011.1248116739; 17435.5; 1312.15
842; 0.13504083301984; 17908.2643959861; 17379.08; 1276.64
843; 0.142576127832054; 17769.933786693; 17210.56; 1277.82
844; 0.141624039396288; 17657.5946614908; 17103.94; 1272.97
845; 0.151686810225122; 17532.2496229347; 16944.14; 1262.16
846; 0.156742349661517; 17451.1801198097; 16847.44; 1253.63
847; 0.158319936626962; 17304.3069866411; 16669.25; 1305.18
848; 0.176599494478719; 17183.6295718302; 16495.05; 1268.41
849; 0.174518958133956; 17056.9685173308; 16379.33; 1262.81
850; 0.176349161261986; 16876.9518708256; 16192.74; 1261.5
851; 0.177327131302276; 16775.4352404502; 16094.37; 1248.49
852; 0.171880052540207; 16601.0370192912; 15963.03; 1206.31
853; 0.173180027763605; 16494.405994772; 15864.14; 1182.46
854; 0.179910414301725; 16336.7835647271; 15694.26; 1160.06
855; 0.172480232800715; 16162.8998394967; 15542.64; 1167.84
856; 0.173240803677484; 16051.6918086066; 15425.07; 1174.41
857; 0.174255684183943; 15885.7906209099; 15269.87; 1147.37
858; 0.18242529795078; 15801.9302453596; 15156.53; 1148.22
859; 0.189549019734413; 15651.7320886559; 14966.85; 1172.44
860; 0.190740024579357; 15537.6222789661; 14838.22; 1189.55
861; 0.194979360475287; 15393.2891272983; 14677.89; 1190.07
862; 0.192838103356116; 15194.0735318059; 14467.12; 1222.48
863; 0.18631042067825; 15054.3307701576; 14361.95; 1204.9
864; 0.196144346159817; 14896.3102686417; 14177.91; 1187.23
865; 0.200823052897379; 14775.2804136693; 14026.99; 1207.58
866; 0.190984391484026; 14530.6947866268; 13850.63; 1153.79
867; 0.199167380040034; 14315.2878130264; 13648.72; 1084.18
868; 0.194296020451857; 14140.6233085427; 13521.48; 1032.09
869; 0.194632349775723; 13884.0096448456; 13329.47; 922.62
870; 0.195433186929581; 13714.532173488; 13163.94; 912.12
871; 0.193247133796108; 13419.4021298548; 12889.74; 887.17
872; 0.19856489750265; 13246.0440052682; 12712.91; 868.9
873; 0.200244938247599; 12974.075374844; 12432.42; 875.21
874; 0.212071108121089; 12726.3529410216; 12153.58; 873.68
875; 0.216711703424606; 12572.4199389306; 11959.66; 914.48
876; 0.227279802771081; 12353.4535431139; 11684.11; 952.29
877; 0.22858257819861; 12207.7171960948; 11525.8; 964.46
878; 0.227355064194927; 11988.6779835789; 11317.21; 954.59
879; 0.219887164194918; 11802.0570653557; 11168.8; 930.66
880; 0.221261425500743; 11715.4620405723; 11086.47; 918.47
881; 0.213892513490181; 11575.3992826217; 10970.52; 913.48
882; 0.206604288902787; 11465.1790867068; 10893.36; 893.84
883; 0.204149580295315; 11347.8772030545; 10813.38; 845.38
884; 0.193648659010607; 11218.8392357857; 10725.52; 822.4
885; 0.19652098428038; 11148.2844219423; 10647.88; 821.83
886; 0.201596671485547; 11064.5802056679; 10579.02; 777.22
887; 0.202648916306263; 11006.2526010099; 10508.65; 792.23
888; 0.21201208500757; 10947.1662918164; 10447.87; 759.72
889; 0.212105164324564; 10893.0950253393; 10400.33; 749.33
890; 0.216897080262008; 10860.1904868589; 10369.11; 730.15
891; 0.220627670056435; 10828.2879755589; 10345.84; 705.07
892; 0.233113877541664; 10873.8180436778; 10355.45; 716.87
893; 0.250530173490342; 10974.512994362; 10403.61; 734.54
894; 0.244722673506027; 11063.5806896065; 10493.42; 750.87
895; 0.233301100211403; 11118.500741879; 10563.74; 766.23
896; 0.228672391165896; 11273.6534273804; 10706.65; 798.86
897; 0.222846528206086; 11381.9914833683; 10800.41; 840.71
898; 0.232639506970709; 11580.483071409; 10977.65; 834.61
899; 0.225822388188613; 11777.5424554398; 11155.61; 886.9
900; 0.215918468365791; 11881.7326772713; 11278.16; 900.05
901; 0.221915832045492; 12052.4133761294; 11413.41; 927.01
902; 0.22510340292955; 12177.6794659257; 11511.18; 953.05
903; 0.221961561339119; 12225.8432447509; 11568.8; 952.67
904; 0.221595008002253; 12256.3213261994; 11603.65; 947.74
905; 0.229605462283209; 12270.3577933365; 11594.96; 946.4
906; 0.238932257602701; 12238.6317598056; 11527.23; 957.78
907; 0.241023812114282; 12100.2767385224; 11387.4; 951.28
908; 0.240770323666658; 11961.8824962468; 11255.71; 943.17
909; 0.237942189755622; 11699.5853995542; 11022.24; 915.3
910; 0.241946839784974; 11408.1627170701; 10744.29; 882.1
911; 0.240819811715103; 11179.7778149238; 10536.51; 858.58
912; 0.232115816058991; 10777.6836548729; 10192.08; 810.79
913; 0.225895416402128; 10483.3730613275; 9941.88; 770.26
914; 0.21778199157357; 10053.6069093853; 9570.46; 712.75
915; 0.223721492395824; 9636.380632521; 9176.4; 660.45
916; 0.235521954588625; 9384.62679769326; 8929.38; 620.8
917; 0.225872282866844; 8989.94201296765; 8559.24; 612.34
918; 0.23296665166855; 8643.71228039203; 8211.41; 595.8
919; 0.234160531090684; 8416.90045921973; 7994.28; 579.41
920; 0.219710057862469; 8081.02147254843; 7686.77; 575.99
921; 0.209206230964949; 7759.74849608049; 7388.2; 570
922; 0.210594661044895; 7561.78812745704; 7199.05; 552.76
923; 0.204716768151084; 7270.16984015418; 6924.17; 542.32
924; 0.210664856185084; 7088.80651432825; 6746.85; 520.78
925; 0.216050044628088; 6812.95308254243; 6484.36; 487.89
926; 0.230732205576593; 6560.05338966318; 6230.74; 457.8
927; 0.251580381457638; 6406.95350741073; 6055.54; 447.98
928; 0.257287359588081; 6151.33195313519; 5799.08; 439.03
929; 0.268492139562832; 5888.32562013382; 5533.53; 423.69
930; 0.268266084311968; 5686.03839177995; 5344.2; 408.52
931; 0.277333890452718; 5379.20783047482; 5041.86; 389.92
932; 0.272973108297382; 5024.82389944361; 4693.06; 389.54
933; 0.271754834298049; 4741.73707945739; 4439.47; 356.45
934; 0.238552494903141; 4263.24265657988; 4025.96; 318.72
935; 0.254639366189343; 3791.68450056096; 3568.06; 281.37
936; 0.27463000471835; 3469.79145930571; 3261.67; 242.77
937; 0.242193090594174; 2976.64090291022; 2808.63; 222.2
938; 0.221679707184273; 2520.72902841176; 2396.02; 180.17
939; 0.230532971845501; 2259.5668145106; 2157.94; 141.17
940; 0.214181620182374; 1928.15831744204; 1833.58; 141.39
941; 0.207391327867722; 1692.71930346751; 1605.61; 134.47
942; 0.171624789778496; 1571.20402740797; 1508.26; 117.4
943; 0.15410228977464; 1462.07637507022; 1409.27; 109.68
944; 0.196688767102071; 1424.27681644081; 1365.7; 95.31
945; 0.223073338758439; 1424.54637083618; 1355.67; 98.8
946; 0.234858889285214; 1455.28636097711; 1367.17; 120.04
947; 0.241304856772137; 1506.35521524145; 1416.54; 119.07
948; 0.254071888907774; 1557.14965258272; 1464.94; 116.09
949; 0.293450091720755; 1642.11435685826; 1531.25; 120.83
950; 0.267241131900556; 1720.22862563267; 1619.57; 120.45
951; 0.237050259568838; 1775.73131337761; 1685.78; 121.33
952; 0.22685646144998; 1872.94129117773; 1779.47; 131.73
953; 0.192887664460939; 1958.74741574879; 1882.17; 126.91
954; 0.169510451733213; 2018.65796562383; 1946.94; 135.23
955; 0.193024663491794; 2134.94863782701; 2037.35; 161.59
956; 0.191984533349932; 2231.60398869966; 2124.29; 178.62
957; 0.201093281796946; 2304.9501652132; 2187.74; 186.23
958; 0.229224853287013; 2403.50743855258; 2247.3; 217.71
959; 0.250051372592319; 2487.25244331419; 2317.73; 216.56
960; 0.280613394640339; 2547.74803017039; 2360.09; 213.59
961; 0.276743447264459; 2610.2185594689; 2424.74; 214.04
962; 0.289152788521023; 2654.60900858982; 2474.76; 198.61
963; 0.332154161535455; 2688.39306255673; 2512.71; 168.87
964; 0.342429120590412; 2716.60537957297; 2535.92; 168.45
965; 0.38033028088073; 2735.14672486236; 2566.69; 141.38
966; 0.389292229303693; 2761.88519448778; 2577.83; 150.9
967; 0.358815947805153; 2760.82699009422; 2583.13; 158.04
968; 0.340003665150449; 2767.71375801961; 2579.15; 176.96
969; 0.332995778237043; 2761.35798073967; 2572.79; 180.67
970; 0.296508265018595; 2750.90132652393; 2561.66; 203.6
971; 0.273633374302257; 2741.76714168219; 2563.25; 208.09
972; 0.249652908451514; 2732.2345578316; 2558.88; 221.46
973; 0.223532461336984; 2711.98717493338; 2551.45; 229.02
974; 0.233052678275346; 2698.47980789792; 2528.64; 232.37
975; 0.251311194387258; 2685.23480553521; 2523.86; 204.72
976; 0.254443656993995; 2673.8432668493; 2511.8; 203.01
977; 0.225793343370791; 2651.58481833342; 2510.21; 199.57
978; 0.238772250712853; 2628.13272044645; 2482.35; 194.58
979; 0.245901252098273; 2595.39295759821; 2458.6; 177.27
980; 0.289342804831041; 2580.94974253981; 2444.27; 150.51
981; 0.294795311157595; 2542.89856455497; 2419.05; 133.84
982; 0.257181996022351; 2497.14323455822; 2367.4; 160.7
983; 0.259693272850732; 2467.9524933256; 2336.46; 161.27
984; 0.290023029965062; 2428.41346396568; 2282.81; 159.88
985; 0.259103029905036; 2376.64561143394; 2251.06; 154.34
986; 0.253287095356199; 2332.9527677658; 2207.6; 157.57
987; 0.213401133298494; 2299.10271199618; 2186.34; 168.22
988; 0.203262904009274; 2259.65238494988; 2145.24; 179.17
989; 0.220469189202089; 2222.70928997684; 2108.12; 165.42
990; 0.229794480014289; 2201.97636248477; 2081.64; 166.65
991; 0.226094207979396; 2162.22287529901; 2041.03; 170.56
992; 0.248627919600558; 2127.77309102761; 1997.25; 167.02
993; 0.245098076427732; 2081.45104411846; 1966.49; 149.21
994; 0.236456555976918; 2046.71400664602; 1939.72; 143.93
995; 0.25609012424753; 2007.44881050365; 1900.4; 132.95
996; 0.298965285709068; 1976.02959956536; 1864.41; 118.73
997; 0.283315982917587; 1926.99877622156; 1824; 115.6
998; 0.25771790744915; 1887.81920205791; 1807.07; 99.62
999; 0.240638583606731; 1841.82942168691; 1765.18; 101.26
1000; 0.264353692772584; 1810.09001057894; 1720.09; 108.22
1001; 0.290248768776801; 1785.94416312363; 1685.52; 109.97
1002; 0.286965979462583; 1736.71155664088; 1645.32; 101.21
1003; 0.221115959378941; 1687.34551023673; 1611.79; 108.58
1004; 0.221008588865851; 1649.0165179609; 1578.38; 101.55
1005; 0.226233111366197; 1624.29882870895; 1549.12; 105.57
1006; 0.249218586997878; 1584.74830169429; 1516.9; 86.48
1007; 0.305614295056152; 1550.67557402773; 1481.6; 71.79
1008; 0.328360212627468; 1517.66168111638; 1453.64; 61.92
1009; 0.34310324712014; 1498.26937125761; 1434.1; 59.39
1010; 0.350577730288238; 1454.26128265247; 1395.29; 53.41
1011; 0.356669079144304; 1415.9835029711; 1360.61; 49.29
1012; 0.341460994542493; 1383.57812992429; 1324.04; 55.35
1013; 0.286757446727353; 1358.67587848649; 1288.94; 77.19
1014; 0.2755393248047; 1318.50514311049; 1240.43; 89.93
1015; 0.244008400964829; 1280.20131585991; 1208.26; 93.56
1016; 0.277336677729437; 1248.97825519238; 1185.47; 72.66
1017; 0.276341475914406; 1222.29396656067; 1156.76; 75.24
1018; 0.343221971901312; 1206.4755734478; 1123.75; 76.46
1019; 0.364537653653685; 1175.35600817832; 1094.23; 70.59
1020; 0.362849838994011; 1145.16780128583; 1067.91; 67.53
1021; 0.318769692478102; 1127.05752830069; 1061.87; 64.85
1022; 0.318081876340469; 1094.44429067071; 1032.33; 61.92
1023; 0.246539261169886; 1058.99926717656; 995.4; 81.79
1024; 0.301471905632773; 1036.84406307356; 986.13; 53.33
1025; 0.244324659900461; 1014.42206188422; 973.1; 53.61
1026; 0.228452835247642; 988.219432815309; 952.67; 49.32
1027; 0.290036980971743; 968.333499718468; 934.38; 37.1
1028; 0.289324340121634; 944.544716964115; 908.57; 39.4
1029; 0.309060809841754; 925.054804717487; 890.68; 35.24
1030; 0.619093327788608; 917.391806370069; 861.62; 28.54
1031; 0.462860398571914; 885.513367543294; 834.97; 34.59
1032; 0.534121991187109; 864.799608000949; 813.72; 30.29
1033; 0.601805241100504; 847.174246853799; 789.35; 30.43
1034; 0.583457983801909; 831.968711836691; 780.6; 27.88
1035; 0.643767881984831; 815.414010762296; 755.68; 29.38
1036; 1.15753457864869; 805.59150332427; 748.41; 15.64
1037; 0.72100783615665; 777.046224270322; 732.52; 19.55
1038; 0.762317100926351; 773.40854525349; 727.94; 18.88
1039; 0.0876585675347087; 738.412524816421; 755.57; -61.95
1040; -1.02161049568321; 643.673326563325; 691.58; 14.84
1041; 0.384900481329681; 746.090110368057; 681.33; 53.24
