# 16/03/2019 15:06:45
# NanoCalc data
# Original file name: C:\SVA_DATA\StudentProjects\2018_Nathan\PS_160319\PSswelling_16_03_19_734.dat
# Fit Result : Fitness; Thickness 1; Thickness 2; Thickness 3 
# Fit Result : 0.55114760552635; 2; 311.5; -1
# comment:PS id: 348 slowslow swelling at 13:07
#
# WaveLength; Reflectance; Raw Intensity; Dark Intensity; Reference Intensity
400; 0.298287549888907; 4435.26150060029; 4128.73; 498.3
401; 0.300317367179279; 4587.01737502662; 4281.21; 491.63
402; 0.287980822889864; 4684.4237742865; 4392.47; 487.32
403; 0.299635294045042; 4799.79536311611; 4494.68; 487.45
404; 0.295294461243567; 4916.83569648802; 4615.44; 486.53
405; 0.294749897343543; 5103.05590119669; 4790.2; 504
406; 0.295608230886149; 5221.8813502188; 4891.23; 529.04
407; 0.291081376755778; 5338.41448354575; 5004.66; 540.18
408; 0.286200022374802; 5452.82267375166; 5101.67; 575.74
409; 0.257336868967368; 5543.71518516533; 5219.95; 588.19
410; 0.254072222626716; 5704.28743030542; 5376.23; 601.39
411; 0.227074405078862; 5775.55130352617; 5472.62; 619.16
412; 0.205003305464028; 5843.05373102598; 5572.99; 609.24
413; 0.183576201950392; 5900.12895634656; 5656.11; 612.69
414; 0.160015390026352; 6011.71102000941; 5797.98; 613.59
415; 0.147218150515484; 6087.24535509754; 5886.56; 624.16
416; 0.130717007482623; 6150.17153575984; 5971.21; 624.77
417; 0.10548349377759; 6213.46973360765; 6067.74; 628.37
418; 0.105398298044746; 6348.97361796088; 6202.36; 630.58
419; 0.0843771407665733; 6429.61336312107; 6310.91; 635.83
420; 0.0756218824108045; 6530.77312440569; 6423.12; 641.48
421; 0.0697785009700798; 6653.44441174651; 6553.44; 643.92
422; 0.0630288270082386; 6812.34328643215; 6719.62; 659.04
423; 0.0747286303058811; 6941.58581155494; 6825.99; 690.92
424; 0.0777137370834988; 7079.50888537756; 6954.73; 715.03
425; 0.0806262554843284; 7231.88057472976; 7100.68; 722.7
426; 0.0888968968031387; 7448.79105705986; 7291.52; 783.57
427; 0.0845922523999152; 7595.48065575918; 7441.53; 803.85
428; 0.0870420004483207; 7745.17578879326; 7580.19; 834.93
429; 0.086957280366141; 7884.76075362581; 7715.94; 853.06
430; 0.0691491617371393; 8084.67239145267; 7945.72; 880.75
431; 0.0696144927547381; 8230.14432309863; 8084.29; 916.06
432; 0.0731979134659453; 8352.24259297016; 8199.59; 909.55
433; 0.0660298443528794; 8454.49772330363; 8310.91; 946.14
434; 0.0619064760579848; 8621.19359755793; 8484.39; 959.16
435; 0.0643341062684121; 8744.7658161604; 8602.52; 957.61
436; 0.0668091168057181; 8837.46801260774; 8688.3; 964.91
437; 0.0582330494162727; 8939.11684771137; 8807.31; 975.92
438; 0.0590316372898052; 9107.87315860655; 8973.36; 980.21
439; 0.06186727544117; 9200.09253883474; 9055.15; 1005.5
440; 0.0635404953292683; 9317.27486271121; 9166.34; 1017.16
441; 0.053644759749222; 9411.51972825678; 9282.43; 1028.13
442; 0.0549664094881418; 9591.37419253505; 9458.75; 1028.56
443; 0.0531695772448934; 9709.93479722878; 9583.99; 1007.55
444; 0.0488204434961044; 9863.72387268625; 9747.02; 1014.57
445; 0.0451744804455633; 9993.24046262352; 9884.78; 1016.71
446; 0.0523242360218265; 10209.8137435303; 10083.61; 1019.05
447; 0.0652099086494401; 10414.6963090465; 10250.15; 1063.82
448; 0.0708753304309554; 10619.9157671195; 10438.6; 1076.19
449; 0.0764339787611528; 10930.9717131194; 10729.27; 1107.78
450; 0.0678056648047773; 11102.6118344674; 10918.08; 1140
451; 0.0720174923879761; 11317.3780793607; 11119.59; 1148.12
452; 0.0803750260693936; 11544.1713988964; 11317.34; 1177.39
453; 0.0939286920145221; 11927.2449116659; 11649.5; 1231.2
454; 0.0968748201387898; 12201.0828886143; 11910.85; 1244.96
455; 0.0964348602552553; 12436.8618684763; 12145.22; 1254.26
456; 0.0924740244893788; 12681.3590657648; 12401.32; 1253.51
457; 0.0986017927233716; 13085.520300642; 12779.62; 1281.75
458; 0.105855759972931; 13399.7680237837; 13057.99; 1331.39
459; 0.114427694551662; 13675.9055178745; 13298.95; 1355.89
460; 0.115062121501799; 13952.6021454007; 13561.85; 1395.15
461; 0.115862657596493; 14329.8169226357; 13933.24; 1403.55
462; 0.122389643231247; 14571.0997955459; 14137.18; 1451.1
463; 0.126679730981485; 14806.9240443807; 14347.89; 1480.41
464; 0.134570651253242; 15201.534850562; 14697.65; 1526.98
465; 0.139571639593376; 15474.7452410408; 14948.09; 1536.14
466; 0.145549275968445; 15772.1757589753; 15217.68; 1548.2
467; 0.148052736541398; 16058.5323352063; 15491.31; 1554.34
468; 0.154535544015694; 16619.3466018895; 16005.76; 1608.14
469; 0.154624675589282; 16985.5674162406; 16367.5; 1616.28
470; 0.156780998064629; 17368.9631634162; 16726.43; 1654.44
471; 0.16412754588597; 17855.338578545; 17152.92; 1724.85
472; 0.172036807135655; 18624.6984285908; 17848.48; 1815.49
473; 0.175685399892735; 19154.8104002257; 18337.26; 1869.44
474; 0.18356169060793; 19736.151413163; 18857.85; 1919.08
475; 0.185873622597949; 20682.6025414215; 19747.25; 2015.09
476; 0.194486762626728; 21337.2314930539; 20330.81; 2068.81
477; 0.187426547419842; 21988.3652992184; 21002.14; 2100.32
478; 0.189552747499903; 22791.6881852345; 21749.8; 2190.43
479; 0.194550578686442; 23964.1664915053; 22855.75; 2266.9
480; 0.200691306186733; 24824.2110859242; 23642.88; 2338.44
481; 0.212931712775982; 25663.7805691924; 24387.3; 2377.96
482; 0.219285211181579; 26954.4335302533; 25566.6; 2506.71
483; 0.220635560417614; 27784.8356537211; 26359.04; 2555.76
484; 0.225432594445602; 28629.5109970982; 27132.3; 2622.74
485; 0.229786939603038; 29472.9708735238; 27904.38; 2691.67
486; 0.245193670118915; 30646.7359573054; 28891.56; 2818.29
487; 0.246858051746993; 31392.0658853333; 29557.13; 2922.08
488; 0.246978710024623; 32082.4023873493; 30228.25; 2946.77
489; 0.24719435210319; 32708.3864024949; 30828.85; 2980.24
490; 0.251243558924618; 33638.827980396; 31675.19; 3059.02
491; 0.255999941863724; 34213.3758329886; 32202.1; 3071.01
492; 0.257469363122589; 34762.8650134474; 32681.91; 3155.14
493; 0.260178021211815; 35495.3074086581; 33367.32; 3188.82
494; 0.260250184433132; 35961.5913008527; 33806.15; 3225.04
495; 0.265092933105446; 36433.5756949415; 34237.31; 3222.06
496; 0.271907785381759; 37083.9873467229; 34809.18; 3249.64
497; 0.276523320478765; 37497.2114408352; 35171.51; 3262.86
498; 0.278616752402642; 37902.0135024273; 35529.07; 3300.04
499; 0.278498027058813; 38344.3871954922; 35957.07; 3317.25
500; 0.293990520281043; 38985.0583567186; 36455.96; 3324.93
501; 0.296604147825292; 39425.622569966; 36819.54; 3391.56
502; 0.302837848196049; 39860.8529179855; 37176.1; 3417.51
503; 0.302118911724107; 40437.0855468184; 37664.75; 3532.88
504; 0.307877921839503; 40904.1891562012; 38078.63; 3528.83
505; 0.306808103859832; 41393.538047339; 38492.74; 3631.1
506; 0.311000192730479; 41889.940591903; 38939.42; 3639.21
507; 0.316483632863122; 42574.4957452716; 39542.79; 3670.33
508; 0.314948122274578; 43013.4690759947; 39980.31; 3685.74
509; 0.313069718418711; 43467.6390511014; 40433.11; 3705.42
510; 0.323171737292855; 44234.7182433177; 41112.62; 3688.99
511; 0.327062117343593; 44764.2570578753; 41570.54; 3724.49
512; 0.326695367144132; 45269.0564619021; 42009.35; 3801.38
513; 0.334218265298461; 46013.174205354; 42653.8; 3825.15
514; 0.332664454717709; 46502.8616326267; 43089.63; 3900.16
515; 0.338747131729471; 47069.9747347367; 43574.42; 3918.1
516; 0.342268725914995; 47557.9085432634; 43959.13; 3987.71
517; 0.342442110975723; 48312.9696690864; 44608.66; 4097.84
518; 0.337484159374578; 48841.1213683908; 45093.66; 4201.72
519; 0.337735579700007; 49376.7894453252; 45585.82; 4242.52
520; 0.336128797802262; 50130.9301742688; 46354.32; 4241.93
521; 0.339158952554956; 50664.5536036397; 46836.25; 4257.03
522; 0.337336087103745; 51141.1886371147; 47290.23; 4300.76
523; 0.327249498901214; 51782.0791533074; 47955.64; 4400.48
524; 0.327098417667876; 52339.3775460853; 48473.51; 4443.21
525; 0.327944936373826; 52810.3009767651; 48920.91; 4454.13
526; 0.330397471679438; 53464.9107408505; 49544.96; 4451.22
527; 0.331329294161699; 53879.8100344328; 49917.2; 4482.6
528; 0.329469451494206; 54231.9501652665; 50237.52; 4539.52
529; 0.33244527889244; 54583.776660391; 50576.77; 4508.6
530; 0.330404101210567; 54997.6832429838; 50993.65; 4528.72
531; 0.331014860552593; 55258.0808139717; 51174.87; 4605.53
532; 0.331690540651498; 55499.0294589042; 51347.43; 4668.84
533; 0.332848159642439; 55826.5837241332; 51578.11; 4756.79
534; 0.331956754690388; 55991.1520033181; 51722.03; 4788.33
535; 0.329851858984515; 56173.0831423078; 51885.84; 4834.27
536; 0.338067093620035; 56496.529225896; 52097.07; 4835.29
537; 0.330856526808802; 56651.675066508; 52264.71; 4921.33
538; 0.332735417728887; 56869.3256670183; 52444.34; 4930.62
539; 0.336184281961739; 57241.8497156602; 52766.82; 4930.26
540; 0.33341866468576; 57406.4817817204; 52950.34; 4945.18
541; 0.333077029095048; 57662.082114068; 53157.19; 5000.24
542; 0.33877259978886; 58060.8160994892; 53506.74; 4965.7
543; 0.343205432294839; 58320.3546561637; 53737.46; 4928.71
544; 0.345486553616743; 58619.1230319139; 54002.84; 4927.96
545; 0.347812119083979; 59066.428227264; 54398.29; 4945.97
546; 0.346661394798649; 59360.0774623155; 54667.39; 4984.42
547; 0.347425982410145; 59634.0349479056; 54963; 4946.21
548; 0.352594785167906; 60228.0727121459; 55485.77; 4943.89
549; 0.352011495322224; 60514.3310335241; 55780.6; 4938.83
550; 0.346568226197376; 60784.8130736774; 56082.81; 4978.56
551; 0.34706109711902; 61149.0400783569; 56442.1; 4972.49
552; 0.342640920068097; 61569.0007134391; 56912.56; 4978.37
553; 0.344684343253019; 61861.1697189391; 57170.85; 4980.75
554; 0.342414202715623; 62178.0539747378; 57462.94; 5035.98
555; 0.336734922135456; 62629.1811185489; 57899.63; 5132.21
556; 0.334068046215519; 62913.4710068011; 58218.74; 5130.57
557; 0.327617988973895; 63180.0367300931; 58560.38; 5143.51
558; 0.325423633222533; 63723.0238430078; 59102.67; 5174.53
559; 0.32183443775424; 64123.7927859265; 59482.74; 5251.16
560; 0.317942174969798; 64584.8701327; 59907.96; 5351.9
561; 0.31229612391137; 65355.4115653133; 60680.51; 5441.76
562; 0.311969290927327; 65920.2308819558; 61275.73; 5407.36
563; 0.314463804078909; 66549.7345274118; 61881.59; 5387.39
564; 0.314674619396966; 67507.3225042751; 62777.77; 5450.16
565; 0.319322850673382; 68182.7829368495; 63329.69; 5507.06
566; 0.316403353555762; 68730.8192791751; 63858.49; 5575.79
567; 0.307888113297932; 69413.6390473702; 64591.04; 5667.63
568; 0.307630558183705; 69749.0160942481; 64947.29; 5643.95
569; 0.305220666475328; 69927.7512771383; 65185.62; 5613.9
570; 0.302120761700767; 70045.4542569082; 65338.74; 5625.12
571; 0.298568823478944; 70012.2409341805; 65313.57; 5677.94
572; 0.292230133139174; 69906.7812149054; 65256.1; 5737.27
573; 0.286367964043424; 69537.0491964942; 65014.32; 5689.09
574; 0.285890075365706; 69270.5250780434; 64809.91; 5615.69
575; 0.286923626842324; 68898.0672599693; 64479.72; 5538
576; 0.282766765674896; 68682.3249559794; 64344.84; 5512.29
577; 0.279423503169082; 68500.3105600862; 64163.52; 5573.02
578; 0.277630769166618; 68205.458727531; 63925.39; 5531.34
579; 0.271453649205254; 67963.3121957748; 63786.68; 5516.34
580; 0.271562338156516; 67786.5135281564; 63688.94; 5405.68
581; 0.26683346359788; 67533.4907418524; 63511.61; 5396.07
582; 0.264087734708022; 67393.0022272415; 63395.76; 5414.97
583; 0.260164610410209; 67248.5089184503; 63297.12; 5429.9
584; 0.259614841985558; 67084.5734762404; 63141.9; 5425.87
585; 0.260630941204252; 67001.4539735298; 63062.85; 5395.63
586; 0.259707950179154; 66873.1012082532; 62944.34; 5397.76
587; 0.259612400309132; 66747.2094658413; 62792.76; 5431.66
588; 0.256423601829722; 66602.9230045227; 62654.36; 5487.59
589; 0.25275506191401; 66484.8063362362; 62566.82; 5520.82
590; 0.255235199183965; 66482.9233982434; 62512.58; 5536.76
591; 0.254275612702093; 66474.6704231382; 62505.81; 5552.09
592; 0.25288438393392; 66480.2793522657; 62513.67; 5575.96
593; 0.246892639662385; 66459.8694263059; 62611.92; 5536.94
594; 0.244889961486738; 66536.7276373839; 62693.31; 5572.13
595; 0.240457701152179; 66749.8131606105; 62989.14; 5549.16
596; 0.240890677137441; 67008.4873918474; 63234.76; 5554.9
597; 0.239829173947201; 67347.4844973866; 63610.07; 5522.3
598; 0.233479956049988; 67820.8785508663; 64126.97; 5602.89
599; 0.230681729535063; 68225.3708209347; 64545.09; 5646.35
600; 0.227414718605253; 68715.1855388878; 65063.58; 5679.23
601; 0.225219680632495; 69629.911661526; 65916.6; 5827.78
602; 0.221026948694398; 70276.2108771913; 66585.74; 5898.21
603; 0.221623919861146; 70959.8193444497; 67192.33; 6001.26
604; 0.222883948887186; 71986.9638228453; 68063.31; 6210.72
605; 0.22251400733806; 72568.3765174186; 68568.75; 6337.63
606; 0.2207599863112; 73181.5903837644; 69197.15; 6359.84
607; 0.220023249009374; 73911.3964415794; 69914.96; 6396.43
608; 0.214974453537252; 74238.213744887; 70317.9; 6418.02
609; 0.20881223857376; 74584.1358367511; 70777.29; 6412.24
610; 0.210104001325803; 74753.9984125671; 70888.42; 6467.16
611; 0.205047183692712; 74782.3232593991; 71003.56; 6474.02
612; 0.199881470124815; 74706.9732350603; 71007.29; 6498.34
613; 0.196198307517139; 74612.4789162623; 70998.27; 6463.39
614; 0.191670144321839; 74347.8600281249; 70832.33; 6431.65
615; 0.186421124731881; 73845.7928373002; 70445.1; 6392.96
616; 0.185819590345631; 73496.0846018951; 70072.58; 6452.68
617; 0.185774398289553; 72857.4714100351; 69438.15; 6442.73
618; 0.181422876495195; 72355.2565618674; 69078.18; 6319.07
619; 0.179247089175977; 71855.6785543155; 68627.06; 6297.82
620; 0.175589729795158; 71133.241554016; 68049.15; 6137.91
621; 0.174982607066912; 70597.8594001499; 67566.24; 6051.33
622; 0.174070340577515; 70134.1103713408; 67148.78; 5987.11
623; 0.176699248579377; 69512.7178932447; 66516.87; 5915.96
624; 0.177049834264461; 69097.4657849651; 66173.83; 5759.15
625; 0.172486670102197; 68456.2934182026; 65647.4; 5676.76
626; 0.169727580587691; 68076.2725804331; 65330.01; 5637.68
627; 0.163726373089363; 67663.6444988075; 65052.88; 5553.44
628; 0.158096506682006; 67044.3519155417; 64518.76; 5560.88
629; 0.154829726944225; 66708.7820986181; 64241.88; 5543.73
630; 0.154472966669817; 66395.0671598627; 63905.68; 5604.62
631; 0.149412115553364; 65873.814918471; 63476.06; 5578.78
632; 0.14857353705576; 65566.0983384643; 63179.09; 5582.73
633; 0.148569661333529; 65116.7814111192; 62767.42; 5492.47
634; 0.147039618945476; 64807.4670617676; 62514; 5415.11
635; 0.150637109151103; 64573.601215334; 62254.26; 5342.51
636; 0.149278704200682; 64227.8381565679; 61987.01; 5205.79
637; 0.145228679263657; 63944.6227850184; 61764.54; 5202.77
638; 0.142491894942873; 63684.0746885808; 61555.63; 5173.97
639; 0.131062730068406; 63276.1428859647; 61337.24; 5121.28
640; 0.125511814968276; 63047.5116351087; 61186.77; 5129.09
641; 0.119811972919522; 62717.3618155796; 60926.44; 5168.8
642; 0.116191956657867; 62496.3239988214; 60738.15; 5229.66
643; 0.113221051415455; 62356.9481729977; 60655.06; 5192.52
644; 0.114184842321925; 62111.4864225127; 60375.33; 5249.78
645; 0.115817026564538; 61958.3285982681; 60187.65; 5276.42
646; 0.112507966448544; 61654.7718238358; 59942.03; 5251.45
647; 0.113839226558192; 61490.8473017564; 59767.67; 5219.54
648; 0.111363996758962; 61258.0606482637; 59567.72; 5231.75
649; 0.109515110984186; 61000.5351096613; 59337.46; 5231.98
650; 0.110641062114148; 60847.4000032057; 59168.18; 5226.73
651; 0.10242354963152; 60493.4978344247; 58909.88; 5322.15
652; 0.0961298964810349; 60268.7355016258; 58799.62; 5257.98
653; 0.0898169631957214; 60090.363063906; 58744.82; 5151.64
654; 0.087664315098607; 59927.3564769113; 58622.74; 5115.21
655; 0.08218290292288; 59764.0910868885; 58553.86; 5059.56
656; 0.0824837344275336; 59596.3954771964; 58381.47; 5058.59
657; 0.0813606373863579; 59459.2654474924; 58256.17; 5076.7
658; 0.077884464896932; 59321.4436719599; 58185.35; 5006.18
659; 0.0832101719426004; 59247.8247307856; 58052.77; 4926.93
660; 0.0816175821030491; 59117.2037789103; 57954.92; 4883.32
661; 0.0837817100500883; 58954.0090547242; 57747.73; 4934.5
662; 0.0843249980564482; 58833.1880170275; 57625.64; 4905.27
663; 0.0857586308293519; 58745.7493957209; 57524.13; 4876.89
664; 0.0782864779906727; 58519.4335660645; 57417.09; 4818.06
665; 0.0744422766903362; 58373.4436801442; 57335.16; 4770.59
666; 0.0741040440658537; 58227.8302960394; 57198.04; 4751.34
667; 0.0702826154742037; 58067.315517021; 57082.23; 4790.65
668; 0.0685168324877576; 57896.8130971231; 56937.17; 4785.78
669; 0.0647413710944823; 57640.0519512908; 56731.7; 4792.32
670; 0.0641401993136991; 57502.4510134512; 56601.69; 4794.97
671; 0.0653435026427681; 57314.0981207109; 56396.69; 4790.96
672; 0.0659300234967721; 57177.92646852; 56255.13; 4773.54
673; 0.0630867316647024; 57005.2514738939; 56121.1; 4776.93
674; 0.0589167631172797; 56688.2434459748; 55860.44; 4786.34
675; 0.0563582509342559; 56434.1108481753; 55641.32; 4789.86
676; 0.0574623394577445; 56092.0294329233; 55281.89; 4798.49
677; 0.056940658252243; 55830.774840589; 55029.44; 4788.26
678; 0.0501476385545767; 55349.430193454; 54649.42; 4747.72
679; 0.050089300095366; 55066.6216008012; 54370.61; 4724.41
680; 0.0508423080801484; 54761.064584116; 54053.07; 4733.02
681; 0.0544123532249073; 54313.450647391; 53553.6; 4744.7
682; 0.0521069235836437; 53980.2597392124; 53266; 4655.54
683; 0.0539491808869736; 53594.793634004; 52864.11; 4598.17
684; 0.0520867814356147; 53312.0125827842; 52608.7; 4582.53
685; 0.0496735577127496; 52899.5327722847; 52237.34; 4522.46
686; 0.0531075861644725; 52624.3169267158; 51913.98; 4535.94
687; 0.0527683426975544; 52353.0343288214; 51649.53; 4519.43
688; 0.0479749327398751; 51920.2967877961; 51295.5; 4413.25
689; 0.0459164217375268; 51660.6334071775; 51070.3; 4355.19
690; 0.0412880462410988; 51228.497415687; 50699.74; 4336.51
691; 0.0390592290396068; 50909.3934762003; 50413.55; 4296.94
692; 0.0394610376450208; 50632.6357049597; 50130.14; 4308.56
693; 0.0420914453764753; 50238.9481134895; 49696.67; 4357.39
694; 0.0398406198668022; 49976.3767745317; 49465.93; 4331.64
695; 0.0414262830332418; 49568.8149249185; 49036.92; 4339.05
696; 0.0419505492584912; 49306.1742524846; 48764.73; 4359.91
697; 0.0434433062929211; 48933.8766819409; 48370.16; 4381.3
698; 0.0502310206531327; 48734.9680330601; 48079.54; 4403.87
699; 0.0485207091541308; 48350.0178564395; 47719.76; 4382.3
700; 0.0497915654280855; 48112.8739457573; 47469.65; 4356.59
701; 0.047270694960055; 47857.9277889318; 47257.62; 4281.45
702; 0.04525970659916; 47479.738214684; 46910.58; 4238.24
703; 0.0439059509384414; 47220.5732558602; 46677; 4171.26
704; 0.0401137605837542; 46877.8361245203; 46395.78; 4047.67
705; 0.041309397209295; 46615.1933285042; 46117.47; 4056.66
706; 0.0413466213658689; 46239.6228350348; 45748.44; 3998.29
707; 0.0351235111849411; 45976.4476662136; 45565.62; 3935.03
708; 0.0269648388966938; 45711.1745357159; 45404.96; 3818.82
709; 0.0238530381296622; 45337.3459088166; 45067.9; 3797.26
710; 0.024195188565777; 45136.3259127205; 44868.29; 3722.61
711; 0.0280908034691363; 44821.9121056652; 44507.27; 3763.08
712; 0.0288599136569503; 44556.2357428542; 44234.63; 3743.06
713; 0.0236211405767143; 44213.0367754814; 43956.65; 3645.02
714; 0.0213675973152484; 43903.5702905795; 43673.52; 3614.87
715; 0.0267414298692693; 43531.5326733363; 43250.26; 3530.39
716; 0.0303490673067542; 43224.673280603; 42906.92; 3513.11
717; 0.0294075175126982; 42862.5646566871; 42561.47; 3434.15
718; 0.032070734682594; 42322.5377124587; 42001.83; 3352.76
719; 0.0298009479049974; 41926.8111158505; 41637.91; 3248.89
720; 0.0263099120259246; 41333.5003836145; 41084.95; 3164.74
721; 0.0278367369063605; 40980.7393578215; 40719.31; 3144.99
722; 0.0282117078100166; 40435.4710903142; 40173.84; 3104.44
723; 0.0277948133633405; 40075.3005675605; 39818.44; 3092.41
724; 0.0244955110873167; 39590.9171025872; 39369.63; 3021.85
725; 0.0250865912832894; 39316.9750535449; 39089.54; 3031.51
726; 0.0136114062361813; 38936.0859701129; 38812.67; 3030.76
727; 0.0182388358635608; 38836.0875674216; 38667.46; 3089.26
728; 0.0234680028884318; 38746.1557999351; 38526.57; 3125.39
729; 0.0246257480977459; 38649.8446997003; 38422.34; 3085.01
730; 0.0248303202050607; 38624.0443952464; 38393.37; 3101.36
731; 0.0264166226465239; 38637.7083658688; 38393.25; 3089.03
732; 0.0285879185466424; 38674.7958156035; 38409.02; 3102.94
733; 0.0343602013312396; 38765.4806279208; 38439.38; 3167.25
734; 0.0435990151076456; 38802.557936297; 38387.61; 3175.87
735; 0.04486338326302; 38763.9409549145; 38341.94; 3138.05
736; 0.0429849082575123; 38687.6776471329; 38288.17; 3099.75
737; 0.0434814101189422; 38606.4482385756; 38208.75; 3049.44
738; 0.0472926611253395; 38529.2485368442; 38099.45; 3028.96
739; 0.0475764255644411; 38440.0184382827; 38012.51; 2993.74
740; 0.0443686671721458; 38352.7991686417; 37957.1; 2970.22
741; 0.0416634855304621; 38263.9066943977; 37899.45; 2912.34
742; 0.0340095086501416; 38242.3693878383; 37944.75; 2912.58
743; 0.0362392890539391; 38325.5306748712; 38010.17; 2895.32
744; 0.0388752444163137; 38510.5362058395; 38163.41; 2969.85
745; 0.0399934514861582; 38656.9276209464; 38302.58; 2945.77
746; 0.038173780766535; 38929.3013495615; 38585.54; 2992.87
747; 0.0362023655864842; 39121.3918562395; 38793.08; 3012.89
748; 0.041304355683308; 39398.258424936; 39021.67; 3028
749; 0.0424237938924676; 39500.8513524652; 39113.75; 3029.55
750; 0.0425504381420337; 39465.259227381; 39071.26; 3073.59
751; 0.0434613817893443; 39399.3785166732; 39000.42; 3046.95
752; 0.0460718415392467; 39206.9803295707; 38784.12; 3046.32
753; 0.0441877517164991; 38939.7634699906; 38532.39; 3059.79
754; 0.0442359971394897; 38413.0037470264; 38020.71; 2943.13
755; 0.0422600209789391; 38008.3706923619; 37644.43; 2857.37
756; 0.0427388556546927; 37398.6612169067; 37039.5; 2787.47
757; 0.0464625169782861; 37010.064545183; 36626.49; 2737.25
758; 0.0487054467871591; 36387.3977615862; 36000.14; 2635.2
759; 0.0442281844753632; 35930.0571141595; 35589.05; 2554.18
760; 0.0533046628964972; 35580.6552977917; 35172.51; 2535.32
761; 0.0540678450791278; 35005.0817556624; 34601.45; 2470.73
762; 0.0569975231528749; 34659.5337820577; 34239.72; 2436.55
763; 0.0692420426058725; 34193.662329323; 33672.68; 2488
764; 0.0747800283308194; 33870.4238322825; 33303.74; 2504.89
765; 0.0788101026027285; 33412.4250174849; 32811.99; 2518.12
766; 0.0828096441720668; 33136.7010616424; 32495.94; 2557.21
767; 0.0798563235366276; 32692.7351674141; 32083.73; 2520.44
768; 0.0713624929075682; 32335.1083248122; 31788.56; 2531.26
769; 0.0735561251831511; 31949.6531822595; 31373.5; 2588.63
770; 0.0716224710555769; 31687.5603740508; 31131.83; 2564.12
771; 0.0662359978109144; 31273.9565405998; 30766.53; 2530.61
772; 0.0684319973062028; 31080.9500059278; 30557.52; 2525.62
773; 0.0630193138519595; 30718.1833968069; 30250.57; 2449.01
774; 0.0581402989530578; 30462.3579862781; 30043.56; 2376.29
775; 0.0631850006359368; 30172.4835572865; 29721.74; 2352.54
776; 0.0639578697428282; 29943.9591672742; 29492.76; 2325.58
777; 0.060675433856983; 29572.2439877249; 29153.88; 2272.42
778; 0.0582264810891808; 29369.6668942094; 28972.74; 2246.02
779; 0.0620507858056329; 29058.2438123518; 28639.48; 2223.05
780; 0.0585627049963361; 28817.8006238407; 28422.74; 2221.57
781; 0.0576467908263589; 28489.0275042067; 28090.89; 2273.94
782; 0.0640342823581358; 28320.0848257369; 27881.21; 2256
783; 0.0631431721863624; 27963.1102551006; 27535.46; 2228.83
784; 0.0744930339346141; 27817.4431091598; 27302.24; 2275.45
785; 0.0901559106509485; 27560.3661682797; 26940.17; 2262.64
786; 0.0909925983392202; 27333.4853487968; 26703.37; 2277.04
787; 0.0894590491276493; 27005.0033186007; 26410.67; 2183.86
788; 0.0944174186402075; 26814.4102023646; 26193.72; 2160.25
789; 0.0982743267647724; 26503.7629634325; 25859.43; 2153.91
790; 0.0970663832544284; 26325.534703342; 25689.46; 2152.15
791; 0.103147661353333; 26090.1837520668; 25431.07; 2098.09
792; 0.0964292297196158; 25902.5741130974; 25301.13; 2047.45
793; 0.0945443056033643; 25641.9801040387; 25065.27; 2002.01
794; 0.105750512353041; 25553.2791731864; 24914.42; 1982.43
795; 0.115014815470736; 25368.9672776326; 24669.28; 1996.17
796; 0.11647342301912; 25139.3341507692; 24445.9; 1953.43
797; 0.117192916019198; 24958.2315211926; 24270.76; 1924.68
798; 0.123729503654932; 24737.8069185772; 24001.4; 1952.7
799; 0.127809916602981; 24567.6726881125; 23802.18; 1964.77
800; 0.124711358308078; 24343.0574273687; 23597.51; 1960.87
801; 0.127016157011823; 24182.7487489776; 23419.48; 1970.36
802; 0.11493978675853; 23871.0491345499; 23194.39; 1929.63
803; 0.118165604225959; 23728.606466312; 23035.82; 1920.89
804; 0.119968873893997; 23553.3519796296; 22864.61; 1880.25
805; 0.118950466867204; 23387.8638920466; 22701.51; 1889.29
806; 0.121279802979945; 23185.5796247247; 22505.05; 1836.81
807; 0.121475963429024; 23072.9183021991; 22388.34; 1844.46
808; 0.118026629316543; 22836.2344052478; 22182.43; 1812.68
809; 0.122209498677671; 22734.1225333481; 22076.21; 1761.3
810; 0.128353281785441; 22521.8708229266; 21830.98; 1760.66
811; 0.124817262497607; 22342.4482256297; 21674.26; 1750.54
812; 0.121496879434571; 22108.1376062382; 21450.09; 1770.52
813; 0.121940032852678; 21972.0817834703; 21326.57; 1729.98
814; 0.114897568280412; 21762.9777898285; 21178.66; 1661.43
815; 0.11450090892948; 21630.4123607727; 21055.41; 1640.29
816; 0.132388863296848; 21491.7234522002; 20829.34; 1633.88
817; 0.13133301151418; 21318.2897123702; 20672.04; 1606.64
818; 0.134912825955669; 21222.803418394; 20564.39; 1593.19
819; 0.137925700910816; 21035.1157977378; 20383.83; 1541.22
820; 0.145450100756975; 20922.0344916325; 20226.51; 1560.41
821; 0.143183097035703; 20737.1544935785; 20023.8; 1625.28
822; 0.148033069281109; 20624.289650112; 19906.78; 1580.73
823; 0.136160369099539; 20414.8145450431; 19737.53; 1621.8
824; 0.13031950353944; 20291.0635110715; 19657.41; 1584.92
825; 0.135595529028964; 20131.6513334192; 19467.41; 1596.73
826; 0.129992808230406; 19980.2539994143; 19351.12; 1577.52
827; 0.121757049073757; 19779.5944702408; 19210.18; 1524.5
828; 0.12008414544366; 19684.2575834591; 19127.55; 1511.39
829; 0.120258815344507; 19530.5462333458; 18978.28; 1497.01
830; 0.121383307617025; 19368.3985915216; 18828.55; 1449.7
831; 0.12359145741337; 19243.3291075357; 18697.1; 1439.93
832; 0.122461366908515; 19083.0021607936; 18538.23; 1448.64
833; 0.128097149618074; 18987.0121577397; 18403.02; 1483.89
834; 0.143733470208136; 18911.7041612749; 18260.68; 1473.59
835; 0.146672763804441; 18814.1625447499; 18148.9; 1475.26
836; 0.142911926541951; 18651.1283594824; 18027.06; 1419.96
837; 0.146587800061966; 18564.0317425124; 17917.72; 1433.88
838; 0.148387923830518; 18395.6676183671; 17743.73; 1429
839; 0.150109821760045; 18236.004919033; 17601.7; 1375.38
840; 0.154418866737282; 18163.4870211006; 17526.81; 1342
841; 0.142978592114029; 18011.2446296599; 17435.5; 1312.15
842; 0.1385931640696; 17922.1849126096; 17379.08; 1276.64
843; 0.155417428966144; 17820.314501548; 17210.56; 1277.82
844; 0.159222990919975; 17726.3947154222; 17103.94; 1272.97
845; 0.159696294243157; 17563.3034411194; 16944.14; 1262.16
846; 0.164777096888075; 17482.1283559672; 16847.44; 1253.63
847; 0.169393132647825; 17348.7240742632; 16669.25; 1305.18
848; 0.179558022050844; 17195.1651747767; 16495.05; 1268.41
849; 0.180646315849048; 17080.7603943945; 16379.33; 1262.81
850; 0.179385983452491; 16888.7343470079; 16192.74; 1261.5
851; 0.174046884690222; 16762.8367061415; 16094.37; 1248.49
852; 0.175930292528242; 16616.0712335819; 15963.03; 1206.31
853; 0.181307315422995; 16523.9841921403; 15864.14; 1182.46
854; 0.180445774152877; 16338.6955236391; 15694.26; 1160.06
855; 0.171157370192876; 16158.1426650919; 15542.64; 1167.84
856; 0.175834953366917; 16061.0749951059; 15425.07; 1174.41
857; 0.183020426865785; 15916.7703033231; 15269.87; 1147.37
858; 0.188146648047432; 15822.1717403586; 15156.53; 1148.22
859; 0.185537506945737; 15637.2376150826; 14966.85; 1172.44
860; 0.177416933120961; 15488.7693937396; 14838.22; 1189.55
861; 0.179132241243267; 15335.1444332079; 14677.89; 1190.07
862; 0.196241016987413; 15206.9017023783; 14467.12; 1222.48
863; 0.197417606594817; 15095.6081281884; 14361.95; 1204.9
864; 0.193319218424882; 14885.962927189; 14177.91; 1187.23
865; 0.199522481125232; 14770.4343296399; 14026.99; 1207.58
866; 0.197804201542045; 14554.9790364333; 13850.63; 1153.79
867; 0.219837399377728; 14384.4656552131; 13648.72; 1084.18
868; 0.21261016944128; 14198.9831389298; 13521.48; 1032.09
869; 0.202263908544812; 13905.7532136526; 13329.47; 922.62
870; 0.196327609992017; 13717.0520235999; 13163.94; 912.12
871; 0.197727521011033; 13431.6822159198; 12889.74; 887.17
872; 0.193487005645287; 13232.4101915465; 12712.91; 868.9
873; 0.195344155769363; 12960.8189340395; 12432.42; 875.21
874; 0.190628113436836; 12668.4385591974; 12153.58; 873.68
875; 0.194844597911148; 12510.5899314724; 11959.66; 914.48
876; 0.204778394501218; 12287.1864478737; 11684.11; 952.29
877; 0.206196152739172; 12140.9330666997; 11525.8; 964.46
878; 0.214994122645731; 11952.1713127178; 11317.21; 954.59
879; 0.214039667277766; 11785.2167520478; 11168.8; 930.66
880; 0.21479886980689; 11697.0905775665; 11086.47; 918.47
881; 0.213036650766858; 11572.9789378342; 10970.52; 913.48
882; 0.212086142071971; 11480.3512222385; 10893.36; 893.84
883; 0.212717190164116; 11370.3086158701; 10813.38; 845.38
884; 0.206610568175967; 11251.8596509874; 10725.52; 822.4
885; 0.203962398583954; 11167.2326102829; 10647.88; 821.83
886; 0.206492508863332; 11076.3721851017; 10579.02; 777.22
887; 0.203998694463691; 11009.5669691998; 10508.65; 792.23
888; 0.203453711809935; 10927.0110067938; 10447.87; 759.72
889; 0.201045541379529; 10867.4011889911; 10400.33; 749.33
890; 0.210728542334083; 10846.2241918531; 10369.11; 730.15
891; 0.22196695601633; 10831.2166009661; 10345.84; 705.07
892; 0.231975422782684; 10871.2864974118; 10355.45; 716.87
893; 0.237096456370283; 10943.9005167414; 10403.61; 734.54
894; 0.235009279658261; 11040.9501942163; 10493.42; 750.87
895; 0.237498074415568; 11128.4806199037; 10563.74; 766.23
896; 0.227242439509747; 11270.1077982562; 10706.65; 798.86
897; 0.217151875483903; 11367.1296652188; 10800.41; 840.71
898; 0.212087460655686; 11527.2270558459; 10977.65; 834.61
899; 0.201264923375579; 11709.9092835782; 11155.61; 886.9
900; 0.19788840589649; 11831.3319257361; 11278.16; 900.05
901; 0.207768608168392; 12011.6766529448; 11413.41; 927.01
902; 0.208619134594354; 12128.8718695118; 11511.18; 953.05
903; 0.212802990349664; 12198.7323469725; 11568.8; 952.67
904; 0.226234684097961; 12269.986722265; 11603.65; 947.74
905; 0.229138556288164; 12268.9843622534; 11594.96; 946.4
906; 0.230717438649675; 12214.1727908982; 11527.23; 957.78
907; 0.237648231957106; 12090.2927765564; 11387.4; 951.28
908; 0.242065119257134; 11965.680094806; 11255.71; 943.17
909; 0.230800415286447; 11679.2550492018; 11022.24; 915.3
910; 0.227003416090509; 11367.15977899; 10744.29; 882.1
911; 0.220562020482776; 11125.666049748; 10536.51; 858.58
912; 0.222651742170127; 10753.8067973911; 10192.08; 810.79
913; 0.219410774282949; 10467.8287498552; 9941.88; 770.26
914; 0.212348124709251; 10041.5519366002; 9570.46; 712.75
915; 0.230124737902158; 9649.54596986364; 9176.4; 660.45
916; 0.241429318922714; 9396.04530303218; 8929.38; 620.8
917; 0.241218834297345; 9019.20541133303; 8559.24; 612.34
918; 0.247249185007188; 8670.21552318599; 8211.41; 595.8
919; 0.245195963872389; 8436.81756330286; 7994.28; 579.41
920; 0.246692973656318; 8129.4400765435; 7686.77; 575.99
921; 0.242396168811792; 7818.69354487335; 7388.2; 570
922; 0.237135873833017; 7607.50395795071; 7199.05; 552.76
923; 0.231957644468725; 7316.21071378016; 6924.17; 542.32
924; 0.230115504466259; 7120.37929779153; 6746.85; 520.78
925; 0.253709911828414; 6870.23042248835; 6484.36; 487.89
926; 0.265631066984763; 6609.86291805992; 6230.74; 457.8
927; 0.252440286778622; 6408.15464377573; 6055.54; 447.98
928; 0.256256927281502; 6149.92118894861; 5799.08; 439.03
929; 0.270190091793637; 5890.56935812804; 5533.53; 423.69
930; 0.268916818210376; 5686.86759025981; 5344.2; 408.52
931; 0.285367459232885; 5388.97983127334; 5041.86; 389.92
932; 0.263210756254659; 5012.95900915593; 4693.06; 389.54
933; 0.26933200724637; 4739.04222084031; 4439.47; 356.45
934; 0.286286517825532; 4310.72258661737; 4025.96; 318.72
935; 0.301667712216413; 3832.98483267336; 3568.06; 281.37
936; 0.30752559288622; 3494.72055553187; 3261.67; 242.77
937; 0.31087451932451; 3024.28565126303; 2808.63; 222.2
938; 0.297606069225035; 2563.44246827152; 2396.02; 180.17
939; 0.320496218755472; 2299.22568904512; 2157.94; 141.17
940; 0.294725078952988; 1963.72469706416; 1833.58; 141.39
941; 0.232602960593856; 1703.3087904467; 1605.61; 134.47
942; 0.215177998971709; 1587.17732821551; 1508.26; 117.4
943; 0.200258536230757; 1477.89277900399; 1409.27; 109.68
944; 0.217010447152201; 1430.32891254982; 1365.7; 95.31
945; 0.228368017626382; 1426.18116174036; 1355.67; 98.8
946; 0.226036869655711; 1451.97644041763; 1367.17; 120.04
947; 0.249988629577474; 1509.5873711709; 1416.54; 119.07
948; 0.225062722642121; 1546.62143100508; 1464.94; 116.09
949; 0.271529921574272; 1633.83299783308; 1531.25; 120.83
950; 0.305420941404634; 1734.60937280383; 1619.57; 120.45
951; 0.330113162624296; 1811.04504967892; 1685.78; 121.33
952; 0.335470343799651; 1917.69328879843; 1779.47; 131.73
953; 0.32301502601653; 2010.40866165575; 1882.17; 126.91
954; 0.29323078960415; 2071.00264907946; 1946.94; 135.23
955; 0.296006908022125; 2187.01932457091; 2037.35; 161.59
956; 0.255179474376041; 2266.92819460739; 2124.29; 178.62
957; 0.220430276125395; 2316.22101563501; 2187.74; 186.23
958; 0.239798491518133; 2410.7129440664; 2247.3; 217.71
959; 0.254764630216302; 2490.44779849303; 2317.73; 216.56
960; 0.266371062052888; 2538.22358076975; 2360.09; 213.59
961; 0.270043807959853; 2605.72833771492; 2424.74; 214.04
962; 0.272784627409736; 2644.42824027228; 2474.76; 198.61
963; 0.293641738485104; 2668.02306208258; 2512.71; 168.87
964; 0.330218793774865; 2710.16250598916; 2535.92; 168.45
965; 0.363667585894837; 2727.76644733567; 2566.69; 141.38
966; 0.3274893929563; 2732.66515820768; 2577.83; 150.9
967; 0.310507763240765; 2736.90325134593; 2583.13; 158.04
968; 0.306165775928613; 2748.94749103747; 2579.15; 176.96
969; 0.309910389374904; 2748.28524694896; 2572.79; 180.67
970; 0.288678392458981; 2745.90404434159; 2561.66; 203.6
971; 0.263733041950801; 2735.30821086795; 2563.25; 208.09
972; 0.234829322111854; 2721.94132202942; 2558.88; 221.46
973; 0.231305555548865; 2717.56967770637; 2551.45; 229.02
974; 0.2536113585702; 2713.46218157306; 2528.64; 232.37
975; 0.252173209188371; 2685.78833229408; 2523.86; 204.72
976; 0.258017884563562; 2676.11952525039; 2511.8; 203.01
977; 0.248049489751182; 2665.5199441629; 2510.21; 199.57
978; 0.262465700985574; 2642.59878853941; 2482.35; 194.58
979; 0.258822135376012; 2602.58074466014; 2458.6; 177.27
980; 0.274537173777312; 2573.95585913654; 2444.27; 150.51
981; 0.259835739446869; 2528.21144908889; 2419.05; 133.84
982; 0.244630237922088; 2490.81112064469; 2367.4; 160.7
983; 0.234617989619673; 2455.25593219907; 2336.46; 161.27
984; 0.271884840138395; 2419.30734825773; 2282.81; 159.88
985; 0.281139837848079; 2387.32671385329; 2251.06; 154.34
986; 0.297177251889889; 2354.67417679154; 2207.6; 157.57
987; 0.265533443223861; 2326.64980398649; 2186.34; 168.22
988; 0.257369739778857; 2290.10797719217; 2145.24; 179.17
989; 0.249888091480376; 2237.99982166595; 2108.12; 165.42
990; 0.253649124105215; 2214.46831223958; 2081.64; 166.65
991; 0.224597906464723; 2161.42081546519; 2041.03; 170.56
992; 0.215966254404119; 2110.62657945965; 1997.25; 167.02
993; 0.181065287455464; 2051.41704146386; 1966.49; 149.21
994; 0.186843639470228; 2024.26470429314; 1939.72; 143.93
995; 0.200456591139668; 1984.19331183571; 1900.4; 132.95
996; 0.241979526016013; 1954.75379270109; 1864.41; 118.73
997; 0.216340596483282; 1902.65005163264; 1824; 115.6
998; 0.234861583688566; 1880.65776758907; 1807.07; 99.62
999; 0.221920651930693; 1835.86729118963; 1765.18; 101.26
1000; 0.225261942361648; 1796.78110646024; 1720.09; 108.22
1001; 0.229418244043899; 1764.89720204807; 1685.52; 109.97
1002; 0.235527787564947; 1720.32976658646; 1645.32; 101.21
1003; 0.162931552705302; 1667.46384929106; 1611.79; 108.58
1004; 0.173829895121812; 1633.93774357876; 1578.38; 101.55
1005; 0.188139981650312; 1611.64021805463; 1549.12; 105.57
1006; 0.198293082733207; 1570.88413121285; 1516.9; 86.48
1007; 0.218164670533937; 1530.91002931959; 1481.6; 71.79
1008; 0.246136794435623; 1501.63025813229; 1453.64; 61.92
1009; 0.217337134185792; 1474.74778567004; 1434.1; 59.39
1010; 0.354679231753759; 1454.95120326444; 1395.29; 53.41
1011; 0.446552031489182; 1429.93798969213; 1360.61; 49.29
1012; 0.354839015879272; 1385.91076054744; 1324.04; 55.35
1013; 0.316133555246891; 1365.81978619492; 1288.94; 77.19
1014; 0.347492439057275; 1338.8933388662; 1240.43; 89.93
1015; 0.342232847186734; 1309.16095775287; 1208.26; 93.56
1016; 0.414955181818108; 1280.49197760519; 1185.47; 72.66
1017; 0.429068104020076; 1258.51285735903; 1156.76; 75.24
1018; 0.424027946281187; 1225.95195059101; 1123.75; 76.46
1019; 0.454492038116115; 1195.37490075755; 1094.23; 70.59
1020; 0.470071946492947; 1167.99747732363; 1067.91; 67.53
1021; 0.423225435068076; 1148.41844132638; 1061.87; 64.85
1022; 0.422015719780984; 1114.74025042882; 1032.33; 61.92
1023; 0.310152852912596; 1075.40954519114; 995.4; 81.79
1024; 0.380708158796804; 1050.17330624877; 986.13; 53.33
1025; 0.281771644863071; 1020.75538341891; 973.1; 53.61
1026; 0.297682194174164; 998.992179151933; 952.67; 49.32
1027; 0.355608927250069; 976.009752077878; 934.38; 37.1
1028; 0.246305060176875; 939.195680587286; 908.57; 39.4
1029; 0.333445528521655; 927.766956876609; 890.68; 35.24
1030; 0.447566359975646; 901.939582276037; 861.62; 28.54
1031; 0.328866638295972; 870.881534932359; 834.97; 34.59
1032; 0.385351635713735; 850.572274985035; 813.72; 30.29
1033; 0.424313730273095; 830.120036894162; 789.35; 30.43
1034; 0.440177691270098; 819.354051889828; 780.6; 27.88
1035; 0.472985174273189; 799.567404577146; 755.68; 29.38
1036; 0.648727536666385; 780.45674527973; 748.41; 15.64
1037; 0.61266843325345; 770.355666541165; 732.52; 19.55
1038; 0.650187048350664; 766.720527414695; 727.94; 18.88
1039; -0.269561237547186; 808.331417095249; 755.57; -61.95
1040; -0.402796683354991; 672.691539816397; 691.58; 14.84
1041; 0.420325910684318; 752.050494483235; 681.33; 53.24
