# 16/03/2019 13:13:05
# NanoCalc data
# Original file name: C:\SVA_DATA\StudentProjects\2018_Nathan\PS_160319\PSswelling_16_03_19_52.dat
# Fit Result : Fitness; Thickness 1; Thickness 2; Thickness 3 
# Fit Result : 0.224577596260353; 2; 275.8; -1
# comment:PS id: 348 slowslow swelling at 13:07
#
# WaveLength; Reflectance; Raw Intensity; Dark Intensity; Reference Intensity
400; 0.276071979727813; 4412.43194549245; 4128.73; 498.3
401; 0.284613434682443; 4571.02636385215; 4281.21; 491.63
402; 0.284084103873378; 4680.47329656794; 4392.47; 487.32
403; 0.302516371609503; 4802.72913308486; 4494.68; 487.45
404; 0.303356549025064; 4925.06435933465; 4615.44; 486.53
405; 0.308013251061329; 5117.13400102867; 4790.2; 504
406; 0.32287599553932; 5252.38159431888; 4891.23; 529.04
407; 0.333623864901319; 5387.19378477765; 5004.66; 540.18
408; 0.339260785307807; 5517.92549457124; 5101.67; 575.74
409; 0.331780071415223; 5637.37497562422; 5219.95; 588.19
410; 0.346518955885991; 5823.65442540479; 5376.23; 601.39
411; 0.33110735432778; 5914.33769345287; 5472.62; 619.16
412; 0.33225656013888; 6010.69243648442; 5572.99; 609.24
413; 0.343711558098676; 6112.98913139282; 5656.11; 612.69
414; 0.351175657620325; 6267.04195393648; 5797.98; 613.59
415; 0.351438437777598; 6365.63508302045; 5886.56; 624.16
416; 0.351155241681882; 6451.96826207894; 5971.21; 624.77
417; 0.359089339405; 6563.83651613527; 6067.74; 628.37
418; 0.357646291160369; 6699.86155049992; 6202.36; 630.58
419; 0.34829269362597; 6800.89477204004; 6310.91; 635.83
420; 0.351527052089662; 6923.54374328899; 6423.12; 641.48
421; 0.340385198880973; 7041.26964821651; 6553.44; 643.92
422; 0.358722574142088; 7247.34576566448; 6719.62; 659.04
423; 0.358086537526701; 7379.90492849349; 6825.99; 690.92
424; 0.362424843646016; 7536.64729957212; 6954.73; 715.03
425; 0.366880684941975; 7697.69342239553; 7100.68; 722.7
426; 0.368088586501497; 7942.72024626908; 7291.52; 783.57
427; 0.373525254218886; 8121.31397782525; 7441.53; 803.85
428; 0.37710075359733; 8294.97441403386; 7580.19; 834.93
429; 0.38112232167618; 8455.85915683285; 7715.94; 853.06
430; 0.365112906889099; 8679.39934314711; 7945.72; 880.75
431; 0.351874613581205; 8821.52777260427; 8084.29; 916.06
432; 0.366112750705185; 8963.10986099421; 8199.59; 909.55
433; 0.356984074103807; 9087.20337095333; 8310.91; 946.14
434; 0.35700880450271; 9273.32343517209; 8484.39; 959.16
435; 0.359369910707125; 9397.10422937827; 8602.52; 957.61
436; 0.373407247123902; 9522.02479101583; 8688.3; 964.91
437; 0.372106880108891; 9649.55053815666; 8807.31; 975.92
438; 0.382493437403693; 9844.93332531473; 8973.36; 980.21
439; 0.38941421643572; 9967.46890827655; 9055.15; 1005.5
440; 0.384332982906483; 10079.2892256832; 9166.34; 1017.16
441; 0.378259396597101; 10192.6662084491; 9282.43; 1028.13
442; 0.379010852057095; 10373.2359321207; 9458.75; 1028.56
443; 0.378732088272634; 10481.107083362; 9583.99; 1007.55
444; 0.368266891920293; 10627.3514634505; 9747.02; 1014.57
445; 0.366318471957589; 10764.2825541896; 9884.78; 1016.71
446; 0.365034041154453; 10964.0559656225; 10083.61; 1019.05
447; 0.35792963492423; 11153.325629976; 10250.15; 1063.82
448; 0.359812249489505; 11359.0843721854; 10438.6; 1076.19
449; 0.364369091056562; 11690.8040070614; 10729.27; 1107.78
450; 0.368172617210183; 11920.0548150845; 10918.08; 1140
451; 0.368030887033826; 12130.3461354634; 11119.59; 1148.12
452; 0.363823208127112; 12344.1082797291; 11317.34; 1177.39
453; 0.369542356544457; 12742.2279724005; 11649.5; 1231.2
454; 0.370148409181625; 13019.7990732357; 11910.85; 1244.96
455; 0.364613302339493; 13247.897024513; 12145.22; 1254.26
456; 0.371795090612199; 13527.2269820515; 12401.32; 1253.51
457; 0.366069312909697; 13915.3063783304; 12779.62; 1281.75
458; 0.362475145310358; 14228.318746084; 13057.99; 1331.39
459; 0.350911427384954; 14454.9463639593; 13298.95; 1355.89
460; 0.348021259042739; 14743.7337671429; 13561.85; 1395.15
461; 0.351383143278654; 15135.9609501168; 13933.24; 1403.55
462; 0.349299258846083; 15375.5843206699; 14137.18; 1451.1
463; 0.354359022090433; 15631.9379989394; 14347.89; 1480.41
464; 0.357820251746632; 16037.4681728355; 14697.65; 1526.98
465; 0.367279546834589; 16333.971106155; 14948.09; 1536.14
466; 0.362764356692106; 16599.6951007607; 15217.68; 1548.2
467; 0.365268563936396; 16890.7335611817; 15491.31; 1554.34
468; 0.362986500809233; 17447.0054751553; 16005.76; 1608.14
469; 0.36469191928121; 17825.2504619811; 16367.5; 1616.28
470; 0.36630583536172; 18227.6555954371; 16726.43; 1654.44
471; 0.358438097101871; 18686.9317181645; 17152.92; 1724.85
472; 0.344108222275864; 19401.0730061556; 17848.48; 1815.49
473; 0.336515257479027; 19903.2306703118; 18337.26; 1869.44
474; 0.334615010259025; 20458.9075812564; 18857.85; 1919.08
475; 0.331120905210729; 21413.5153682528; 19747.25; 2015.09
476; 0.33875878219377; 22083.803955763; 20330.81; 2068.81
477; 0.33373433261818; 22758.2265660538; 21002.14; 2100.32
478; 0.329844688679545; 23562.8113576842; 21749.8; 2190.43
479; 0.322714573836071; 24694.3575132961; 22855.75; 2266.9
480; 0.312999518280682; 25485.2919502228; 23642.88; 2338.44
481; 0.317457032070588; 26290.3877444636; 24387.3; 2377.96
482; 0.312144061373328; 27542.1276350335; 25566.6; 2506.71
483; 0.314055593006273; 28388.5365085755; 26359.04; 2555.76
484; 0.307805721967052; 29176.5922773975; 27132.3; 2622.74
485; 0.305932408145963; 29992.7614552817; 27904.38; 2691.67
486; 0.305217168854174; 31076.4036636634; 28891.56; 2818.29
487; 0.303821076190273; 31815.4812730365; 29557.13; 2922.08
488; 0.304182593144645; 32511.8512108615; 30228.25; 2946.77
489; 0.30903560690126; 33178.5949189112; 30828.85; 2980.24
490; 0.304529267533096; 34055.2917563582; 31675.19; 3059.02
491; 0.302439264563923; 34578.2286011857; 32202.1; 3071.01
492; 0.29699023439107; 35082.2861445853; 32681.91; 3155.14
493; 0.298405092911715; 35807.9653605803; 33367.32; 3188.82
494; 0.2973406429199; 36268.7815004065; 33806.15; 3225.04
495; 0.295054854072658; 36681.8069035368; 34237.31; 3222.06
496; 0.294284813585477; 37271.1957713886; 34809.18; 3249.64
497; 0.293038020031523; 37636.1084440908; 35171.51; 3262.86
498; 0.291708553843524; 38013.5147129479; 35529.07; 3300.04
499; 0.285949633141727; 38408.2632219174; 35957.07; 3317.25
500; 0.290638068476756; 38956.2183779972; 36455.96; 3324.93
501; 0.282497900734618; 39301.6794459733; 36819.54; 3391.56
502; 0.279132691501828; 39650.6992367821; 37176.1; 3417.51
503; 0.270828465977434; 40149.9548454524; 37664.75; 3532.88
504; 0.266972932731671; 40528.7823526949; 38078.63; 3528.83
505; 0.260258644898365; 40953.4239240113; 38492.74; 3631.1
506; 0.255558962903431; 41363.958634114; 38939.42; 3639.21
507; 0.25711362679908; 42005.7700046927; 39542.79; 3670.33
508; 0.252781123528016; 42414.7596913707; 39980.31; 3685.74
509; 0.247712397060289; 42834.1421694291; 40433.11; 3705.42
510; 0.246992186400009; 43498.7626674631; 41112.62; 3688.99
511; 0.247422332823867; 43986.5854021911; 41570.54; 3724.49
512; 0.245222741049773; 44456.1375396979; 42009.35; 3801.38
513; 0.243245310520416; 45098.7651816781; 42653.8; 3825.15
514; 0.238758555205727; 45539.3604765547; 43089.63; 3900.16
515; 0.238432659945511; 46034.8228649134; 43574.42; 3918.1
516; 0.237596568431162; 46457.3349707792; 43959.13; 3987.71
517; 0.235705757154719; 47158.3671981006; 44608.66; 4097.84
518; 0.230740305342225; 47655.8258272884; 45093.66; 4201.72
519; 0.228093642074457; 48146.0951967834; 45585.82; 4242.52
520; 0.218616293648634; 48810.6061743851; 46354.32; 4241.93
521; 0.219191549908196; 49310.4049473472; 46836.25; 4257.03
522; 0.213741516625898; 49730.2587162499; 47290.23; 4300.76
523; 0.208137163955386; 50389.3311014115; 47955.64; 4400.48
524; 0.1996458920623; 50833.0584818779; 48473.51; 4443.21
525; 0.195870317893227; 51243.9104873795; 48920.91; 4454.13
526; 0.190874868274962; 51809.5659532505; 49544.96; 4451.22
527; 0.187726386644028; 52162.3575413081; 49917.2; 4482.6
528; 0.183667800542936; 52464.2763792322; 50237.52; 4539.52
529; 0.178754795224876; 52731.3250516741; 50576.77; 4508.6
530; 0.174701362561192; 53110.7849287937; 50993.65; 4528.72
531; 0.171405553255174; 53289.2312931998; 51174.87; 4605.53
532; 0.170707654408305; 53484.0896836928; 51347.43; 4668.84
533; 0.167950425390448; 53721.8291360614; 51578.11; 4756.79
534; 0.162732727396345; 53814.8503971498; 51722.03; 4788.33
535; 0.157478743831649; 53932.6669199089; 51885.84; 4834.27
536; 0.158150973745014; 54155.1785046655; 52097.07; 4835.29
537; 0.149737105067752; 54250.1369021928; 52264.71; 4921.33
538; 0.142620202976116; 54341.0192243042; 52444.34; 4930.62
539; 0.137977893528246; 54603.4768777102; 52766.82; 4930.26
540; 0.135202615107075; 54757.3234894946; 52950.34; 4945.18
541; 0.135407215687406; 54988.5828756823; 53157.19; 5000.24
542; 0.133555075952665; 55302.103555791; 53506.74; 4965.7
543; 0.137896395994003; 55578.8197129845; 53737.46; 4928.71
544; 0.137927546597195; 55845.7846423448; 54002.84; 4927.96
545; 0.14026153958164; 56280.801329566; 54398.29; 4945.97
546; 0.141598352883968; 56584.1791932387; 54667.39; 4984.42
547; 0.141270457757786; 56862.3376393889; 54963; 4946.21
548; 0.135891137670642; 57313.4683603861; 55485.77; 4943.89
549; 0.131891136744193; 57554.2272120354; 55780.6; 4938.83
550; 0.130279371870724; 57850.3523211591; 56082.81; 4978.56
551; 0.123752782167611; 58120.4699902647; 56442.1; 4972.49
552; 0.115750570107666; 58485.5935627922; 56912.56; 4978.37
553; 0.11517153343985; 58738.0558360854; 57170.85; 4980.75
554; 0.110642125495599; 58986.5048170595; 57462.94; 5035.98
555; 0.103933943674563; 59359.4159243227; 57899.63; 5132.21
556; 0.100701547161974; 59633.9207730487; 58218.74; 5130.57
557; 0.095253238464188; 59903.5213382167; 58560.38; 5143.51
558; 0.0920834753839149; 60410.0680987627; 59102.67; 5174.53
559; 0.0909027442323675; 60793.6141168655; 59482.74; 5251.16
560; 0.0874238678352255; 61193.9597996718; 59907.96; 5351.9
561; 0.08054809315587; 61886.2707441975; 60680.51; 5441.76
562; 0.0797652154769518; 62463.2494912002; 61275.73; 5407.36
563; 0.0778613229205084; 63037.4238472469; 61881.59; 5387.39
564; 0.0763005575864336; 63924.5656770777; 62777.77; 5450.16
565; 0.0743664294130263; 64459.9166422901; 63329.69; 5507.06
566; 0.0750684684291206; 65014.4774209916; 63858.49; 5575.79
567; 0.067922018252277; 65654.935117646; 64591.04; 5667.63
568; 0.0648687706029726; 65959.8099211194; 64947.29; 5643.95
569; 0.0611677864333335; 66135.9674209283; 65185.62; 5613.9
570; 0.0568947357481813; 66225.0983633958; 65338.74; 5625.12
571; 0.056612842602657; 66204.5040062332; 65313.57; 5677.94
572; 0.0568299415912709; 66160.5171419407; 65256.1; 5737.27
573; 0.05798264748906; 65930.0642368415; 65014.32; 5689.09
574; 0.0533592945666229; 65642.4512261799; 64809.91; 5615.69
575; 0.0512021524665387; 65268.1837892835; 64479.72; 5538
576; 0.051234040705302; 65130.7416962721; 64344.84; 5512.29
577; 0.0524792263271858; 64978.0234714515; 64163.52; 5573.02
578; 0.0542236785507046; 64761.3242574068; 63925.39; 5531.34
579; 0.0520546285774189; 64587.6014033117; 63786.68; 5516.34
580; 0.050749337527846; 64454.6910368972; 63688.94; 5405.68
581; 0.0474645502606805; 64227.0253682231; 63511.61; 5396.07
582; 0.0458137262608756; 64089.1983431314; 63395.76; 5414.97
583; 0.0470138780281176; 64011.1683725314; 63297.12; 5429.9
584; 0.0465102477100508; 63848.2337312202; 63141.9; 5425.87
585; 0.0491580603783889; 63805.7170250844; 63062.85; 5395.63
586; 0.0533150322620459; 63750.8691433065; 62944.34; 5397.76
587; 0.0554473252164509; 63637.3407878338; 62792.76; 5431.66
588; 0.054621417953334; 63495.4530532375; 62654.36; 5487.59
589; 0.0569750443636803; 63449.9969525522; 62566.82; 5520.82
590; 0.0642351986791934; 63511.798751278; 62512.58; 5536.76
591; 0.0645256613060815; 63512.9586632678; 62505.81; 5552.09
592; 0.0658169448105003; 63546.0394360309; 62513.67; 5575.96
593; 0.0630945817861095; 63595.2816754184; 62611.92; 5536.94
594; 0.0606531566003073; 63645.2290187518; 62693.31; 5572.13
595; 0.0543377166194387; 63838.9626154556; 62989.14; 5549.16
596; 0.055156713269184; 64098.8299680936; 63234.76; 5554.9
597; 0.0489674800089012; 64373.1621904691; 63610.07; 5522.3
598; 0.0443727051720666; 64828.9947811982; 64126.97; 5602.89
599; 0.0446436175758649; 65257.3312766401; 64545.09; 5646.35
600; 0.0431470184323081; 65756.393079383; 65063.58; 5679.23
601; 0.0431157579568008; 66627.4714760935; 65916.6; 5827.78
602; 0.0404301042572613; 67260.7985084968; 66585.74; 5898.21
603; 0.0438072506830486; 67937.0300768754; 67192.33; 6001.26
604; 0.0487835885141499; 68922.097339875; 68063.31; 6210.72
605; 0.0539440632244983; 69538.3793204689; 68568.75; 6337.63
606; 0.0547669556060704; 70185.6247379221; 69197.15; 6359.84
607; 0.0550933592510241; 70915.6592878759; 69914.96; 6396.43
608; 0.0534686463882398; 71292.9640874172; 70317.9; 6418.02
609; 0.0499489244592634; 71687.9064295096; 70777.29; 6412.24
610; 0.0557932943924679; 71914.9276010384; 70888.42; 6467.16
611; 0.0580705153650606; 72073.7270023652; 71003.56; 6474.02
612; 0.0572477209333179; 72066.9101501327; 71007.29; 6498.34
613; 0.0552444825805484; 72015.9398466141; 70998.27; 6463.39
614; 0.0532846552089822; 71809.6538606787; 70832.33; 6431.65
615; 0.0547154267101534; 71443.2184266035; 70445.1; 6392.96
616; 0.0571791984039593; 71126.0386181388; 70072.58; 6452.68
617; 0.0619808321390133; 70578.9551286722; 69438.15; 6442.73
618; 0.060053427768445; 70162.9366988333; 69078.18; 6319.07
619; 0.0603455410287134; 69714.0106128729; 68627.06; 6297.82
620; 0.0614787297180976; 69128.9741519957; 68049.15; 6137.91
621; 0.0649415532285057; 68691.3693825341; 67566.24; 6051.33
622; 0.0677764747985505; 68311.1558993476; 67148.78; 5987.11
623; 0.0726447013683631; 67748.5247880057; 66516.87; 5915.96
624; 0.0749897165101575; 67412.1402170319; 66173.83; 5759.15
625; 0.0776564495088907; 66912.0118669766; 65647.4; 5676.76
626; 0.0764621414498633; 66567.1991307026; 65330.01; 5637.68
627; 0.0720851679045882; 66202.3429344361; 65052.88; 5553.44
628; 0.0698118682475151; 65634.0046929737; 64518.76; 5560.88
629; 0.068001220071738; 65325.3434654106; 64241.88; 5543.73
630; 0.0703317354823137; 65039.1010963577; 63905.68; 5604.62
631; 0.0715419893167599; 64624.1607154349; 63476.06; 5578.78
632; 0.0746470859003046; 64378.3830909306; 63179.09; 5582.73
633; 0.0775727732965968; 63994.0935920424; 62767.42; 5492.47
634; 0.0790887453532988; 63747.5956371839; 62514; 5415.11
635; 0.085015274389708; 63563.229821156; 62254.26; 5342.51
636; 0.0936115879124513; 63392.2170126041; 61987.01; 5205.79
637; 0.0954458728318585; 63197.3141966449; 61764.54; 5202.77
638; 0.0979172068522098; 63018.2490417975; 61555.63; 5173.97
639; 0.0945798452896976; 62736.42598438; 61337.24; 5121.28
640; 0.092940789707993; 62564.6386656173; 61186.77; 5129.09
641; 0.0943386412707681; 62336.5923127196; 60926.44; 5168.8
642; 0.0979806233095685; 62220.7567935016; 60738.15; 5229.66
643; 0.096154523385873; 62100.4117617511; 60655.06; 5192.52
644; 0.0944468752339826; 61811.3747997242; 60375.33; 5249.78
645; 0.096829631093095; 61668.0381651995; 60187.65; 5276.42
646; 0.098289344537332; 61438.3175655875; 59942.03; 5251.45
647; 0.10340377762664; 61332.8865594344; 59767.67; 5219.54
648; 0.106955533937421; 61191.146707309; 59567.72; 5231.75
649; 0.107088064524356; 60963.6784556246; 59337.46; 5231.98
650; 0.109009037748468; 60822.6304654934; 59168.18; 5226.73
651; 0.11366144943527; 60667.2521967244; 58909.88; 5322.15
652; 0.116628349992602; 60582.005326265; 58799.62; 5257.98
653; 0.11475955653705; 60464.0267046274; 58744.82; 5151.64
654; 0.112449221613885; 60296.2043642434; 58622.74; 5115.21
655; 0.112020179774761; 60203.4768801615; 58553.86; 5059.56
656; 0.114777902107013; 60072.0651028621; 58381.47; 5058.59
657; 0.117813015293042; 59998.2937948436; 58256.17; 5076.7
658; 0.116396508628554; 59883.2153838879; 58185.35; 5006.18
659; 0.11869782613187; 59757.49425836; 58052.77; 4926.93
660; 0.11920312693426; 59652.444690895; 57954.92; 4883.32
661; 0.128321819452328; 59595.2922301921; 57747.73; 4934.5
662; 0.131708835685859; 59511.7324639571; 57625.64; 4905.27
663; 0.13434334290609; 59437.8316507019; 57524.13; 4876.89
664; 0.137406419927894; 59351.8951774857; 57417.09; 4818.06
665; 0.132216748253329; 59179.2531424521; 57335.16; 4770.59
666; 0.140084293269589; 59144.7278988192; 57198.04; 4751.34
667; 0.136232347111301; 58991.671064247; 57082.23; 4790.65
668; 0.138091196250961; 58871.2679208195; 56937.17; 4785.78
669; 0.138695715770308; 58677.6662643191; 56731.7; 4792.32
670; 0.142205078164258; 58598.7650277632; 56601.69; 4794.97
671; 0.14139714641685; 58381.8742206461; 56396.69; 4790.96
672; 0.140337789109298; 58219.382541125; 56255.13; 4773.54
673; 0.145271434246151; 58157.0582643473; 56121.1; 4776.93
674; 0.142528112385048; 57863.0154358867; 55860.44; 4786.34
675; 0.147871168015501; 57721.4219685375; 55641.32; 4789.86
676; 0.149846087167047; 57394.5123754353; 55281.89; 4798.49
677; 0.153322976035123; 57187.1783600916; 55029.44; 4788.26
678; 0.154477734802429; 56805.7725649509; 54649.42; 4747.72
679; 0.157704464786147; 56561.9789506605; 54370.61; 4724.41
680; 0.159953927780602; 56280.4770327064; 54053.07; 4733.02
681; 0.161989694451583; 55815.7328963835; 53553.6; 4744.7
682; 0.165335201418436; 55532.3452325714; 53266; 4655.54
683; 0.17102783716386; 55180.4981178577; 52864.11; 4598.17
684; 0.17421152988014; 54961.0273593367; 52608.7; 4582.53
685; 0.175888183593745; 54582.0861641382; 52237.34; 4522.46
686; 0.179211311642172; 54311.0087775906; 51913.98; 4535.94
687; 0.181562409432581; 54070.1089770424; 51649.53; 4519.43
688; 0.18920491159506; 53759.5914379352; 51295.5; 4413.25
689; 0.192383345371938; 53543.7138998643; 51070.3; 4355.19
690; 0.188185709966557; 53109.7496451669; 50699.74; 4336.51
691; 0.185469425562022; 52768.0205556346; 50413.55; 4296.94
692; 0.18468314996907; 52481.8898569779; 50130.14; 4308.56
693; 0.18823596494076; 52121.7766468721; 49696.67; 4357.39
694; 0.187943177748378; 51873.8992835513; 49465.93; 4331.64
695; 0.185888292897387; 51423.6424465818; 49036.92; 4339.05
696; 0.185083044013267; 51153.5461701018; 48764.73; 4359.91
697; 0.187329438408918; 50800.9310084888; 48370.16; 4381.3
698; 0.194753110994113; 50620.7316144939; 48079.54; 4403.87
699; 0.199806592077438; 50315.1399237597; 47719.76; 4382.3
700; 0.198045229084059; 50028.0639119674; 47469.65; 4356.59
701; 0.19596102155052; 49746.2004548297; 47257.62; 4281.45
702; 0.191824069501711; 49322.8414381471; 46910.58; 4238.24
703; 0.19713725741785; 49117.6381954057; 46677; 4171.26
704; 0.201017981226331; 48811.4584998141; 46395.78; 4047.67
705; 0.202635011340809; 48558.9525470591; 46117.47; 4056.66
706; 0.202401591257339; 48152.8973444013; 45748.44; 3998.29
707; 0.202126223580673; 47929.8211266181; 45565.62; 3935.03
708; 0.203622483801651; 47717.3107089181; 45404.96; 3818.82
709; 0.203633622003839; 47368.1623836922; 45067.9; 3797.26
710; 0.208730637930996; 47180.6219290718; 44868.29; 3722.61
711; 0.207372928413809; 46830.032142627; 44507.27; 3763.08
712; 0.210994248048004; 46585.8831148928; 44234.63; 3743.06
713; 0.208012334279574; 46214.4415521523; 43956.65; 3645.02
714; 0.20771735006684; 45909.8704907112; 43673.52; 3614.87
715; 0.212267534131527; 45482.9400428978; 43250.26; 3530.39
716; 0.215231425073034; 45160.3827082459; 42906.92; 3513.11
717; 0.217777104179648; 44791.2237488149; 42561.47; 3434.15
718; 0.223192276166579; 44233.7553062411; 42001.83; 3352.76
719; 0.225783389944506; 43826.7354529159; 41637.91; 3248.89
720; 0.229493291848511; 43252.9787516616; 41084.95; 3164.74
721; 0.233302091615146; 42910.3719838283; 40719.31; 3144.99
722; 0.235476806349673; 42357.6161118134; 40173.84; 3104.44
723; 0.235306622440576; 41992.9821277251; 39818.44; 3092.41
724; 0.235355153409804; 41495.7771047234; 39369.63; 3021.85
725; 0.239179697894042; 41257.9433029074; 39089.54; 3031.51
726; 0.241445151941276; 41001.87713546; 38812.67; 3030.76
727; 0.235236103902722; 40842.3406923637; 38667.46; 3089.26
728; 0.235871650005723; 40733.5777796882; 38526.57; 3125.39
729; 0.238811186332872; 40628.594486811; 38422.34; 3085.01
730; 0.236255434612722; 40588.189843357; 38393.37; 3101.36
731; 0.244386618705414; 40654.7939622369; 38393.25; 3089.03
732; 0.24565964109094; 40692.8655820165; 38409.02; 3102.94
733; 0.238585224612133; 40703.7087450099; 38439.38; 3167.25
734; 0.239065759947115; 40662.8871704682; 38387.61; 3175.87
735; 0.241568499717806; 40614.2193098446; 38341.94; 3138.05
736; 0.239700294085097; 40515.9774884634; 38288.17; 3099.75
737; 0.24436804215033; 40443.8371248541; 38208.75; 3049.44
738; 0.253688323581425; 40404.9846790653; 38099.45; 3028.96
739; 0.254451651294053; 40298.9412897114; 38012.51; 2993.74
740; 0.253521515768714; 40218.1156990573; 37957.1; 2970.22
741; 0.256377987756538; 40142.1493983921; 37899.45; 2912.34
742; 0.250872522221926; 40140.1515054209; 37944.75; 2912.58
743; 0.254272011349807; 40222.8898185588; 38010.17; 2895.32
744; 0.256447677570834; 40453.2916624328; 38163.41; 2969.85
745; 0.259747705249297; 40603.9813039917; 38302.58; 2945.77
746; 0.250745812949774; 40843.5484373532; 38585.54; 2992.87
747; 0.250030100114007; 41060.5518890422; 38793.08; 3012.89
748; 0.259583532117832; 41388.3974766153; 39021.67; 3028
749; 0.260643247318749; 41492.0227637175; 39113.75; 3029.55
750; 0.260473664546477; 41483.1369880075; 39071.26; 3073.59
751; 0.259323253491882; 41380.906222308; 39000.42; 3046.95
752; 0.257329702605928; 41145.9644415678; 38784.12; 3046.32
753; 0.252784294645194; 40862.8460940195; 38532.39; 3059.79
754; 0.261768410680708; 40342.1250763974; 38020.71; 2943.13
755; 0.265871461535773; 39934.098617032; 37644.43; 2857.37
756; 0.260850367574578; 39231.5880663156; 37039.5; 2787.47
757; 0.260838699483643; 38779.8620518696; 36626.49; 2737.25
758; 0.264273870612233; 38101.3856373976; 36000.14; 2635.2
759; 0.27212967538066; 37687.2178624048; 35589.05; 2554.18
760; 0.276304695909347; 37288.1309656954; 35172.51; 2535.32
761; 0.280439039031258; 36695.0067436582; 34601.45; 2470.73
762; 0.281595985794202; 36313.8079474965; 34239.72; 2436.55
763; 0.28069721644863; 35784.666939673; 33672.68; 2488
764; 0.285586632539565; 35467.9184710248; 33303.74; 2504.89
765; 0.294170128937888; 35053.2007163816; 32811.99; 2518.12
766; 0.294984225539799; 34778.4568181123; 32495.94; 2557.21
767; 0.288500094745563; 34283.9070269191; 32083.73; 2520.44
768; 0.282662119172564; 33953.4018017252; 31788.56; 2531.26
769; 0.275063570946378; 33528.0282779623; 31373.5; 2588.63
770; 0.275171789639666; 33266.9325639149; 31131.83; 2564.12
771; 0.279748548633244; 32909.652213936; 30766.53; 2530.61
772; 0.274457767420845; 32656.8220295055; 30557.52; 2525.62
773; 0.273865365925702; 32282.694855074; 30250.57; 2449.01
774; 0.276967661676253; 32038.6219632661; 30043.56; 2376.29
775; 0.28518054715968; 31756.1357110375; 29721.74; 2352.54
776; 0.291354642865445; 31548.1594804853; 29492.76; 2325.58
777; 0.290543096192366; 31157.2075512374; 29153.88; 2272.42
778; 0.282873940543025; 30901.0769451875; 28972.74; 2246.02
779; 0.278710890828822; 30520.4237088039; 28639.48; 2223.05
780; 0.275515126535407; 30281.3491228785; 28422.74; 2221.57
781; 0.274998821617874; 29990.1690913292; 28090.89; 2273.94
782; 0.27954761178568; 29797.1588462983; 27881.21; 2256
783; 0.278167188677279; 29419.4050898564; 27535.46; 2228.83
784; 0.277949098301; 29224.5706136053; 27302.24; 2275.45
785; 0.283275051004833; 28888.861992948; 26940.17; 2262.64
786; 0.283340433381212; 28665.4763610322; 26703.37; 2277.04
787; 0.286738773589724; 28315.6579083324; 26410.67; 2183.86
788; 0.297261438286779; 28147.8855019027; 26193.72; 2160.25
789; 0.293840000743001; 27785.9840114758; 25859.43; 2153.91
790; 0.286017351056958; 27563.7278528298; 25689.46; 2152.15
791; 0.295086614978213; 27316.6740304854; 25431.07; 2098.09
792; 0.299364989451679; 27168.3160295546; 25301.13; 2047.45
793; 0.303662006088158; 26917.5756042994; 25065.27; 2002.01
794; 0.311460949156347; 26796.0154649334; 24914.42; 1982.43
795; 0.309548159139909; 26552.4018211178; 24669.28; 1996.17
796; 0.31286952084744; 26308.5945518274; 24445.9; 1953.43
797; 0.314860530402317; 26117.7798980605; 24270.76; 1924.68
798; 0.311733829466647; 25856.7614295102; 24001.4; 1952.7
799; 0.313608943946311; 25680.4798995555; 23802.18; 1964.77
800; 0.309925676812959; 25450.3026738847; 23597.51; 1960.87
801; 0.304898107977102; 25251.6815318071; 23419.48; 1970.36
802; 0.301837079495186; 24971.3274969814; 23194.39; 1929.63
803; 0.303668729280021; 24816.1822912558; 23035.82; 1920.89
804; 0.300451770246893; 24589.5053024757; 22864.61; 1880.25
805; 0.297523932074999; 24418.2473456773; 22701.51; 1889.29
806; 0.293811178893392; 24153.6939324553; 22505.05; 1836.81
807; 0.289381857441426; 24019.1526732431; 22388.34; 1844.46
808; 0.290213749188466; 23790.0589629015; 22182.43; 1812.68
809; 0.295451367646148; 23666.766870558; 22076.21; 1761.3
810; 0.299377378317299; 23442.447041544; 21830.98; 1760.66
811; 0.303078992916036; 23296.7424231031; 21674.26; 1750.54
812; 0.296688117984978; 23057.0029244136; 21450.09; 1770.52
813; 0.30850089239677; 22959.6756880541; 21326.57; 1729.98
814; 0.309491583171809; 22752.5961638023; 21178.66; 1661.43
815; 0.304788402900711; 22586.0009170729; 21055.41; 1640.29
816; 0.312088132740797; 22390.8158644165; 20829.34; 1633.88
817; 0.31482194237435; 22221.1828039423; 20672.04; 1606.64
818; 0.312518466388781; 22089.5700583726; 20564.39; 1593.19
819; 0.325873911814321; 21922.6081190625; 20383.83; 1541.22
820; 0.321559050005645; 21764.1658257508; 20226.51; 1560.41
821; 0.312140854142798; 21578.9212785729; 20023.8; 1625.28
822; 0.319522172670977; 21455.4896459563; 19906.78; 1580.73
823; 0.310674097764671; 21282.8751422962; 19737.53; 1621.8
824; 0.30312780995038; 21131.3106507981; 19657.41; 1584.92
825; 0.30847282825383; 20978.5247412474; 19467.41; 1596.73
826; 0.301148653587116; 20808.6072212445; 19351.12; 1577.52
827; 0.306619045647617; 20644.1283649725; 19210.18; 1524.5
828; 0.302257966137929; 20528.8116010901; 19127.55; 1511.39
829; 0.296408567719769; 20339.4811955802; 18978.28; 1497.01
830; 0.296452087422909; 20147.0116978294; 18828.55; 1449.7
831; 0.305078900249033; 20045.4373276653; 18697.1; 1439.93
832; 0.29443400113135; 19848.0263141898; 18538.23; 1448.64
833; 0.295388280453196; 19749.6888352334; 18403.02; 1483.89
834; 0.302451750369531; 19630.6002894448; 18260.68; 1473.59
835; 0.302831133526972; 19522.4488804741; 18148.9; 1475.26
836; 0.311974705108778; 19389.3923618137; 18027.06; 1419.96
837; 0.314526254622033; 19304.4794138444; 17917.72; 1433.88
838; 0.305288947561497; 19085.007270072; 17743.73; 1429
839; 0.31345085766891; 18926.2197320422; 17601.7; 1375.38
840; 0.320795346788129; 18849.4659039801; 17526.81; 1342
841; 0.309338027596994; 18681.1389834676; 17435.5; 1312.15
842; 0.304885397331908; 18573.8341437956; 17379.08; 1276.64
843; 0.306563180985132; 18413.3097871895; 17210.56; 1277.82
844; 0.30149616630051; 18282.5870616531; 17103.94; 1272.97
845; 0.308499079005682; 18140.2313197428; 16944.14; 1262.16
846; 0.317780322467566; 18071.4661191314; 16847.44; 1253.63
847; 0.308048070764452; 17904.9003149771; 16669.25; 1305.18
848; 0.318622905297276; 17737.3934413134; 16495.05; 1268.41
849; 0.311585268642798; 17589.1823949653; 16379.33; 1262.81
850; 0.307436074662324; 17385.5520910736; 16192.74; 1261.5
851; 0.307281606550174; 17274.5550044834; 16094.37; 1248.49
852; 0.312273570663134; 17122.1681726835; 15963.03; 1206.31
853; 0.311239462768223; 16996.8551990163; 15864.14; 1182.46
854; 0.317939274489631; 16829.7333232354; 15694.26; 1160.06
855; 0.307834109726954; 16649.6487997357; 15542.64; 1167.84
856; 0.310204687511783; 16547.0979414586; 15425.07; 1174.41
857; 0.317806474947753; 16393.1823458537; 15269.87; 1147.37
858; 0.326013318358072; 16309.9285583269; 15156.53; 1148.22
859; 0.318534043154105; 16117.7832049781; 14966.85; 1172.44
860; 0.319389143896392; 16009.3506822508; 14838.22; 1189.55
861; 0.314099887950824; 15830.3544720178; 14677.89; 1190.07
862; 0.308787837790718; 15631.1763008761; 14467.12; 1222.48
863; 0.305418577413686; 15496.9694427145; 14361.95; 1204.9
864; 0.306089618302481; 15298.9969358313; 14177.91; 1187.23
865; 0.309018008433417; 15178.4275965596; 14026.99; 1207.58
866; 0.313535005820273; 14967.0778687309; 13850.63; 1153.79
867; 0.325725806865073; 14738.8500136833; 13648.72; 1084.18
868; 0.324424158549079; 14555.2893720506; 13521.48; 1032.09
869; 0.335588449618133; 14285.6168064274; 13329.47; 922.62
870; 0.335452499452307; 14109.0073331238; 13163.94; 912.12
871; 0.339387303748686; 13819.9509615705; 12889.74; 887.17
872; 0.335388123482612; 13613.4055852748; 12712.91; 868.9
873; 0.327349338706745; 13317.8882186418; 12432.42; 875.21
874; 0.334857831807941; 13057.9818624133; 12153.58; 873.68
875; 0.328563645600738; 12888.6852267486; 11959.66; 914.48
876; 0.330769631376757; 12658.2331482992; 11684.11; 952.29
877; 0.322932572417867; 12489.1860815041; 11525.8; 964.46
878; 0.319521039630155; 12260.8799769641; 11317.21; 954.59
879; 0.318944143731903; 12087.3330722307; 11168.8; 930.66
880; 0.309498836185517; 11966.2993877322; 11086.47; 918.47
881; 0.304599130360868; 11831.9138863659; 10970.52; 913.48
882; 0.302476883064048; 11730.5258494708; 10893.36; 893.84
883; 0.305604340937518; 11613.5024652833; 10813.38; 845.38
884; 0.307563969446224; 11509.0380637844; 10725.52; 822.4
885; 0.308012779263605; 11432.1777039966; 10647.88; 821.83
886; 0.313568224466085; 11334.271812645; 10579.02; 777.22
887; 0.319789019400774; 11293.8890761751; 10508.65; 792.23
888; 0.331979983082612; 11229.695123339; 10447.87; 759.72
889; 0.33173534923986; 11171.0211724411; 10400.33; 749.33
890; 0.338498769434928; 11135.5110059262; 10369.11; 730.15
891; 0.340220785006119; 11089.8030257043; 10345.84; 705.07
892; 0.343100949029294; 11118.3928569756; 10355.45; 716.87
893; 0.341299970050771; 11181.3573354329; 10403.61; 734.54
894; 0.323457538343536; 11247.0190453122; 10493.42; 750.87
895; 0.317722450766446; 11319.2441203796; 10563.74; 766.23
896; 0.304196443970624; 11460.9186961415; 10706.65; 798.86
897; 0.294355408554898; 11568.6142727922; 10800.41; 840.71
898; 0.305038388210263; 11768.0885237783; 10977.65; 834.61
899; 0.289677369546158; 11953.4040503255; 11155.61; 886.9
900; 0.288401243495246; 12084.3490767487; 11278.16; 900.05
901; 0.295969596252611; 12265.6501015459; 11413.41; 927.01
902; 0.303439807159093; 12409.6225236584; 11511.18; 953.05
903; 0.307436006129982; 12478.8618584687; 11568.8; 952.67
904; 0.310935004521999; 12519.4574615161; 11603.65; 947.74
905; 0.3130101361235; 12515.6974821467; 11594.96; 946.4
906; 0.311918638422006; 12455.94289342; 11527.23; 957.78
907; 0.318857149634801; 12330.4845977096; 11387.4; 951.28
908; 0.314134791048563; 12177.0583878513; 11255.71; 943.17
909; 0.301907783157477; 11881.6750090724; 11022.24; 915.3
910; 0.296407938365251; 11557.5973512287; 10744.29; 882.1
911; 0.297850409929102; 11332.1155650268; 10536.51; 858.58
912; 0.298243645199574; 10944.51717398; 10192.08; 810.79
913; 0.300434446952988; 10662.0502938462; 9941.88; 770.26
914; 0.297113482938838; 10229.602934553; 9570.46; 712.75
915; 0.306745824270189; 9807.08208941382; 9176.4; 660.45
916; 0.328986023038518; 9565.28603999412; 8929.38; 620.8
917; 0.322804149359965; 9174.77544843574; 8559.24; 612.34
918; 0.323309411202557; 8811.35593532606; 8211.41; 595.8
919; 0.319536682127003; 8570.99008307444; 7994.28; 579.41
920; 0.306170399850559; 8236.16738383477; 7686.77; 575.99
921; 0.309258408951998; 7937.44031763477; 7388.2; 570
922; 0.313332558937073; 7738.7487043082; 7199.05; 552.76
923; 0.307219909434807; 7443.41442006712; 6924.17; 542.32
924; 0.322202054160169; 7269.85651065033; 6746.85; 520.78
925; 0.340477415061168; 7002.19615015502; 6484.36; 487.89
926; 0.347957005063336; 6727.36291619892; 6230.74; 457.8
927; 0.353811051692947; 6549.75175814949; 6055.54; 447.98
928; 0.342126110115288; 6267.48463013651; 5799.08; 439.03
929; 0.3324637800873; 5972.86015402302; 5533.53; 423.69
930; 0.331941909997081; 5767.17739190099; 5344.2; 408.52
931; 0.306477947641765; 5414.65854458664; 5041.86; 389.92
932; 0.277099669698914; 5029.83920703344; 4693.06; 389.54
933; 0.287286068968264; 4759.01213900236; 4439.47; 356.45
934; 0.3009159084001; 4325.27410351133; 4025.96; 318.72
935; 0.313491785019716; 3843.36874312211; 3568.06; 281.37
936; 0.329780830276289; 3511.58612886049; 3261.67; 242.77
937; 0.320583281820808; 3031.02068218048; 2808.63; 222.2
938; 0.344487189147803; 2589.81609980814; 2396.02; 180.17
939; 0.356653609224496; 2315.16510276527; 2157.94; 141.17
940; 0.336700499216659; 1982.26020267421; 1833.58; 141.39
941; 0.307015912658608; 1734.56400487618; 1605.61; 134.47
942; 0.281434488671944; 1611.47714124968; 1508.26; 117.4
943; 0.276310142061796; 1503.95345356035; 1409.27; 109.68
944; 0.300050555555215; 1455.05948185897; 1365.7; 95.31
945; 0.293759370205906; 1446.37146809797; 1355.67; 98.8
946; 0.254562244829537; 1462.67883394199; 1367.17; 120.04
947; 0.252874873625673; 1510.66164971587; 1416.54; 119.07
948; 0.234920380720919; 1550.1990453198; 1464.94; 116.09
949; 0.273265840848907; 1634.48882170013; 1531.25; 120.83
950; 0.284090403011579; 1726.57504566496; 1619.57; 120.45
951; 0.313872688082558; 1804.88242400805; 1685.78; 121.33
952; 0.305976561891603; 1905.54101480526; 1779.47; 131.73
953; 0.342710850597155; 2018.22800744773; 1882.17; 126.91
954; 0.332442540989645; 2087.59270007137; 1946.94; 135.23
955; 0.298538271672729; 2188.29925242922; 2037.35; 161.59
956; 0.267248574253097; 2273.67448414031; 2124.29; 178.62
957; 0.249544542012481; 2333.190692017; 2187.74; 186.23
958; 0.247402638831184; 2415.89486198287; 2247.3; 217.71
959; 0.259703174672106; 2493.79588698334; 2317.73; 216.56
960; 0.264187562024684; 2536.76338206935; 2360.09; 213.59
961; 0.253988686776242; 2594.9678995594; 2424.74; 214.04
962; 0.282743055781292; 2650.62224406833; 2474.76; 198.61
963; 0.325879321887131; 2685.07417279369; 2512.71; 168.87
964; 0.362006538924862; 2726.93555609744; 2535.92; 168.45
965; 0.409025802287082; 2747.85660834347; 2566.69; 141.38
966; 0.411416018480768; 2772.34519860108; 2577.83; 150.9
967; 0.409867666070135; 2786.10941338202; 2583.13; 158.04
968; 0.390836128305354; 2795.90510200892; 2579.15; 176.96
969; 0.378571743933325; 2787.16661971735; 2572.79; 180.67
970; 0.342960263630341; 2780.54851978656; 2561.66; 203.6
971; 0.327200398557787; 2776.71401935346; 2563.25; 208.09
972; 0.285488856522104; 2757.11840545342; 2558.88; 221.46
973; 0.261672932520152; 2739.37900633787; 2551.45; 229.02
974; 0.273193526966949; 2727.73291102075; 2528.64; 232.37
975; 0.273155385341369; 2699.26164614566; 2523.86; 204.72
976; 0.273133752087211; 2685.74611442825; 2511.8; 203.01
977; 0.233808847474384; 2656.60352446346; 2510.21; 199.57
978; 0.238544457121148; 2627.9936407611; 2482.35; 194.58
979; 0.269241861176618; 2608.37715723415; 2458.6; 177.27
980; 0.291579561122453; 2582.00634138703; 2444.27; 150.51
981; 0.279974552036686; 2536.67210954274; 2419.05; 133.84
982; 0.26139423105029; 2499.26822388755; 2367.4; 160.7
983; 0.279091292875675; 2477.7744420833; 2336.46; 161.27
984; 0.323348264374643; 2445.14409935035; 2282.81; 159.88
985; 0.319400098139504; 2405.871221743; 2251.06; 154.34
986; 0.331712138735504; 2371.76562649405; 2207.6; 157.57
987; 0.296620898001248; 2343.07664134941; 2186.34; 168.22
988; 0.276680590272511; 2300.97764606342; 2145.24; 179.17
989; 0.293070053619006; 2260.4437304914; 2108.12; 165.42
990; 0.278988777053678; 2227.73791585345; 2081.64; 166.65
991; 0.257303607391159; 2178.95199403614; 2041.03; 170.56
992; 0.233382570329655; 2119.76968532068; 1997.25; 167.02
993; 0.185247412546525; 2053.37862955182; 1966.49; 149.21
994; 0.200598043203769; 2030.48842161998; 1939.72; 143.93
995; 0.220140464764124; 1992.42141225072; 1900.4; 132.95
996; 0.250851863773109; 1958.06630701294; 1864.41; 118.73
997; 0.276792664903786; 1924.62724121176; 1824; 115.6
998; 0.299078674475395; 1900.77852245178; 1807.07; 99.62
999; 0.31352095030773; 1865.04428264177; 1765.18; 101.26
1000; 0.340751754950813; 1836.09996085478; 1720.09; 108.22
1001; 0.338835421590073; 1802.75482512338; 1685.52; 109.97
1002; 0.372062038528878; 1763.81254372178; 1645.32; 101.21
1003; 0.305865227925405; 1716.30440694053; 1611.79; 108.58
1004; 0.30122346632886; 1674.65398147182; 1578.38; 101.55
1005; 0.28856615298154; 1645.01252985644; 1549.12; 105.57
1006; 0.336611750399205; 1608.54057893934; 1516.9; 86.48
1007; 0.357017233503426; 1562.29377231687; 1481.6; 71.79
1008; 0.344017326283116; 1520.71441009851; 1453.64; 61.92
1009; 0.302999019865286; 1490.76882129395; 1434.1; 59.39
1010; 0.322676982147227; 1449.56804984648; 1395.29; 53.41
1011; 0.335145822683664; 1412.64197948263; 1360.61; 49.29
1012; 0.339253800978886; 1383.19327724929; 1324.04; 55.35
1013; 0.256550177466797; 1351.32984272489; 1288.94; 77.19
1014; 0.264193142406394; 1315.2901580439; 1240.43; 89.93
1015; 0.29760805450146; 1296.00417178542; 1208.26; 93.56
1016; 0.386742015631627; 1274.03135013743; 1185.47; 72.66
1017; 0.402381810884228; 1252.18424296553; 1156.76; 75.24
1018; 0.401055051936695; 1220.41487542103; 1123.75; 76.46
1019; 0.407354773559302; 1184.88474131418; 1094.23; 70.59
1020; 0.461173662497534; 1166.10285926728; 1067.91; 67.53
1021; 0.407316132675324; 1145.16503259763; 1061.87; 64.85
1022; 0.39303309460228; 1109.08059064102; 1032.33; 61.92
1023; 0.317905600532694; 1077.40950683986; 995.4; 81.79
1024; 0.357384401251809; 1046.24974823508; 986.13; 53.33
1025; 0.317397259138103; 1026.78066076232; 973.1; 53.61
1026; 0.330389104026498; 1004.08168523371; 952.67; 49.32
1027; 0.353230093776801; 975.731271308308; 934.38; 37.1
1028; 0.239515201434636; 938.351426535325; 908.57; 39.4
1029; 0.242463757344041; 917.647651815955; 890.68; 35.24
1030; 0.287618316646843; 887.530460256148; 861.62; 28.54
1031; 0.352018118657296; 873.409627170719; 834.97; 34.59
1032; 0.296392075566838; 842.064818757403; 813.72; 30.29
1033; 0.222272582146088; 810.706983590477; 789.35; 30.43
1034; 0.192184302417897; 797.520258741017; 780.6; 27.88
1035; 0.366752675815117; 789.710290881702; 755.68; 29.38
1036; 0.50624701790172; 773.418294413842; 748.41; 15.64
1037; 0.356971931007533; 754.564992385905; 732.52; 19.55
1038; 0.216178657976499; 740.834016257931; 727.94; 18.88
1039; 0.165409770613265; 723.194225284141; 755.57; -61.95
1040; -0.417815376905564; 671.987263920238; 691.58; 14.84
1041; 0.613829310610688; 784.607745366724; 681.33; 53.24
