# 16/03/2019 13:28:35
# NanoCalc data
# Original file name: C:\SVA_DATA\StudentProjects\2018_Nathan\PS_160319\PSswelling_16_03_19_145.dat
# Fit Result : Fitness; Thickness 1; Thickness 2; Thickness 3 
# Fit Result : 0.281233646661108; 2; 269.6; -1
# comment:PS id: 348 slowslow swelling at 13:07
#
# WaveLength; Reflectance; Raw Intensity; Dark Intensity; Reference Intensity
400; 0.309431941328757; 4446.71389622527; 4128.73; 498.3
401; 0.286124094400369; 4572.56463946783; 4281.21; 491.63
402; 0.271079636278918; 4667.28942078521; 4392.47; 487.32
403; 0.280133932180944; 4779.93733829501; 4494.68; 487.45
404; 0.281558827580087; 4902.81626362336; 4615.44; 486.53
405; 0.27471775632404; 5081.79321853576; 4790.2; 504
406; 0.281345157157602; 5205.92744875781; 4891.23; 529.04
407; 0.289907531457148; 5337.06855019964; 5004.66; 540.18
408; 0.295104549129595; 5463.7480690486; 5101.67; 575.74
409; 0.286283242434326; 5580.1337053836; 5219.95; 588.19
410; 0.307140364248976; 5772.80888452697; 5376.23; 601.39
411; 0.314809978865602; 5892.59598640712; 5472.62; 619.16
412; 0.30659959278507; 5976.89290181497; 5572.99; 609.24
413; 0.324480918629382; 6087.42677350918; 5656.11; 612.69
414; 0.341046477910385; 6253.5125058571; 5797.98; 613.59
415; 0.337817195053134; 6347.0668295581; 5886.56; 624.16
416; 0.338667096815223; 6434.87104093558; 5971.21; 624.77
417; 0.323906491438698; 6515.22998180395; 6067.74; 628.37
418; 0.335649422102474; 6669.26294866082; 6202.36; 630.58
419; 0.332837184034582; 6779.15166779901; 6310.91; 635.83
420; 0.339217337825589; 6906.01999012625; 6423.12; 641.48
421; 0.336614174318726; 7035.86513124085; 6553.44; 643.92
422; 0.343261703121217; 7224.60089097449; 6719.62; 659.04
423; 0.358940340332951; 7381.22565427011; 6825.99; 690.92
424; 0.358997580094995; 7531.14440984064; 6954.73; 715.03
425; 0.365956610781163; 7696.18970551989; 7100.68; 722.7
426; 0.375481829700834; 7955.79992863005; 7291.52; 783.57
427; 0.375742458417101; 8125.34909960748; 7441.53; 803.85
428; 0.379484402465238; 8299.49255684598; 7580.19; 834.93
429; 0.380697987123624; 8455.03534451201; 7715.94; 853.06
430; 0.369852102286535; 8688.92256103569; 7945.72; 880.75
431; 0.357494168048693; 8833.30170473445; 8084.29; 916.06
432; 0.36919692768677; 8969.54184233255; 8199.59; 909.55
433; 0.355376353687779; 9083.70724103649; 8310.91; 946.14
434; 0.357670592397741; 9274.78588257058; 8484.39; 959.16
435; 0.365901946551329; 9411.54687611329; 8602.52; 957.61
436; 0.36217243586149; 9496.94027339063; 8688.3; 964.91
437; 0.357422887809744; 9616.3142443996; 8807.31; 975.92
438; 0.366592945557782; 9808.70147609308; 8973.36; 980.21
439; 0.36138982443516; 9901.81341436809; 9055.15; 1005.5
440; 0.360867616576958; 10023.5493101055; 9166.34; 1017.16
441; 0.354038954214161; 10134.3825971497; 9282.43; 1028.13
442; 0.366030114146513; 10341.9157149202; 9458.75; 1028.56
443; 0.364061317463119; 10446.3558712866; 9583.99; 1007.55
444; 0.356078253139925; 10598.2148713473; 9747.02; 1014.57
445; 0.350838324234457; 10727.1159068486; 9884.78; 1016.71
446; 0.364572299267425; 10962.942264609; 10083.61; 1019.05
447; 0.358096282047811; 11153.7461361486; 10250.15; 1063.82
448; 0.370425777650288; 11386.236273822; 10438.6; 1076.19
449; 0.366570413568163; 11696.6130795304; 10729.27; 1107.78
450; 0.367190116061439; 11917.3809567886; 10918.08; 1140
451; 0.373835969483409; 12146.2891525022; 11119.59; 1148.12
452; 0.376715163591664; 12380.4914753005; 11317.34; 1177.39
453; 0.378114078276579; 12767.5743500009; 11649.5; 1231.2
454; 0.379756437151827; 13048.5843211224; 11910.85; 1244.96
455; 0.379561362036141; 13293.1034991062; 12145.22; 1254.26
456; 0.382887209133871; 13560.8172418603; 12401.32; 1253.51
457; 0.376921024941458; 13948.9725205101; 12779.62; 1281.75
458; 0.364031984865026; 14233.3453364791; 13057.99; 1331.39
459; 0.365907884219069; 14504.34871515; 13298.95; 1355.89
460; 0.358427859366586; 14779.0746886364; 13561.85; 1395.15
461; 0.358926601137953; 15161.7808420986; 13933.24; 1403.55
462; 0.3529680238188; 15388.5915466479; 14137.18; 1451.1
463; 0.349702086125278; 15615.0632224148; 14347.89; 1480.41
464; 0.355750235772464; 16029.7172280337; 14697.65; 1526.98
465; 0.366052899306502; 16329.3425129002; 14948.09; 1536.14
466; 0.360113965444697; 16589.5979656391; 15217.68; 1548.2
467; 0.359181633443683; 16867.4132024435; 15491.31; 1554.34
468; 0.356939997118191; 17422.9977060901; 16005.76; 1608.14
469; 0.355282245633776; 17787.6380132773; 16367.5; 1616.28
470; 0.359191742048131; 18198.5000157556; 16726.43; 1654.44
471; 0.358067244927308; 18685.3445777738; 17152.92; 1724.85
472; 0.351592467907801; 19434.8414158369; 17848.48; 1815.49
473; 0.345948705177154; 19947.1291328239; 18337.26; 1869.44
474; 0.346812960153013; 20517.2720286206; 18857.85; 1919.08
475; 0.355035312401317; 21533.8573577705; 19747.25; 2015.09
476; 0.351545720363344; 22149.9732375712; 20330.81; 2068.81
477; 0.344493299207388; 22814.8394909025; 21002.14; 2100.32
478; 0.33874922751531; 23611.7556960296; 21749.8; 2190.43
479; 0.333548094826343; 24756.0795261925; 22855.75; 2266.9
480; 0.328161233290453; 25574.5384930716; 23642.88; 2338.44
481; 0.330890060172157; 26370.9159059738; 24387.3; 2377.96
482; 0.322081608164516; 27605.0213457901; 25566.6; 2506.71
483; 0.314262329245084; 28389.8724837475; 26359.04; 2555.76
484; 0.312762284010595; 29209.5112934681; 27132.3; 2622.74
485; 0.313999441744677; 30047.8293164109; 27904.38; 2691.67
486; 0.310356295409258; 31113.1912013134; 28891.56; 2818.29
487; 0.30501420348179; 31824.3499814601; 29557.13; 2922.08
488; 0.308034901345205; 32540.7717864292; 30228.25; 2946.77
489; 0.305679647400377; 33153.0779603175; 30828.85; 2980.24
490; 0.296865744457129; 33995.3961513125; 31675.19; 3059.02
491; 0.298897937543112; 34550.4059954389; 32202.1; 3071.01
492; 0.296253699184741; 35076.3332163937; 32681.91; 3155.14
493; 0.294620458284008; 35777.010959449; 33367.32; 3188.82
494; 0.297828562777069; 36272.8225450418; 33806.15; 3225.04
495; 0.297623909427725; 36703.0912436308; 34237.31; 3222.06
496; 0.281430952514829; 37163.6591020865; 34809.18; 3249.64
497; 0.282702679303797; 37549.1829841319; 35171.51; 3262.86
498; 0.280449449189794; 37917.622348254; 35529.07; 3300.04
499; 0.271994857731373; 38288.6412782785; 35957.07; 3317.25
500; 0.274284557094294; 38815.5347983892; 36455.96; 3324.93
501; 0.26712965202047; 39166.6478714033; 36819.54; 3391.56
502; 0.262862352457754; 39506.4575560101; 37176.1; 3417.51
503; 0.25786645896243; 40031.0115042337; 37664.75; 3532.88
504; 0.259616089105425; 40461.2646926279; 38078.63; 3528.83
505; 0.257875639962488; 40930.8931760361; 38492.74; 3631.1
506; 0.253101335040282; 41340.6426305006; 38939.42; 3639.21
507; 0.25613476427256; 41996.3931433409; 39542.79; 3670.33
508; 0.25166878937321; 42404.0471765196; 39980.31; 3685.74
509; 0.24901963901323; 42846.8130329768; 40433.11; 3705.42
510; 0.246085744230772; 43490.0057089248; 41112.62; 3688.99
511; 0.245890502450951; 43971.6272871043; 41570.54; 3724.49
512; 0.243687764255674; 44440.8218227401; 42009.35; 3801.38
513; 0.242807862132205; 45094.3681962823; 42653.8; 3825.15
514; 0.239237827740651; 45544.2779486611; 43089.63; 3900.16
515; 0.23271425005188; 45975.8142035654; 43574.42; 3918.1
516; 0.23201329123261; 46398.6297001485; 43959.13; 3987.71
517; 0.230706195415819; 47104.2852838237; 44608.66; 4097.84
518; 0.224489686313895; 47586.4182634471; 45093.66; 4201.72
519; 0.224572767277071; 48106.5745493303; 45585.82; 4242.52
520; 0.216739918764031; 48789.5239686167; 46354.32; 4241.93
521; 0.212071513263868; 49230.0365485825; 46836.25; 4257.03
522; 0.208110977864069; 49665.981656352; 47290.23; 4300.76
523; 0.20412285359492; 50342.3928650249; 47955.64; 4400.48
524; 0.19663135288839; 50797.4306447214; 48473.51; 4443.21
525; 0.19074375386326; 51183.1100002598; 48920.91; 4454.13
526; 0.18528363487535; 51743.2296117656; 49544.96; 4451.22
527; 0.178691075992782; 52054.2976344972; 49917.2; 4482.6
528; 0.173195249771489; 52337.3090002566; 50237.52; 4539.52
529; 0.170057773960438; 52626.4987107849; 50576.77; 4508.6
530; 0.16659094042196; 53012.498013646; 50993.65; 4528.72
531; 0.164425776603862; 53203.1327432611; 51174.87; 4605.53
532; 0.162936772799324; 53386.8255656999; 51347.43; 4668.84
533; 0.160768156535735; 53630.1546604035; 51578.11; 4756.79
534; 0.160304837802377; 53783.6265803701; 51722.03; 4788.33
535; 0.155922990312311; 53912.4460437027; 51885.84; 4834.27
536; 0.159555044522488; 54173.4504756805; 52097.07; 4835.29
537; 0.151508922080202; 54273.6301650062; 52264.71; 4921.33
538; 0.148751291926445; 54422.5554217839; 52444.34; 4930.62
539; 0.144909157157476; 54695.7405925005; 52766.82; 4930.26
540; 0.142942946347148; 54860.7730473523; 52950.34; 4945.18
541; 0.140998064826084; 55064.1995348804; 53157.19; 5000.24
542; 0.138020861236217; 55362.136527873; 53506.74; 4965.7
543; 0.14054327728651; 55614.1640781649; 53737.46; 4928.71
544; 0.139696959145833; 55869.426978173; 54002.84; 4927.96
545; 0.140357594201265; 56282.090520532; 54398.29; 4945.97
546; 0.141703540289424; 56585.603094562; 54667.39; 4984.42
547; 0.14023719228999; 56848.4457045455; 54963; 4946.21
548; 0.135994464505096; 57314.8580778405; 55485.77; 4943.89
549; 0.134636420008994; 57591.144848985; 55780.6; 4938.83
550; 0.134677252145423; 57910.0197834542; 56082.81; 4978.56
551; 0.128615940340352; 58186.4255073211; 56442.1; 4972.49
552; 0.122425366076504; 58576.3030778642; 56912.56; 4978.37
553; 0.119827736627891; 58801.415492698; 57170.85; 4980.75
554; 0.116284204610094; 59064.1974065267; 57462.94; 5035.98
555; 0.109783074946973; 59441.5688687709; 57899.63; 5132.21
556; 0.103451248370293; 59672.5629229591; 58218.74; 5130.57
557; 0.0978211264813857; 59939.7304645773; 58560.38; 5143.51
558; 0.0888644973038868; 60364.3651558162; 59102.67; 5174.53
559; 0.0861533748674745; 60725.1252563317; 59482.74; 5251.16
560; 0.0833893705175261; 61134.6125885405; 59907.96; 5351.9
561; 0.075351968663967; 61808.487612545; 60680.51; 5441.76
562; 0.0687187151491321; 62298.792661611; 61275.73; 5407.36
563; 0.067011155519209; 62876.3555496594; 61881.59; 5387.39
564; 0.0677456389321592; 63795.9854406966; 62777.77; 5450.16
565; 0.0697170590097399; 64389.255157785; 63329.69; 5507.06
566; 0.0702311674841005; 64939.9873033562; 63858.49; 5575.79
567; 0.06585264705687; 65622.5215650449; 64591.04; 5667.63
568; 0.0621405733350184; 65917.2261931272; 64947.29; 5643.95
569; 0.0562005429224747; 66058.7926965362; 65185.62; 5613.9
570; 0.0589025155717859; 66256.3773985316; 65338.74; 5625.12
571; 0.0566989636922599; 66205.8593207494; 65313.57; 5677.94
572; 0.053465743841216; 66106.9777922805; 65256.1; 5737.27
573; 0.0512916028280153; 65824.3897660793; 65014.32; 5689.09
574; 0.0483651345716611; 65564.5295797318; 64809.91; 5615.69
575; 0.044999409326375; 65172.6675243483; 64479.72; 5538
576; 0.0444364527618317; 65026.4704769463; 64344.84; 5512.29
577; 0.0465658293887127; 64886.2446349186; 64163.52; 5573.02
578; 0.0424356557187288; 64579.5953084361; 63925.39; 5531.34
579; 0.042877751099088; 64446.4043995326; 63786.68; 5516.34
580; 0.0382990928327626; 64266.8306972494; 63688.94; 5405.68
581; 0.0351330201862628; 64041.1568393844; 63511.61; 5396.07
582; 0.0367388062590366; 63951.8400009112; 63395.76; 5414.97
583; 0.0359152715804484; 63842.6023617338; 63297.12; 5429.9
584; 0.0356351253441846; 63683.0773165297; 63141.9; 5425.87
585; 0.0361630590301447; 63609.3390980826; 63062.85; 5395.63
586; 0.0398953669571039; 63547.8616479972; 62944.34; 5397.76
587; 0.0402290075141003; 63405.5334156228; 62792.76; 5431.66
588; 0.0421158816989187; 63302.8853743906; 62654.36; 5487.59
589; 0.0435511842319109; 63241.9120968917; 62566.82; 5520.82
590; 0.0449794288550966; 63212.2631901813; 62512.58; 5536.76
591; 0.0471427851728297; 63241.6380738002; 62505.81; 5552.09
592; 0.0483638688347723; 63272.2798099355; 62513.67; 5575.96
593; 0.0478485292718987; 63357.664065166; 62611.92; 5536.94
594; 0.0461675143460528; 63417.8845715118; 62693.31; 5572.13
595; 0.0405624730766552; 63623.5226922425; 62989.14; 5549.16
596; 0.0409425279711151; 63876.1544330769; 63234.76; 5554.9
597; 0.0384189324480915; 64208.7772912874; 63610.07; 5522.3
598; 0.0381657754422689; 64730.7943566675; 64126.97; 5602.89
599; 0.0383345572269146; 65156.6769515353; 64545.09; 5646.35
600; 0.0351931008195929; 65628.6767653793; 65063.58; 5679.23
601; 0.0339205034372563; 66475.8646283161; 65916.6; 5827.78
602; 0.0328676027444441; 67134.5279710957; 66585.74; 5898.21
603; 0.0361415439992289; 67806.7171202818; 67192.33; 6001.26
604; 0.0419318931978474; 68801.4799483804; 68063.31; 6210.72
605; 0.0452165842966566; 69381.5053484992; 68568.75; 6337.63
606; 0.0459612694741773; 70026.6931669571; 69197.15; 6359.84
607; 0.0437513462326947; 70709.6463580996; 69914.96; 6396.43
608; 0.0446329613656049; 71131.8349073227; 70317.9; 6418.02
609; 0.0456212285780223; 71609.0084149068; 70777.29; 6412.24
610; 0.0498480943050139; 71805.5454047383; 70888.42; 6467.16
611; 0.0532362428651005; 71984.63740367; 71003.56; 6474.02
612; 0.0529286010025596; 71986.9658932286; 71007.29; 6498.34
613; 0.0501784539469193; 71922.6175030659; 70998.27; 6463.39
614; 0.0470349707940321; 71695.0248802248; 70832.33; 6431.65
615; 0.0490231911259574; 71339.3807053837; 70445.1; 6392.96
616; 0.0503995084330425; 71001.1309064617; 70072.58; 6452.68
617; 0.0493402238495789; 70346.2949615131; 69438.15; 6442.73
618; 0.0461897159282888; 69912.5137863013; 69078.18; 6319.07
619; 0.0445012583476472; 69428.6216267584; 68627.06; 6297.82
620; 0.0461911608451668; 68860.4603721895; 68049.15; 6137.91
621; 0.0474126209581895; 68387.6760496631; 67566.24; 6051.33
622; 0.0502419931812411; 68010.4371189729; 67148.78; 5987.11
623; 0.0546657675842022; 67443.7009059966; 66516.87; 5915.96
624; 0.0535552954338897; 67058.1921845532; 66173.83; 5759.15
625; 0.058427117487769; 66598.8679926206; 65647.4; 5676.76
626; 0.0592699476738578; 66289.0223118314; 65330.01; 5637.68
627; 0.0565732129241688; 65954.9908395609; 65052.88; 5553.44
628; 0.0564173233429402; 65420.026819374; 64518.76; 5560.88
629; 0.058007550294164; 65166.1143210223; 64241.88; 5543.73
630; 0.0586644493436185; 64851.0786032946; 63905.68; 5604.62
631; 0.0608705722715772; 64452.9065797688; 63476.06; 5578.78
632; 0.0673718105943562; 64261.4972499924; 63179.09; 5582.73
633; 0.0736885908451314; 63932.6722474468; 62767.42; 5492.47
634; 0.0763768828256492; 63705.2970551567; 62514; 5415.11
635; 0.0809805711794725; 63501.1079874334; 62254.26; 5342.51
636; 0.0867977371689852; 63289.9340467761; 61987.01; 5205.79
637; 0.0880638723711795; 63086.5001879731; 61764.54; 5202.77
638; 0.0895303542298519; 62892.9720783244; 61555.63; 5173.97
639; 0.0861108300571823; 62611.1379023521; 61337.24; 5121.28
640; 0.0846680897149535; 62441.9939782171; 61186.77; 5129.09
641; 0.0804126422504175; 62128.4296822115; 60926.44; 5168.8
642; 0.0841739252462665; 62011.8389110362; 60738.15; 5229.66
643; 0.0815867104359211; 61881.4349172861; 60655.06; 5192.52
644; 0.0803585753234952; 61597.165173696; 60375.33; 5249.78
645; 0.0860482695520641; 61503.2063895343; 60187.65; 5276.42
646; 0.088238717364465; 61285.3139156405; 59942.03; 5251.45
647; 0.092676588334925; 61170.5097614009; 59767.67; 5219.54
648; 0.0958765163429205; 61022.9836175507; 59567.72; 5231.75
649; 0.0989644781804757; 60840.3152582697; 59337.46; 5231.98
650; 0.0970162466358649; 60640.6136414884; 59168.18; 5226.73
651; 0.102425375180314; 60493.5260600782; 58909.88; 5322.15
652; 0.106970305861991; 60434.4052261186; 58799.62; 5257.98
653; 0.104740527981357; 60313.9321801576; 58744.82; 5151.64
654; 0.106235130259266; 60203.7265303477; 58622.74; 5115.21
655; 0.10612751958725; 60116.7011605196; 58553.86; 5059.56
656; 0.109168624910855; 59989.4445253438; 58381.47; 5058.59
657; 0.109676578495372; 59877.9787335984; 58256.17; 5076.7
658; 0.11013502961781; 59791.8797537255; 58185.35; 5006.18
659; 0.110743394838454; 59643.2536489972; 58052.77; 4926.93
660; 0.111581602728954; 59543.9095722828; 57954.92; 4883.32
661; 0.112712061300271; 59370.5447966904; 57747.73; 4934.5
662; 0.11939587495706; 59335.4088155196; 57625.64; 4905.27
663; 0.122782220298197; 59273.1451173754; 57524.13; 4876.89
664; 0.125142707148925; 59179.2111428358; 57417.09; 4818.06
665; 0.126025791158177; 59092.9047662047; 57335.16; 4770.59
666; 0.129784507831382; 59001.5964512814; 57198.04; 4751.34
667; 0.129787274321497; 58901.3365225037; 57082.23; 4790.65
668; 0.129683229025832; 58753.5063808377; 56937.17; 4785.78
669; 0.136444341645368; 58646.0784241962; 56731.7; 4792.32
670; 0.137445742245361; 58531.9266909396; 56601.69; 4794.97
671; 0.133948893806154; 58277.3024246174; 56396.69; 4790.96
672; 0.135540682907534; 58152.2393425136; 56255.13; 4773.54
673; 0.136758151658417; 58037.7458328898; 56121.1; 4776.93
674; 0.137473084337393; 57791.9903249345; 55860.44; 4786.34
675; 0.140703899906423; 57620.6000929629; 55641.32; 4789.86
676; 0.143323765864777; 57302.5566748663; 55281.89; 4798.49
677; 0.145415918908629; 57075.9011013371; 55029.44; 4788.26
678; 0.146067563357224; 56688.3750979907; 54649.42; 4747.72
679; 0.150641197583565; 56463.8319231876; 54370.61; 4724.41
680; 0.149913161550031; 56140.656312915; 54053.07; 4733.02
681; 0.151622435826153; 55670.957533597; 53553.6; 4744.7
682; 0.158324531303415; 55436.2459224668; 53266; 4655.54
683; 0.160832702685458; 55042.4159859817; 52864.11; 4598.17
684; 0.158671180483189; 54751.1905644629; 52608.7; 4582.53
685; 0.157461934070069; 54336.4478443413; 52237.34; 4522.46
686; 0.160824215840191; 54065.0734213355; 51913.98; 4535.94
687; 0.163775896731118; 53832.9802737243; 51649.53; 4519.43
688; 0.1726396526133; 53543.8554272787; 51295.5; 4413.25
689; 0.173684893187935; 53303.313612363; 51070.3; 4355.19
690; 0.173447690976547; 52921.0064726758; 50699.74; 4336.51
691; 0.176148401788539; 52649.6933652822; 50413.55; 4296.94
692; 0.182167234646389; 52449.8522644781; 50130.14; 4308.56
693; 0.186548810070721; 52100.0404686082; 49696.67; 4357.39
694; 0.186112832265854; 51850.4484951108; 49465.93; 4331.64
695; 0.186818615853848; 51435.5873767769; 49036.92; 4339.05
696; 0.188261008596471; 51194.5632887949; 48764.73; 4359.91
697; 0.191263407645726; 50851.9778618309; 48370.16; 4381.3
698; 0.19079290405664; 50569.057756193; 48079.54; 4403.87
699; 0.190188062630793; 50190.2004111923; 47719.76; 4382.3
700; 0.187942329160339; 49897.5513021176; 47469.65; 4356.59
701; 0.18730486328709; 49636.2727452381; 47257.62; 4281.45
702; 0.186238694971327; 49252.6032056237; 46910.58; 4238.24
703; 0.188651388800386; 49012.579743542; 46677; 4171.26
704; 0.188217529659249; 48657.6325811084; 46395.78; 4047.67
705; 0.189572135111194; 48401.562251483; 46117.47; 4056.66
706; 0.195403432439972; 48069.7617610238; 45748.44; 3998.29
707; 0.193829466768347; 47832.7768072048; 45565.62; 3935.03
708; 0.194847657162352; 47617.6631836488; 45404.96; 3818.82
709; 0.197542669716141; 47299.3584784708; 45067.9; 3797.26
710; 0.197962074020794; 47061.3270598248; 44868.29; 3722.61
711; 0.199445793103982; 46741.2411420949; 44507.27; 3763.08
712; 0.204023140176621; 46508.1992953173; 44234.63; 3743.06
713; 0.201651646447242; 46145.4018612924; 43956.65; 3645.02
714; 0.202107892643403; 45849.47730325; 43673.52; 3614.87
715; 0.207331024594111; 45431.0166700143; 43250.26; 3530.39
716; 0.214208417404377; 45149.6718669699; 42906.92; 3513.11
717; 0.21369502581694; 44749.428585974; 42561.47; 3434.15
718; 0.221780589846694; 44219.6384269478; 42001.83; 3352.76
719; 0.223695011682848; 43806.489962335; 41637.91; 3248.89
720; 0.223343326708729; 43194.8798802856; 41084.95; 3164.74
721; 0.225409057030294; 42836.2443671568; 40719.31; 3144.99
722; 0.228748276253795; 42295.2167463779; 40173.84; 3104.44
723; 0.229704480392673; 41941.2109800952; 39818.44; 3092.41
724; 0.226211445754097; 41413.17484479; 39369.63; 3021.85
725; 0.228394065875461; 41160.1607557307; 39089.54; 3031.51
726; 0.22906784243691; 40889.6508427932; 38812.67; 3030.76
727; 0.225793317407464; 40755.0371973222; 38667.46; 3089.26
728; 0.230412277609328; 40682.4954332055; 38526.57; 3125.39
729; 0.235382915361191; 40596.922443598; 38422.34; 3085.01
730; 0.230740900236863; 40536.9596589811; 38393.37; 3101.36
731; 0.2316632596044; 40537.0525077059; 38393.25; 3089.03
732; 0.237776458116139; 40619.57730182; 38409.02; 3102.94
733; 0.233243226421151; 40653.0097124973; 38439.38; 3167.25
734; 0.233222379198184; 40607.2735567941; 38387.61; 3175.87
735; 0.229052006291688; 40496.4847166456; 38341.94; 3138.05
736; 0.229323071329524; 40419.5301534588; 38288.17; 3099.75
737; 0.234014203355107; 40349.1368048761; 38208.75; 3049.44
738; 0.243024423218025; 40308.0705138612; 38099.45; 3028.96
739; 0.245341782944596; 40217.0825635706; 38012.51; 2993.74
740; 0.240820097431925; 40104.8388981803; 37957.1; 2970.22
741; 0.245195359360982; 40044.327919276; 37899.45; 2912.34
742; 0.244966870320385; 40088.4707674895; 37944.75; 2912.58
743; 0.249007538717113; 40177.0774506667; 38010.17; 2895.32
744; 0.247924868027799; 40377.1894903646; 38163.41; 2969.85
745; 0.249296980297289; 40511.3864069199; 38302.58; 2945.77
746; 0.23924539136328; 40739.9851966756; 38585.54; 2992.87
747; 0.237604280318066; 40947.8646682926; 38793.08; 3012.89
748; 0.241190380740987; 41220.6997170927; 39021.67; 3028
749; 0.240804713115357; 41311.003512103; 39113.75; 3029.55
750; 0.24185610000153; 41310.7461415974; 39071.26; 3073.59
751; 0.241902170702468; 41220.9874838244; 39000.42; 3046.95
752; 0.244208967381716; 41025.5386405632; 38784.12; 3046.32
753; 0.244693339011213; 40788.2543679389; 38532.39; 3059.79
754; 0.25595104919971; 40290.53554116; 38020.71; 2943.13
755; 0.25571815296861; 39846.6589503186; 37644.43; 2857.37
756; 0.259221399938048; 39217.8988369323; 37039.5; 2787.47
757; 0.260290298100696; 38775.3346860547; 36626.49; 2737.25
758; 0.271931040920018; 38162.2679170825; 36000.14; 2635.2
759; 0.274240686478162; 37703.4941308264; 35589.05; 2554.18
760; 0.273165121475698; 37264.0917452496; 35172.51; 2535.32
761; 0.270960980063361; 36624.2503527592; 34601.45; 2470.73
762; 0.270756263508669; 36233.9682534639; 34239.72; 2436.55
763; 0.275190178109945; 35743.2315695802; 33672.68; 2488
764; 0.275688201824387; 35392.9080601375; 33303.74; 2504.89
765; 0.277026848436844; 34922.5902287988; 32811.99; 2518.12
766; 0.27214019273091; 34601.6951998109; 32495.94; 2557.21
767; 0.269674830780343; 34140.3406501438; 32083.73; 2520.44
768; 0.266960220984938; 33833.1447058593; 31788.56; 2531.26
769; 0.269197980711161; 33482.0840622843; 31373.5; 2588.63
770; 0.272596289908685; 33246.9488436135; 31131.83; 2564.12
771; 0.272253719925361; 32852.2351729112; 30766.53; 2530.61
772; 0.270941148503515; 32629.9237372855; 30557.52; 2525.62
773; 0.272532847850124; 32272.807357646; 30250.57; 2449.01
774; 0.278029649812999; 32046.2717088149; 30043.56; 2376.29
775; 0.280884863974943; 31725.4915470718; 29721.74; 2352.54
776; 0.283890833088202; 31495.5050570386; 29492.76; 2325.58
777; 0.280202411246377; 31085.9073574884; 29153.88; 2272.42
778; 0.271480939674554; 30823.4114506246; 28972.74; 2246.02
779; 0.271917473415172; 30474.5767894119; 28639.48; 2223.05
780; 0.274298942592672; 30273.1448162784; 28422.74; 2221.57
781; 0.269892460603014; 29954.9020139969; 28090.89; 2273.94
782; 0.27545577631755; 29769.1144377114; 27881.21; 2256
783; 0.274589622206272; 29395.1752774952; 27535.46; 2228.83
784; 0.274432371775381; 29200.2484945512; 27302.24; 2275.45
785; 0.284220622197806; 28895.3667204415; 26940.17; 2262.64
786; 0.286920318660044; 28690.2667363187; 26703.37; 2277.04
787; 0.287112349252026; 28318.1398088812; 26410.67; 2183.86
788; 0.294993466727361; 28132.9760948627; 26193.72; 2160.25
789; 0.288230424143112; 27749.2049743335; 25859.43; 2153.91
790; 0.287736243210656; 27574.9917299836; 25689.46; 2152.15
791; 0.298105294782121; 27335.963400169; 25431.07; 2098.09
792; 0.300848037209315; 27177.5660292265; 25301.13; 2047.45
793; 0.309704665675881; 26954.435178414; 25065.27; 2002.01
794; 0.31472570933629; 26815.7385087542; 24914.42; 1982.43
795; 0.315374548880248; 26587.8463919686; 24669.28; 1996.17
796; 0.317470270723869; 26335.9854964804; 24445.9; 1953.43
797; 0.318703367071723; 26140.3225641239; 24270.76; 1924.68
798; 0.320414130902003; 25908.4244027179; 24001.4; 1952.7
799; 0.316705627233525; 25699.0268830508; 23802.18; 1964.77
800; 0.302499158460873; 25405.905581857; 23597.51; 1960.87
801; 0.299993000301832; 25222.2056329373; 23419.48; 1970.36
802; 0.300873027441315; 24965.6520503251; 23194.39; 1929.63
803; 0.302265511344084; 24807.9554438439; 23035.82; 1920.89
804; 0.303728676548746; 24608.3180399812; 22864.61; 1880.25
805; 0.299720264987871; 24430.9203656551; 22701.51; 1889.29
806; 0.302221276509524; 24200.8849769159; 22505.05; 1836.81
807; 0.301245982138595; 24086.0129978127; 22388.34; 1844.46
808; 0.302318567416124; 23857.1131821721; 22182.43; 1812.68
809; 0.299719112765139; 23689.7421959894; 22076.21; 1761.3
810; 0.297850814383689; 23434.2299628868; 21830.98; 1760.66
811; 0.296372343150687; 23260.8395013681; 21674.26; 1750.54
812; 0.286134702792173; 22999.8438464391; 21450.09; 1770.52
813; 0.291461515291033; 22869.4746404783; 21326.57; 1729.98
814; 0.297569312520769; 22691.9648124098; 21178.66; 1661.43
815; 0.29833533780303; 22553.5948191643; 21055.41; 1640.29
816; 0.309566217808348; 22378.1979245271; 20829.34; 1633.88
817; 0.310062762037788; 22197.7643283575; 20672.04; 1606.64
818; 0.313990001390306; 22096.7515726858; 20564.39; 1593.19
819; 0.328880629860331; 21936.8058555847; 20383.83; 1541.22
820; 0.322786842094578; 21770.0369765032; 20226.51; 1560.41
821; 0.310844472314163; 21572.4625566846; 20023.8; 1625.28
822; 0.315558602114757; 21436.2783971671; 19906.78; 1580.73
823; 0.309380027271379; 21276.4382183139; 19737.53; 1621.8
824; 0.305668625322968; 21143.6648766668; 19657.41; 1584.92
825; 0.303313317492925; 20953.2498643237; 19467.41; 1596.73
826; 0.304134660630733; 20823.0587788284; 19351.12; 1577.52
827; 0.309629582077407; 20658.2075745078; 19210.18; 1524.5
828; 0.304792932575789; 20540.5636524084; 19127.55; 1511.39
829; 0.297413773432701; 20344.0974157819; 18978.28; 1497.01
830; 0.298275186944642; 20155.1198778447; 18828.55; 1449.7
831; 0.304274607215775; 20041.8826461773; 18697.1; 1439.93
832; 0.296813228707865; 19858.6103618825; 18538.23; 1448.64
833; 0.28772574278855; 19714.7554903629; 18403.02; 1483.89
834; 0.279917772015643; 19528.5352357257; 18260.68; 1473.59
835; 0.286343041991693; 19447.6639684815; 18148.9; 1475.26
836; 0.292079591293354; 19302.5143010323; 18027.06; 1419.96
837; 0.293027092624215; 19209.6887092462; 17917.72; 1433.88
838; 0.280494220641144; 18976.0724268634; 17743.73; 1429
839; 0.280280021665844; 18786.0528582262; 17601.7; 1375.38
840; 0.282251518284688; 18690.5476938424; 17526.81; 1342
841; 0.280259510888145; 18564.0459306822; 17435.5; 1312.15
842; 0.278578756170839; 18470.7463317469; 17379.08; 1276.64
843; 0.276204048444027; 18294.2007667072; 17210.56; 1277.82
844; 0.273473438227709; 18173.0370580568; 17103.94; 1272.97
845; 0.293356077590647; 18081.5199206497; 16944.14; 1262.16
846; 0.310703891521604; 18044.2091252407; 16847.44; 1253.63
847; 0.314389961590853; 17930.3390699667; 16669.25; 1305.18
848; 0.324238370083472; 17759.2887154167; 16495.05; 1268.41
849; 0.320412408693926; 17623.4572391454; 16379.33; 1262.81
850; 0.327112925072969; 17461.8957183134; 16192.74; 1261.5
851; 0.331218271891506; 17366.4892201702; 16094.37; 1248.49
852; 0.32885430903942; 17183.7147414258; 15963.03; 1206.31
853; 0.320607477686172; 17030.9488604942; 15864.14; 1182.46
854; 0.323562673461426; 16849.8164649883; 15694.26; 1160.06
855; 0.315329388353576; 16676.6027308758; 15542.64; 1167.84
856; 0.307527337245607; 16537.4138137563; 15425.07; 1174.41
857; 0.307750973880961; 16357.6403749296; 15269.87; 1147.37
858; 0.304805743997083; 16234.8985386431; 15156.53; 1148.22
859; 0.298194119567393; 16044.2906099297; 14966.85; 1172.44
860; 0.292264929893205; 15909.8920755382; 14838.22; 1189.55
861; 0.282690129423167; 15715.1088696906; 14677.89; 1190.07
862; 0.282328842728929; 15531.4322172461; 14467.12; 1222.48
863; 0.286657946238948; 15427.2497769324; 14361.95; 1204.9
864; 0.289253796156923; 15237.3338831409; 14177.91; 1187.23
865; 0.293029942006906; 15118.8541727546; 14026.99; 1207.58
866; 0.301808160201738; 14925.3204523189; 13850.63; 1153.79
867; 0.318143674395072; 14713.4743449488; 13648.72; 1084.18
868; 0.325307267885815; 14558.1034864894; 13521.48; 1032.09
869; 0.333406991658696; 14279.4014731415; 13329.47; 922.62
870; 0.32659070624787; 14084.0410822117; 13163.94; 912.12
871; 0.319335189272276; 13764.9910485667; 12889.74; 887.17
872; 0.323649902336412; 13581.8892148936; 12712.91; 868.9
873; 0.321817343661603; 13302.9243704864; 12432.42; 875.21
874; 0.321445767287627; 13021.757844401; 12153.58; 873.68
875; 0.323569683171533; 12874.5646229012; 11959.66; 914.48
876; 0.318573984921105; 12622.3167267357; 11684.11; 952.29
877; 0.311138860990106; 12454.0025837426; 11525.8; 964.46
878; 0.31865666757092; 12258.3271498883; 11317.21; 954.59
879; 0.307481182330933; 12054.3206800629; 11168.8; 930.66
880; 0.302667230318443; 11946.8788054731; 11086.47; 918.47
881; 0.289230197732923; 11788.4511732912; 10970.52; 913.48
882; 0.286581304960022; 11686.5316274612; 10893.36; 893.84
883; 0.287816274551319; 11566.9303796712; 10813.38; 845.38
884; 0.289122797428195; 11462.059246924; 10725.52; 822.4
885; 0.288927541814752; 11383.5806686816; 10647.88; 821.83
886; 0.298915826438234; 11298.9804492138; 10579.02; 777.22
887; 0.292844615284019; 11227.7273329221; 10508.65; 792.23
888; 0.304421931730799; 11164.7948944245; 10447.87; 759.72
889; 0.316426663268562; 11135.455866643; 10400.33; 749.33
890; 0.332019363612305; 11120.8408694629; 10369.11; 730.15
891; 0.332292167306511; 11072.4654652923; 10345.84; 705.07
892; 0.337002510861797; 11104.831950625; 10355.45; 716.87
893; 0.33297713245892; 11162.3914247141; 10403.61; 734.54
894; 0.319990077555725; 11238.9404729198; 10493.42; 750.87
895; 0.31440530136211; 11311.3563553291; 10563.74; 766.23
896; 0.299412247633082; 11449.0560672216; 10706.65; 798.86
897; 0.283070009253899; 11539.1618091675; 10800.41; 840.71
898; 0.294550994907038; 11740.9127977016; 10977.65; 834.61
899; 0.290947811124434; 11956.9029454378; 11155.61; 886.9
900; 0.286552839673299; 12079.1820984353; 11278.16; 900.05
901; 0.296119104059239; 12266.0806070772; 11413.41; 927.01
902; 0.295131802073086; 12385.0236909412; 11511.18; 953.05
903; 0.291483391412505; 12431.639458009; 11568.8; 952.67
904; 0.296780526490136; 12477.7677951648; 11603.65; 947.74
905; 0.295730509662555; 12464.8684580227; 11594.96; 946.4
906; 0.291149451293068; 12394.1042935528; 11527.23; 957.78
907; 0.289884891649255; 12244.7932770089; 11387.4; 951.28
908; 0.283168684551468; 12086.2356801726; 11255.71; 943.17
909; 0.281718795201223; 11824.2034100766; 11022.24; 915.3
910; 0.282299047282517; 11518.8842691886; 10744.29; 882.1
911; 0.284621899973164; 11296.7801221766; 10536.51; 858.58
912; 0.275650579649378; 10887.5172590857; 10192.08; 810.79
913; 0.276770677762436; 10605.3259608534; 9941.88; 770.26
914; 0.27187304009531; 10173.60729477; 9570.46; 712.75
915; 0.297128884610703; 9787.3092641027; 9176.4; 660.45
916; 0.302638370524848; 9514.35794518218; 8929.38; 620.8
917; 0.301007757473422; 9133.21324460173; 8559.24; 612.34
918; 0.292590178846987; 8754.35209334228; 8211.41; 595.8
919; 0.29834792187496; 8532.74792695059; 7994.28; 579.41
920; 0.291829625921036; 8210.43405467267; 7686.77; 575.99
921; 0.293328595241286; 7909.14910326817; 7388.2; 570
922; 0.282776573892321; 7686.11764166519; 7199.05; 552.76
923; 0.289741857742294; 7413.87407930054; 6924.17; 542.32
924; 0.29183670924971; 7220.56671599738; 6746.85; 520.78
925; 0.296335378960841; 6935.06000243112; 6484.36; 487.89
926; 0.30846779886698; 6671.0018013076; 6230.74; 457.8
927; 0.315012386077292; 6495.5568519813; 6055.54; 447.98
928; 0.314037988961882; 6229.02920212005; 5799.08; 439.03
929; 0.319525514213903; 5955.76304245959; 5533.53; 423.69
930; 0.30733460450243; 5735.82150225171; 5344.2; 408.52
931; 0.305791782115937; 5413.82389559691; 5041.86; 389.92
932; 0.305753869347525; 5064.66472178892; 4693.06; 389.54
933; 0.318352109573491; 4793.56623033362; 4439.47; 356.45
934; 0.312310944604386; 4336.60848282048; 4025.96; 318.72
935; 0.307436416075492; 3838.05091314111; 3568.06; 281.37
936; 0.324332155144566; 3507.45698710535; 3261.67; 242.77
937; 0.306609445317919; 3021.32694202377; 2808.63; 222.2
938; 0.309744860720097; 2570.27131567785; 2396.02; 180.17
939; 0.280690827983889; 2281.67811208863; 2157.94; 141.17
940; 0.243776605431828; 1941.22687069713; 1833.58; 141.39
941; 0.172108305698643; 1677.8995927449; 1605.61; 134.47
942; 0.1422747340293; 1560.43978573934; 1508.26; 117.4
943; 0.0984922026456546; 1443.02041475376; 1409.27; 109.68
944; 0.121927643974153; 1402.01185108008; 1365.7; 95.31
945; 0.13581183223286; 1397.60341155368; 1355.67; 98.8
946; 0.18590385789659; 1436.91899480837; 1367.17; 120.04
947; 0.213096569139604; 1495.85590967753; 1416.54; 119.07
948; 0.248610450350202; 1555.16754683241; 1464.94; 116.09
949; 0.303495565266286; 1645.90949952607; 1531.25; 120.83
950; 0.359432125294507; 1754.95314062311; 1619.57; 120.45
951; 0.348943584316679; 1818.19045911979; 1685.78; 121.33
952; 0.349611052403321; 1923.51966148759; 1779.47; 131.73
953; 0.387928698544871; 2036.17973054643; 1882.17; 126.91
954; 0.36474198543074; 2101.25823173865; 1946.94; 135.23
955; 0.321538293455154; 2199.92870306702; 2037.35; 161.59
956; 0.313243380047167; 2299.38429515009; 2124.29; 178.62
957; 0.28928625912253; 2356.35473403123; 2187.74; 186.23
958; 0.279097594454513; 2437.4936884712; 2247.3; 217.71
959; 0.300734692782742; 2521.61322360059; 2317.73; 216.56
960; 0.304368620311044; 2563.63415300259; 2360.09; 213.59
961; 0.295456810405419; 2622.76060038266; 2424.74; 214.04
962; 0.299523139291238; 2661.05922238264; 2474.76; 198.61
963; 0.334832873575321; 2689.80988760175; 2512.71; 168.87
964; 0.344113824541141; 2717.49432667034; 2535.92; 168.45
965; 0.405360788939078; 2746.23329256711; 2566.69; 141.38
966; 0.358143902066235; 2747.15843911967; 2577.83; 150.9
967; 0.314905013698226; 2739.08090865398; 2583.13; 158.04
968; 0.288616346703714; 2739.21469499751; 2579.15; 176.96
969; 0.290842756174011; 2737.4876773545; 2572.79; 180.67
970; 0.26470557742525; 2730.60380535091; 2561.66; 203.6
971; 0.252261035351078; 2727.8239270785; 2563.25; 208.09
972; 0.237771343068657; 2723.9842092734; 2558.88; 221.46
973; 0.257195954511188; 2736.1637176165; 2551.45; 229.02
974; 0.263866170845949; 2720.93549344328; 2528.64; 232.37
975; 0.293294724947383; 2712.19374819727; 2523.86; 204.72
976; 0.315702558212815; 2712.85619644782; 2511.8; 203.01
977; 0.27520062241324; 2682.51994243717; 2510.21; 199.57
978; 0.288577742236711; 2658.5415306237; 2482.35; 194.58
979; 0.298456040586501; 2624.62877844869; 2458.6; 177.27
980; 0.298771938368072; 2585.40387626181; 2444.27; 150.51
981; 0.329381597287298; 2557.42885634839; 2419.05; 133.84
982; 0.281804005856178; 2509.5645519388; 2367.4; 160.7
983; 0.286351549106251; 2481.45058349221; 2336.46; 161.27
984; 0.314523976759899; 2440.71394480748; 2282.81; 159.88
985; 0.283407765556282; 2388.42596417093; 2251.06; 154.34
986; 0.27445304779069; 2343.42787987655; 2207.6; 157.57
987; 0.260340038831869; 2323.90557130749; 2186.34; 168.22
988; 0.25088483734879; 2286.45776292013; 2145.24; 179.17
989; 0.243117651910157; 2234.48087252848; 2108.12; 165.42
990; 0.230957083234469; 2202.58518234207; 2081.64; 166.65
991; 0.217048541365785; 2157.37414274766; 2041.03; 170.56
992; 0.229758380883951; 2117.8670815838; 1997.25; 167.02
993; 0.220613987241447; 2069.96700271688; 1966.49; 149.21
994; 0.20606843820667; 2032.96371555666; 1939.72; 143.93
995; 0.169668125650029; 1971.32335592631; 1900.4; 132.95
996; 0.233932833129568; 1951.74953541524; 1864.41; 118.73
997; 0.216133709780101; 1902.57483851891; 1824; 115.6
998; 0.243995247698475; 1883.51956360458; 1807.07; 99.62
999; 0.236736543729358; 1840.58652416184; 1765.18; 101.26
1000; 0.217203770896004; 1794.03767772449; 1720.09; 108.22
1001; 0.258519954833968; 1774.96620238828; 1685.52; 109.97
1002; 0.294338738606765; 1739.05959781352; 1645.32; 101.21
1003; 0.221336895779314; 1687.4210043915; 1611.79; 108.58
1004; 0.210347182167713; 1645.60902755708; 1578.38; 101.55
1005; 0.185074463328725; 1610.62152509934; 1549.12; 105.57
1006; 0.233881497496614; 1580.57286884184; 1516.9; 86.48
1007; 0.295362205077244; 1548.35837548129; 1481.6; 71.79
1008; 0.294505962929784; 1511.06098500513; 1453.64; 61.92
1009; 0.288500712461804; 1488.05725479556; 1434.1; 59.39
1010; 0.352727501273298; 1454.62289932531; 1395.29; 53.41
1011; 0.479704605498459; 1435.08498522033; 1360.61; 49.29
1012; 0.429601896515261; 1398.94663337614; 1324.04; 55.35
1013; 0.353292773441399; 1374.85645029637; 1288.94; 77.19
1014; 0.361925893282254; 1342.98311445447; 1240.43; 89.93
1015; 0.347933501720582; 1310.84168918181; 1208.26; 93.56
1016; 0.404121280089865; 1278.01108614388; 1185.47; 72.66
1017; 0.415221524454098; 1255.22916178183; 1156.76; 75.24
1018; 0.425400153008095; 1226.28268870705; 1123.75; 76.46
1019; 0.466232463933382; 1197.98767304958; 1094.23; 70.59
1020; 0.404263929293491; 1153.98566811378; 1067.91; 67.53
1021; 0.403224919885322; 1144.3283907969; 1061.87; 64.85
1022; 0.396230743422593; 1109.70502008219; 1032.33; 61.92
1023; 0.330691329655907; 1080.7078172132; 995.4; 81.79
1024; 0.381814304142117; 1050.3593837033; 986.13; 53.33
1025; 0.295657552285941; 1023.10387466854; 973.1; 53.61
1026; 0.29295396872259; 998.256422325609; 952.67; 49.32
1027; 0.295268688975522; 968.945955397872; 934.38; 37.1
1028; 0.200277504979449; 933.472593929311; 908.57; 39.4
1029; 0.252957520367607; 918.814804179502; 890.68; 35.24
1030; 0.319928477922661; 890.441162047907; 861.62; 28.54
1031; 0.309711613964547; 868.789847161984; 834.97; 34.59
1032; 0.352171335201478; 847.399148299589; 813.72; 30.29
1033; 0.381501335392541; 826.006422852768; 789.35; 30.43
1034; 0.436246893995615; 819.007977282766; 780.6; 27.88
1035; 0.422819077977929; 794.912586870546; 755.68; 29.38
1036; 0.565314421751342; 776.336188195923; 748.41; 15.64
1037; 0.517630881401912; 764.486571732985; 732.52; 19.55
1038; 0.429862038265342; 753.579201214133; 727.94; 18.88
1039; 0.0128608201101222; 753.052742325301; 755.57; -61.95
1040; 0.8743105835079; 732.579296486603; 691.58; 14.84
1041; 0.304599216607128; 732.579296486603; 681.33; 53.24
