# 16/03/2019 14:39:05
# NanoCalc data
# Original file name: C:\SVA_DATA\StudentProjects\2018_Nathan\PS_160319\PSswelling_16_03_19_568.dat
# Fit Result : Fitness; Thickness 1; Thickness 2; Thickness 3 
# Fit Result : 8.6367316998101; 2; 291.6; -1
# comment:PS id: 348 slowslow swelling at 13:07
#
# WaveLength; Reflectance; Raw Intensity; Dark Intensity; Reference Intensity
400; 0.109228112884507; 4240.97691530939; 4128.73; 498.3
401; 0.0811961772286812; 4363.89049914568; 4281.21; 491.63
402; 0.0560672567405703; 4449.31075437745; 4392.47; 487.32
403; 0.0602999819590459; 4556.08281621351; 4494.68; 487.45
404; 0.049802611559161; 4666.27160969083; 4615.44; 486.53
405; 0.0239689407489001; 4815.64131355536; 4790.2; 504
406; 0.0312597269789144; 4926.19543686238; 4891.23; 529.04
407; 0.0431066245436664; 5054.08614114417; 5004.66; 540.18
408; 0.0254993749645094; 5132.95641858056; 5101.67; 575.74
409; 0.0120001040966056; 5235.0477819091; 5219.95; 588.19
410; 0.000928615478995776; 5377.42902602745; 5376.23; 601.39
411; -0.00134683787421055; 5470.82323495847; 5472.62; 619.16
412; -0.0218068688434043; 5544.26244193203; 5572.99; 609.24
413; -0.0249032352821734; 5623.00733517392; 5656.11; 612.69
414; -0.0253570205939207; 5764.1108710678; 5797.98; 613.59
415; -0.0284397371285897; 5847.79141932875; 5886.56; 624.16
416; -0.0372964097318549; 5920.14837540744; 5971.21; 624.77
417; -0.0326590720728352; 6022.62016463426; 6067.74; 628.37
418; -0.0203254763743522; 6174.08637809809; 6202.36; 630.58
419; -0.0154073448659486; 6289.23465480889; 6310.91; 635.83
420; -0.00634431688895253; 6414.08841398889; 6423.12; 641.48
421; -0.00239835004601213; 6550.00275812493; 6553.44; 643.92
422; 0.0307239941478657; 6764.81883749923; 6719.62; 659.04
423; 0.0431663384605038; 6892.76290759609; 6825.99; 690.92
424; 0.0676468305630262; 7063.34523887225; 6954.73; 715.03
425; 0.0756720175222694; 7223.81869880528; 7100.68; 722.7
426; 0.101971407144328; 7471.92169643924; 7291.52; 783.57
427; 0.115001886622384; 7650.82358607641; 7441.53; 803.85
428; 0.136056147566431; 7838.08079652124; 7580.19; 834.93
429; 0.143603547966661; 7994.73504843061; 7715.94; 853.06
430; 0.138398541019812; 8223.82616593397; 7945.72; 880.75
431; 0.141315527699503; 8380.37031058352; 8084.29; 916.06
432; 0.157913692898802; 8528.91543490753; 8199.59; 909.55
433; 0.158033316317214; 8654.56739187331; 8310.91; 946.14
434; 0.165803217651678; 8850.7890927247; 8484.39; 959.16
435; 0.175511278364588; 8990.58391328676; 8602.52; 957.61
436; 0.17723552912003; 9084.02251372814; 8688.3; 964.91
437; 0.176216982930119; 9206.16606654726; 8807.31; 975.92
438; 0.197696153801312; 9423.8427464234; 8973.36; 980.21
439; 0.207739609986243; 9541.84197525235; 9055.15; 1005.5
440; 0.211179121228197; 9667.97744404068; 9166.34; 1017.16
441; 0.212874575596962; 9794.68732476113; 9282.43; 1028.13
442; 0.221945701698789; 9994.26559486119; 9458.75; 1028.56
443; 0.230956090083632; 10131.0644632849; 9583.99; 1007.55
444; 0.231181679010702; 10299.6531860712; 9747.02; 1014.57
445; 0.230080391497979; 10437.1853725984; 9884.78; 1016.71
446; 0.238479814770542; 10658.8127677558; 10083.61; 1019.05
447; 0.235664814087206; 10844.8107828979; 10250.15; 1063.82
448; 0.233170280137414; 11035.1044248191; 10438.6; 1076.19
449; 0.238745825505621; 11359.2966293223; 10729.27; 1107.78
450; 0.239827933155557; 11570.7671846052; 10918.08; 1140
451; 0.236782380748159; 11769.8866260243; 11119.59; 1148.12
452; 0.231020480373646; 11969.3173777944; 11317.34; 1177.39
453; 0.234932289213746; 12344.1892000269; 11649.5; 1231.2
454; 0.23346780856495; 12610.3097397052; 11910.85; 1244.96
455; 0.231191950223939; 12844.3992403858; 12145.22; 1254.26
456; 0.233182846098598; 13107.4675558614; 12401.32; 1253.51
457; 0.233136495144541; 13502.898167522; 12779.62; 1281.75
458; 0.233451871881332; 13811.7394364087; 13057.99; 1331.39
459; 0.240664472263025; 14091.7633231325; 13298.95; 1355.89
460; 0.244686643597447; 14392.8083526591; 13561.85; 1395.15
461; 0.247287598479679; 14779.6607264482; 13933.24; 1403.55
462; 0.247588485712885; 15014.9793158871; 14137.18; 1451.1
463; 0.249382640743193; 15251.5477619147; 14347.89; 1480.41
464; 0.244120368553945; 15611.731594184; 14697.65; 1526.98
465; 0.242474044587134; 15863.0339439862; 14948.09; 1536.14
466; 0.234617386851979; 16111.4965107705; 15217.68; 1548.2
467; 0.227110988078355; 16361.4217454374; 15491.31; 1554.34
468; 0.225152692439424; 16899.7334631286; 16005.76; 1608.14
469; 0.223605734337845; 17261.2992461557; 16367.5; 1616.28
470; 0.216187107834283; 17612.4263133371; 16726.43; 1654.44
471; 0.208712346403475; 18046.1486709957; 17152.92; 1724.85
472; 0.201491490679117; 18757.5959669456; 17848.48; 1815.49
473; 0.202009728281926; 19277.3104214192; 18337.26; 1869.44
474; 0.197490432839478; 19802.7973126698; 18857.85; 1919.08
475; 0.192854832627783; 20717.7333601592; 19747.25; 2015.09
476; 0.185795065035293; 21292.2540809719; 20330.81; 2068.81
477; 0.174765446114599; 21921.7434753888; 21002.14; 2100.32
478; 0.167736929839165; 22671.7762189257; 21749.8; 2190.43
479; 0.162021279489996; 23778.8367334038; 22855.75; 2266.9
480; 0.154135061335836; 24550.1666326229; 23642.88; 2338.44
481; 0.155031041711336; 25316.6782959158; 24387.3; 2377.96
482; 0.142139426123099; 26466.1857973352; 25566.6; 2506.71
483; 0.135534729290636; 27234.8953135546; 26359.04; 2555.76
484; 0.128375586682068; 27984.906698743; 27132.3; 2622.74
485; 0.123148298601783; 28745.0252412415; 27904.38; 2691.67
486; 0.116371533760202; 29724.5852492718; 28891.56; 2818.29
487; 0.109283721626864; 30369.4536049089; 29557.13; 2922.08
488; 0.098530531225306; 30967.9518944669; 30228.25; 2946.77
489; 0.0917529353887402; 31526.4912714596; 30828.85; 2980.24
490; 0.0881007067102526; 32363.7564832024; 31675.19; 3059.02
491; 0.083771977960615; 32860.2585664716; 32202.1; 3071.01
492; 0.0766946259728833; 33301.7820674458; 32681.91; 3155.14
493; 0.0698168581185454; 33938.3497676043; 33367.32; 3188.82
494; 0.0625953301016096; 34324.5763751259; 33806.15; 3225.04
495; 0.0567154003615616; 34707.1908328452; 34237.31; 3222.06
496; 0.049239595115384; 35221.1233085039; 34809.18; 3249.64
497; 0.0437654044380106; 35539.5992591048; 35171.51; 3262.86
498; 0.0390602363170178; 35861.7410729791; 35529.07; 3300.04
499; 0.0258087260172072; 36178.3053748618; 35957.07; 3317.25
500; 0.0239263738320449; 36661.7902855582; 36455.96; 3324.93
501; 0.016730296138857; 36966.5390675367; 36819.54; 3391.56
502; 0.0118351003172617; 37281.0218923615; 37176.1; 3417.51
503; 0.00829071839061058; 37740.8281679365; 37664.75; 3532.88
504; 2.88890665667949E-05; 38078.8951303025; 38078.63; 3528.83
505; 0.00046076748074911; 38497.0964475371; 38492.74; 3631.1
506; -0.00990921617024989; 38845.4092982598; 38939.42; 3639.21
507; -0.0152135965783983; 39397.0537174134; 39542.79; 3670.33
508; -0.0256374039122533; 39733.4048151086; 39980.31; 3685.74
509; -0.0321346014854961; 40121.6350280805; 40433.11; 3705.42
510; -0.0434157671473589; 40693.1888595218; 41112.62; 3688.99
511; -0.0475259759923981; 41106.4553134215; 41570.54; 3724.49
512; -0.0464246326224093; 41546.1335293363; 42009.35; 3801.38
513; -0.0483281604588515; 42168.0324866874; 42653.8; 3825.15
514; -0.0466726297510144; 42610.7555847; 43089.63; 3900.16
515; -0.0476270329161076; 43082.9534020058; 43574.42; 3918.1
516; -0.0451848999706993; 43484.0341581017; 43959.13; 3987.71
517; -0.0363680429586137; 44215.2548408229; 44608.66; 4097.84
518; -0.035353852841876; 44701.0869145129; 45093.66; 4201.72
519; -0.0346631754636742; 45196.7373952669; 45585.82; 4242.52
520; -0.0394316748594808; 45911.2813034157; 46354.32; 4241.93
521; -0.0422864784799967; 46358.9355233197; 46836.25; 4257.03
522; -0.0416648549055479; 46814.5926786561; 47290.23; 4300.76
523; -0.0365779882626712; 47527.9435576603; 47955.64; 4400.48
524; -0.0398159224242152; 48002.9388385292; 48473.51; 4443.21
525; -0.042219062445359; 48420.1965499369; 48920.91; 4454.13
526; -0.0436127920850512; 49027.5226365258; 49544.96; 4451.22
527; -0.0399477689066097; 49439.4353329094; 49917.2; 4482.6
528; -0.0373064716079902; 49785.2228450596; 50237.52; 4539.52
529; -0.0361261882345751; 50141.3363029033; 50576.77; 4508.6
530; -0.0354998960369739; 50563.4411638091; 50993.65; 4528.72
531; -0.0270989656091672; 50840.5925925202; 51174.87; 4605.53
532; -0.0225176970571416; 51065.5875973358; 51347.43; 4668.84
533; -0.0119226142676299; 51425.9297581341; 51578.11; 4756.79
534; -0.00561679765992862; 51649.7953063558; 51722.03; 4788.33
535; -0.00725619827901344; 51791.5277035446; 51885.84; 4834.27
536; -0.000142091710975548; 52095.2208798089; 52097.07; 4835.29
537; 0.00274815721409004; 52301.1489658919; 52264.71; 4921.33
538; 0.00462889096917599; 52505.8987493889; 52444.34; 4930.62
539; 0.00785496129510169; 52871.3792762571; 52766.82; 4930.26
540; 0.0150117430967926; 53150.9720062889; 52950.34; 4945.18
541; 0.0203902795832929; 53432.9700799052; 53157.19; 5000.24
542; 0.0285006254659679; 53889.8702098693; 53506.74; 4965.7
543; 0.0378625494806183; 54243.0466235077; 53737.46; 4928.71
544; 0.044639595324001; 54599.300279824; 54002.84; 4927.96
545; 0.0579310032128047; 55175.8072738479; 54398.29; 4945.97
546; 0.0685772992294467; 55595.7074795982; 54667.39; 4984.42
547; 0.0754374613283193; 55977.2333506591; 54963; 4946.21
548; 0.0817247151521934; 56584.944901668; 55485.77; 4943.89
549; 0.0876365410707964; 56959.1064398474; 55780.6; 4938.83
550; 0.0938164302715976; 57355.6478141834; 56082.81; 4978.56
551; 0.0964831013102558; 57750.6309192279; 56442.1; 4972.49
552; 0.107263280932765; 58370.2525263133; 56912.56; 4978.37
553; 0.114329760183214; 58726.6013392921; 57170.85; 4980.75
554; 0.118385100300645; 59093.1271721481; 57462.94; 5035.98
555; 0.121937343897681; 59612.2795154315; 57899.63; 5132.21
556; 0.124045566164; 59961.9793559443; 58218.74; 5130.57
557; 0.124243297934445; 60312.3026867532; 58560.38; 5143.51
558; 0.128007282186039; 60920.1131043144; 59102.67; 5174.53
559; 0.132459463961685; 61392.8878652547; 59482.74; 5251.16
560; 0.134395420611779; 61884.9084954533; 59907.96; 5351.9
561; 0.135263598016497; 62705.3318203204; 60680.51; 5441.76
562; 0.137120215434061; 63317.1327278917; 61275.73; 5407.36
563; 0.140767760996335; 63971.255788582; 61881.59; 5387.39
564; 0.151546008954392; 65055.5031312474; 62777.77; 5450.16
565; 0.158248458743929; 65734.7620948343; 63329.69; 5507.06
566; 0.159885663130591; 66320.5865265914; 63858.49; 5575.79
567; 0.16018668026766; 67100.1207286629; 64591.04; 5667.63
568; 0.159736255574973; 67440.5720429816; 64947.29; 5643.95
569; 0.163093885022901; 67719.5657586815; 65185.62; 5613.9
570; 0.165448585701988; 67916.2497769683; 65338.74; 5625.12
571; 0.168379369941218; 67963.4087950885; 65313.57; 5677.94
572; 0.165192478922175; 67885.0470915073; 65256.1; 5737.27
573; 0.170662149115777; 67709.6587999271; 65014.32; 5689.09
574; 0.172633950240852; 67503.440373314; 64809.91; 5615.69
575; 0.173919716581228; 67157.9159773344; 64479.72; 5538
576; 0.17664392389763; 67054.4595716015; 64344.84; 5512.29
577; 0.175581130006902; 66888.6257212694; 64163.52; 5573.02
578; 0.183369179956187; 66752.2837736237; 63925.39; 5531.34
579; 0.185387852014348; 66639.0891449705; 63786.68; 5516.34
580; 0.190045168132315; 66556.5101328075; 63688.94; 5405.68
581; 0.189484437218117; 66367.6378709148; 63511.61; 5396.07
582; 0.193510058266001; 66324.7357706924; 63395.76; 5414.97
583; 0.197547837666071; 66297.4832522761; 63297.12; 5429.9
584; 0.201529623675387; 66202.4549970285; 63141.9; 5425.87
585; 0.20384672352462; 66143.3419460269; 63062.85; 5395.63
586; 0.208776244333779; 66102.6261032075; 62944.34; 5397.76
587; 0.209283697815631; 65980.5961975423; 62792.76; 5431.66
588; 0.211852149816509; 65916.5852991733; 62654.36; 5487.59
589; 0.212187225327266; 65855.9594667258; 62566.82; 5520.82
590; 0.215577087833592; 65866.0166350298; 62512.58; 5536.76
591; 0.216422550164416; 65883.8409676356; 62505.81; 5552.09
592; 0.219159250650207; 65951.2849279815; 62513.67; 5575.96
593; 0.221333082270717; 66061.5105107206; 62611.92; 5536.94
594; 0.219298574732173; 66135.084439678; 62693.31; 5572.13
595; 0.220277039184345; 66434.1947651001; 62989.14; 5549.16
596; 0.219212326960865; 66668.8802935422; 63234.76; 5554.9
597; 0.219942548075006; 67037.5782311239; 63610.07; 5522.3
598; 0.216209373855168; 67547.6390303216; 64126.97; 5602.89
599; 0.21719861433986; 68010.2621066062; 64545.09; 5646.35
600; 0.215574261058129; 68525.0629266523; 65063.58; 5679.23
601; 0.213303816644789; 69433.4487388434; 65916.6; 5827.78
602; 0.213897857070668; 70157.176953167; 66585.74; 5898.21
603; 0.217323307659544; 70886.7112130969; 67192.33; 6001.26
604; 0.218073042513315; 71902.272523721; 68063.31; 6210.72
605; 0.221997658837414; 72559.0952987658; 68568.75; 6337.63
606; 0.223425610931429; 73229.7015589927; 69197.15; 6359.84
607; 0.224169303565858; 73986.7041356204; 69914.96; 6396.43
608; 0.223741783924326; 74398.0963972528; 70317.9; 6418.02
609; 0.223718639672909; 74855.8937152779; 70777.29; 6412.24
610; 0.221880008129101; 74970.6581496394; 70888.42; 6467.16
611; 0.220927156446391; 75074.9713051864; 71003.56; 6474.02
612; 0.216957897239521; 75023.047411779; 71007.29; 6498.34
613; 0.211793636298028; 74899.763638772; 70998.27; 6463.39
614; 0.208801442175674; 74662.0748070566; 70832.33; 6431.65
615; 0.204780355622326; 74180.7017972009; 70445.1; 6392.96
616; 0.202850579792948; 73809.8602949706; 70072.58; 6452.68
617; 0.20138209482094; 73144.7431299408; 69438.15; 6442.73
618; 0.199899517746738; 72689.0037119357; 69078.18; 6319.07
619; 0.198071513094577; 72194.7461766534; 68627.06; 6297.82
620; 0.196279268019702; 71496.6365553594; 68049.15; 6137.91
621; 0.196719390719919; 70974.4548579723; 67566.24; 6051.33
622; 0.196009986146931; 70510.3783216276; 67148.78; 5987.11
623; 0.196168745686108; 69842.8135351825; 66516.87; 5915.96
624; 0.196734059767298; 69422.5127205835; 66173.83; 5759.15
625; 0.195319406824355; 68828.1176516951; 65647.4; 5676.76
626; 0.192007245017673; 68436.7667824762; 65330.01; 5637.68
627; 0.187149602970961; 68037.1489982256; 65052.88; 5553.44
628; 0.179726095303749; 67389.8846240502; 64518.76; 5560.88
629; 0.174691146472442; 67025.2341035574; 64241.88; 5543.73
630; 0.173639013773378; 66703.9348704629; 63905.68; 5604.62
631; 0.171429457578099; 66227.147644776; 63476.06; 5578.78
632; 0.172130464719852; 65944.5680436157; 63179.09; 5582.73
633; 0.171638797705734; 65481.5782228924; 62767.42; 5492.47
634; 0.171106208166091; 65182.8484049894; 62514; 5415.11
635; 0.173314407049953; 64922.7608079842; 62254.26; 5342.51
636; 0.176003126570682; 64628.9994503731; 61987.01; 5205.79
637; 0.175373199675579; 64397.1336137739; 61764.54; 5202.77
638; 0.173746270276206; 64150.9307802892; 61555.63; 5173.97
639; 0.164024678147687; 63763.7721015669; 61337.24; 5121.28
640; 0.158251301796636; 63532.8820862413; 61186.77; 5129.09
641; 0.148306308067547; 63143.2885839445; 60926.44; 5168.8
642; 0.1465824204997; 62956.1813321149; 60738.15; 5229.66
643; 0.139382682651955; 62750.1981051534; 60655.06; 5192.52
644; 0.134900118270441; 62426.4578202113; 60375.33; 5249.78
645; 0.132337369895664; 62210.9012919399; 60187.65; 5276.42
646; 0.127927805499181; 61889.5125634698; 59942.03; 5251.45
647; 0.128982311521076; 61720.0672382891; 59767.67; 5219.54
648; 0.124043117803505; 61450.5109401855; 59567.72; 5231.75
649; 0.12191983600982; 61188.9108438128; 59337.46; 5231.98
650; 0.117290312312071; 60948.3169116782; 59168.18; 5226.73
651; 0.114438158506906; 60679.2612546259; 58909.88; 5322.15
652; 0.113316472698512; 60531.3912046406; 58799.62; 5257.98
653; 0.107860017253486; 60360.6650800876; 58744.82; 5151.64
654; 0.101559561889853; 60134.1449277675; 58622.74; 5115.21
655; 0.0960929013691551; 59968.9306817377; 58553.86; 5059.56
656; 0.0932848136926885; 59755.4875269385; 58381.47; 5058.59
657; 0.0901794754041452; 59589.6713072817; 58256.17; 5076.7
658; 0.0880574135421828; 59469.8355572523; 58185.35; 5006.18
659; 0.084805931478942; 59270.7428421004; 58052.77; 4926.93
660; 0.0822605347093916; 59126.3598132562; 57954.92; 4883.32
661; 0.081272408914814; 58917.8804366802; 57747.73; 4934.5
662; 0.0818296542094102; 58797.4542775227; 57625.64; 4905.27
663; 0.0798394415197512; 58661.4313930007; 57524.13; 4876.89
664; 0.0775956659929663; 58509.7063158346; 57417.09; 4818.06
665; 0.0733858643805889; 58358.709369085; 57335.16; 4770.59
666; 0.0728667947135694; 58210.6368028526; 57198.04; 4751.34
667; 0.0667690902956215; 58018.069729229; 57082.23; 4790.65
668; 0.0609333823211557; 57790.599699035; 56937.17; 4785.78
669; 0.0579229466865668; 57544.3862430898; 56731.7; 4792.32
670; 0.0544813793458241; 57366.8061517872; 56601.69; 4794.97
671; 0.0479952927669804; 57070.5331452174; 56396.69; 4790.96
672; 0.0443782348345868; 56876.2746047265; 56255.13; 4773.54
673; 0.0395012643356862; 56674.7045403127; 56121.1; 4776.93
674; 0.0306458647409645; 56291.026323742; 55860.44; 4786.34
675; 0.0272607283148405; 56024.7963422273; 55641.32; 4789.86
676; 0.0258017404640945; 55645.6588194611; 55281.89; 4798.49
677; 0.0256163268734419; 55389.942597646; 55029.44; 4788.26
678; 0.0215618365004165; 54950.4013776865; 54649.42; 4747.72
679; 0.0215854135618062; 54670.5482746116; 54370.61; 4724.41
680; 0.0192663489397724; 54321.3597614236; 54053.07; 4733.02
681; 0.0191182516802946; 53820.5801075541; 53553.6; 4744.7
682; 0.0142461950457274; 53461.2808352194; 53266; 4655.54
683; 0.0167111223197144; 53090.4441793907; 52864.11; 4598.17
684; 0.0147360490589211; 52807.6765625368; 52608.7; 4582.53
685; 0.00540742485982519; 52309.4257901815; 52237.34; 4522.46
686; 0.00584745369833269; 51992.192221439; 51913.98; 4535.94
687; 0.00229644130134889; 51680.1460154705; 51649.53; 4519.43
688; -0.00284546398164554; 51258.4423814899; 51295.5; 4413.25
689; -0.00785927592847681; 50969.2556903339; 51070.3; 4355.19
690; -0.0107984801893515; 50561.4487269054; 50699.74; 4336.51
691; -0.0163795904653232; 50205.6167336565; 50413.55; 4296.94
692; -0.0169874973935835; 49913.8217025675; 50130.14; 4308.56
693; -0.0121302335298551; 49540.3921602651; 49696.67; 4357.39
694; -0.0160753238825131; 49259.9694187436; 49465.93; 4331.64
695; -0.017159665922921; 48816.5975730428; 49036.92; 4339.05
696; -0.0180452640406593; 48531.8247181364; 48764.73; 4359.91
697; -0.017302276199733; 48145.6471219153; 48370.16; 4381.3
698; -0.0148957775843328; 47885.17583865; 48079.54; 4403.87
699; -0.0136057225771508; 47543.0289979953; 47719.76; 4382.3
700; -0.0171714855404927; 47247.8230582498; 47469.65; 4356.59
701; -0.0220836116050799; 46977.1721651316; 47257.62; 4281.45
702; -0.025551555597175; 46589.2593627523; 46910.58; 4238.24
703; -0.0265624898026316; 46348.1457386263; 46677; 4171.26
704; -0.0349686343298252; 45975.5540201992; 46395.78; 4047.67
705; -0.0327855749160564; 45722.4474003851; 46117.47; 4056.66
706; -0.0371936837928807; 45306.5925540112; 45748.44; 3998.29
707; -0.044671158083465; 45043.1167819744; 45565.62; 3935.03
708; -0.0560187085346227; 44768.8077540678; 45404.96; 3818.82
709; -0.0554221309710104; 44441.8469845786; 45067.9; 3797.26
710; -0.0594707300679806; 44209.4692856837; 44868.29; 3722.61
711; -0.0564791821615352; 43874.6526802042; 44507.27; 3763.08
712; -0.0538102503388141; 43634.9856026157; 44234.63; 3743.06
713; -0.0658418852423841; 43241.9940504243; 43956.65; 3645.02
714; -0.0643773049176476; 42980.4136350434; 43673.52; 3614.87
715; -0.0638528780556918; 42578.6403521824; 43250.26; 3530.39
716; -0.0605667991375743; 42272.7885149344; 42906.92; 3513.11
717; -0.0629380879752476; 41917.065997409; 42561.47; 3434.15
718; -0.0621185100416893; 41380.6441913811; 42001.83; 3352.76
719; -0.0654201516047498; 41003.7035023418; 41637.91; 3248.89
720; -0.0641734137038772; 40478.7021882159; 41084.95; 3164.74
721; -0.0580053757270125; 40174.5511736506; 40719.31; 3144.99
722; -0.0571752706398274; 39643.6052301929; 40173.84; 3104.44
723; -0.0564769554284453; 39296.5187826921; 39818.44; 3092.41
724; -0.0635620422622516; 38795.4243785455; 39369.63; 3021.85
725; -0.0599183512624232; 38546.3201869214; 39089.54; 3031.51
726; -0.0591705915148938; 38276.1643791073; 38812.67; 3030.76
727; -0.0567522268798135; 38142.7560092359; 38667.46; 3089.26
728; -0.0533241946134124; 38027.6252885243; 38526.57; 3125.39
729; -0.0562440030707927; 37902.7304036631; 38422.34; 3085.01
730; -0.0565613773484194; 37867.9131631005; 38393.37; 3101.36
731; -0.0506048476269675; 37924.9547708384; 38393.25; 3089.03
732; -0.0471332467792734; 37970.83220104; 38409.02; 3102.94
733; -0.0452046431478733; 38010.3585756681; 38439.38; 3167.25
734; -0.0432219377768397; 37976.2508479876; 38387.61; 3175.87
735; -0.0473422472390376; 37896.6219680195; 38341.94; 3138.05
736; -0.0479241646179452; 37842.7562251787; 38288.17; 3099.75
737; -0.0461870641522775; 37786.3047755215; 38208.75; 3049.44
738; -0.044279103227401; 37697.0388578257; 38099.45; 3028.96
739; -0.043616653788843; 37620.5829621201; 38012.51; 2993.74
740; -0.0434167572058536; 37569.8903805445; 37957.1; 2970.22
741; -0.0448008203183329; 37507.5490663254; 37899.45; 2912.34
742; -0.047782554973113; 37526.6018018963; 37944.75; 2912.58
743; -0.0459987498005907; 37609.8807791283; 38010.17; 2895.32
744; -0.0413974907369616; 37793.7620632074; 38163.41; 2969.85
745; -0.0393676388851536; 37953.7771669647; 38302.58; 2945.77
746; -0.0388279099444475; 38235.8881066026; 38585.54; 2992.87
747; -0.037863476982474; 38449.7038639267; 38793.08; 3012.89
748; -0.035715795633002; 38696.0347249725; 39021.67; 3028
749; -0.0317231589063427; 38824.287964892; 39113.75; 3029.55
750; -0.0247288096119003; 38842.2815850512; 39071.26; 3073.59
751; -0.0245842414021795; 38774.746262085; 39000.42; 3046.95
752; -0.0216985920153406; 38584.9642149418; 38784.12; 3046.32
753; -0.0142698586476558; 38400.8340459685; 38532.39; 3059.79
754; -0.0156580900905449; 37881.8508981349; 38020.71; 2943.13
755; -0.0184565440414246; 37485.483381862; 37644.43; 2857.37
756; -0.0172287175407201; 36894.716358443; 37039.5; 2787.47
757; -0.0173047267209274; 36483.6296232236; 36626.49; 2737.25
758; -0.0205539644334251; 35836.7151105211; 36000.14; 2635.2
759; -0.0180221686242471; 35450.0958967206; 35589.05; 2554.18
760; -0.0143368534062115; 35062.7350012492; 35172.51; 2535.32
761; -0.0147580865463504; 34491.2767098642; 34601.45; 2470.73
762; -0.00939322000253301; 34170.5344811067; 34239.72; 2436.55
763; 0.0031777532096933; 33696.5896538302; 33672.68; 2488
764; 0.0124021802545911; 33397.7238509319; 33303.74; 2504.89
765; 0.0236349055981788; 32992.0586014537; 32811.99; 2518.12
766; 0.0311561612434329; 32737.0188641183; 32495.94; 2557.21
767; 0.0266297408057336; 32286.8153542882; 32083.73; 2520.44
768; 0.0277629645954103; 32001.1899288773; 31788.56; 2531.26
769; 0.0287245053719348; 31598.494385412; 31373.5; 2588.63
770; 0.0261775371151168; 31334.9457579222; 31131.83; 2564.12
771; 0.0250992211768801; 30958.8123146696; 30766.53; 2530.61
772; 0.0247217601778835; 30746.6144526806; 30557.52; 2525.62
773; 0.0190165813699858; 30391.6760779075; 30250.57; 2449.01
774; 0.0177400873694297; 30171.3459419456; 30043.56; 2376.29
775; 0.0211955184783144; 29872.9427111069; 29721.74; 2352.54
776; 0.0241946813403342; 29663.4445477674; 29492.76; 2325.58
777; 0.0327533694380705; 29379.7181914802; 29153.88; 2272.42
778; 0.026725250121057; 29154.9246405465; 28972.74; 2246.02
779; 0.0369503702626783; 28888.8479607455; 28639.48; 2223.05
780; 0.0434858913253477; 28716.0933100347; 28422.74; 2221.57
781; 0.0485359369390976; 28426.1034007854; 28090.89; 2273.94
782; 0.0523125313676892; 28239.74689996; 27881.21; 2256
783; 0.059514126791451; 27938.5317910297; 27535.46; 2228.83
784; 0.068958302026172; 27779.164213309; 27302.24; 2275.45
785; 0.0740014943592231; 27449.2374911627; 26940.17; 2262.64
786; 0.0808021794354429; 27262.9176380254; 26703.37; 2277.04
787; 0.0814392273660797; 26951.7225456815; 26410.67; 2183.86
788; 0.0883451748547524; 26774.4919089153; 26193.72; 2160.25
789; 0.097228714571003; 26496.9074353858; 25859.43; 2153.91
790; 0.0984585178209765; 26334.6573424241; 25689.46; 2152.15
791; 0.102838207941507; 26088.2063441772; 25431.07; 2098.09
792; 0.107966811930056; 25974.5358089444; 25301.13; 2047.45
793; 0.110781063672302; 25741.0225833867; 25065.27; 2002.01
794; 0.113279514282789; 25598.7633211184; 24914.42; 1982.43
795; 0.113264116582651; 25358.3169824167; 24669.28; 1996.17
796; 0.115618208843197; 25134.2425624872; 24445.9; 1953.43
797; 0.114789586203671; 24944.1332219069; 24270.76; 1924.68
798; 0.115277800650538; 24687.5045057949; 24001.4; 1952.7
799; 0.116931657600638; 24502.5194672435; 23802.18; 1964.77
800; 0.110284934819608; 24256.813615547; 23597.51; 1960.87
801; 0.109498753322433; 24077.4827173648; 23419.48; 1970.36
802; 0.109467372039398; 23838.832619171; 23194.39; 1929.63
803; 0.112647814433572; 23696.2565272823; 23035.82; 1920.89
804; 0.115222453223103; 23526.1027518681; 22864.61; 1880.25
805; 0.116321049717604; 23372.6919407128; 22701.51; 1889.29
806; 0.123132296938009; 23195.9744059423; 22505.05; 1836.81
807; 0.123790487764375; 23085.9618138138; 22388.34; 1844.46
808; 0.119398766306542; 22843.8353103475; 22182.43; 1812.68
809; 0.118905813283516; 22716.3372052797; 22076.21; 1761.3
810; 0.126640242847851; 22512.6500000163; 21830.98; 1760.66
811; 0.127983923592744; 22359.4004132999; 21674.26; 1750.54
812; 0.121545952371114; 22108.4033935455; 21450.09; 1770.52
813; 0.122138474468462; 21973.1322703229; 21326.57; 1729.98
814; 0.119697990931532; 21787.3905985217; 21178.66; 1661.43
815; 0.122739685046157; 21671.7859687314; 21055.41; 1640.29
816; 0.132410233443914; 21491.8303738206; 20829.34; 1633.88
817; 0.131152909977283; 21317.4034876117; 20672.04; 1606.64
818; 0.135954042066611; 21227.884852676; 20564.39; 1593.19
819; 0.143330053416359; 21060.6351752692; 20383.83; 1541.22
820; 0.148270624057979; 20935.5218871369; 20226.51; 1560.41
821; 0.145951904859663; 20750.9490094394; 20023.8; 1625.28
822; 0.147297681732421; 20620.7252596328; 19906.78; 1580.73
823; 0.147775891661015; 20472.5921051769; 19737.53; 1621.8
824; 0.143377438246773; 20354.5552060973; 19657.41; 1584.92
825; 0.152708800907564; 20215.4840572059; 19467.41; 1596.73
826; 0.154043340168106; 20096.6528029481; 19351.12; 1577.52
827; 0.149702554161177; 19910.2856712515; 19210.18; 1524.5
828; 0.144279852620754; 19796.4283752225; 19127.55; 1511.39
829; 0.149759983690817; 19666.0248598002; 18978.28; 1497.01
830; 0.147029321461216; 19482.4584628806; 18828.55; 1449.7
831; 0.151940833857378; 19368.62299854; 18697.1; 1439.93
832; 0.145757223966686; 19186.6343078739; 18538.23; 1448.64
833; 0.15137858687274; 19093.1517308541; 18403.02; 1483.89
834; 0.158205986786448; 18977.2557544653; 18260.68; 1473.59
835; 0.164973624872657; 18897.1696217937; 18148.9; 1475.26
836; 0.161460309344216; 18732.1255100111; 18027.06; 1419.96
837; 0.166462514152636; 18651.6601883343; 17917.72; 1433.88
838; 0.17203249689997; 18499.549297255; 17743.73; 1429
839; 0.175916982918885; 18345.055806426; 17601.7; 1375.38
840; 0.168297755700035; 18220.7104023343; 17526.81; 1342
841; 0.151654247344924; 18046.1796631787; 17435.5; 1312.15
842; 0.151262924237061; 17971.8338908599; 17379.08; 1276.64
843; 0.163118986485529; 17850.5302849233; 17210.56; 1277.82
844; 0.168778657992051; 17763.7509413896; 17103.94; 1272.97
845; 0.166898471699579; 17591.2272260677; 16944.14; 1262.16
846; 0.173467966208287; 17515.6038429429; 16847.44; 1253.63
847; 0.175594953050952; 17373.6009751818; 16669.25; 1305.18
848; 0.193137278946549; 17248.112092471; 16495.05; 1268.41
849; 0.188754127640733; 17112.2421635963; 16379.33; 1262.81
850; 0.1836256410917; 16905.1836687071; 16192.74; 1261.5
851; 0.183350115870355; 16798.567884637; 16094.37; 1248.49
852; 0.181358549662053; 16636.2205534285; 15963.03; 1206.31
853; 0.177320025042071; 16509.4729718175; 15864.14; 1182.46
854; 0.186575444949346; 16360.5867406986; 15694.26; 1160.06
855; 0.181774262651868; 16196.3222982339; 15542.64; 1167.84
856; 0.181554156577564; 16081.761677363; 15425.07; 1174.41
857; 0.186424946548062; 15928.8038498122; 15269.87; 1147.37
858; 0.189182613378008; 15825.8368695158; 15156.53; 1148.22
859; 0.185023937806008; 15635.3819773928; 14966.85; 1172.44
860; 0.186254870987917; 15521.1761940383; 14838.22; 1189.55
861; 0.188774597340539; 15370.5232195588; 14677.89; 1190.07
862; 0.187771174150437; 15174.9724204728; 14467.12; 1222.48
863; 0.189430649951253; 15065.9264003926; 14361.95; 1204.9
864; 0.193850753571793; 14887.9097332011; 14177.91; 1187.23
865; 0.202732098173476; 14782.3937418394; 14026.99; 1207.58
866; 0.210488163934891; 14600.1445921693; 13850.63; 1153.79
867; 0.219053340176463; 14381.8415878233; 13648.72; 1084.18
868; 0.222192131635053; 14229.5170004118; 13521.48; 1032.09
869; 0.221238923361779; 13959.8161584286; 13329.47; 922.62
870; 0.220145796884119; 13784.1547889772; 13163.94; 912.12
871; 0.216822496570119; 13484.0187511402; 12889.74; 887.17
872; 0.216824680532356; 13295.0703507321; 12712.91; 868.9
873; 0.204249527363549; 12984.9076447514; 12432.42; 875.21
874; 0.212983411766287; 12728.8169392843; 12153.58; 873.68
875; 0.212806261181735; 12561.3771640715; 11959.66; 914.48
876; 0.214973367499659; 12317.2108462827; 11684.11; 952.29
877; 0.213073408600663; 12161.4495866849; 11525.8; 964.46
878; 0.21670188456344; 11957.2149982647; 11317.21; 954.59
879; 0.206394803323727; 11763.200168541; 11168.8; 930.66
880; 0.199523328671533; 11653.665955458; 11086.47; 918.47
881; 0.191588496015846; 11512.3244331596; 10970.52; 913.48
882; 0.197253009685153; 11439.2975332785; 10893.36; 893.84
883; 0.195136247599029; 11324.2788145132; 10813.38; 845.38
884; 0.188978926383648; 11206.9431093544; 10725.52; 822.4
885; 0.194926499837884; 11144.2243615439; 10647.88; 821.83
886; 0.203685168080561; 11069.6105012017; 10579.02; 777.22
887; 0.202100979430722; 11004.907146914; 10508.65; 792.23
888; 0.202262601269608; 10924.2058974723; 10447.87; 759.72
889; 0.203681737870252; 10873.5256293587; 10400.33; 749.33
890; 0.209031608536035; 10842.3821342527; 10369.11; 730.15
891; 0.208154993668172; 10801.0138921596; 10345.84; 705.07
892; 0.204964316173014; 10811.2227438572; 10355.45; 716.87
893; 0.197182342958565; 10852.9450579774; 10403.61; 734.54
894; 0.203125005604023; 10966.6654562232; 10493.42; 750.87
895; 0.205176232718174; 11051.6233360645; 10563.74; 766.23
896; 0.20076059597519; 11204.444882104; 10706.65; 798.86
897; 0.187610443755631; 11290.0328855487; 10800.41; 840.71
898; 0.188659190769692; 11466.5179524048; 10977.65; 834.61
899; 0.187029017526194; 11670.702489463; 11155.61; 886.9
900; 0.182340145328531; 11787.8687364641; 11278.16; 900.05
901; 0.192778195229218; 11968.5119792511; 11413.41; 927.01
902; 0.199066301957303; 12100.5872777739; 11511.18; 953.05
903; 0.198415272917882; 12156.1423035033; 11568.8; 952.67
904; 0.202536950800714; 12200.1889810682; 11603.65; 947.74
905; 0.210230487414459; 12213.3651802594; 11594.96; 946.4
906; 0.204834607772683; 12137.1087242067; 11527.23; 957.78
907; 0.206186212943301; 11997.2374833671; 11387.4; 951.28
908; 0.2023730543196; 11849.2643997516; 11255.71; 943.17
909; 0.201762233125095; 11596.5926213297; 11022.24; 915.3
910; 0.191880794324583; 11270.7875744053; 10744.29; 882.1
911; 0.19257547657616; 11050.9095634861; 10536.51; 858.58
912; 0.193800758953282; 10681.0188180741; 10192.08; 810.79
913; 0.198779987640818; 10418.3747680331; 9941.88; 770.26
914; 0.197510887993608; 10008.6356931074; 9570.46; 712.75
915; 0.20888375022982; 9605.87362153331; 9176.4; 660.45
916; 0.214804418731044; 9344.58130863585; 8929.38; 620.8
917; 0.221123761249211; 8980.88734812177; 8559.24; 612.34
918; 0.207903798086493; 8597.20464215688; 8211.41; 595.8
919; 0.200244949631098; 8355.68852677155; 7994.28; 579.41
920; 0.176178972707232; 8002.90855140567; 7686.77; 575.99
921; 0.159071547091914; 7670.70972171618; 7388.2; 570
922; 0.160728190810141; 7475.89577887565; 7199.05; 552.76
923; 0.162490195839854; 7198.80105389451; 6924.17; 542.32
924; 0.158395515710285; 7003.96160094936; 6746.85; 520.78
925; 0.167714064346969; 6739.43831523181; 6484.36; 487.89
926; 0.188859830875422; 6500.29088875166; 6230.74; 457.8
927; 0.211211783990058; 6350.5656827992; 6055.54; 447.98
928; 0.213784276177386; 6091.77191053009; 5799.08; 439.03
929; 0.221259365092909; 5825.91045395435; 5533.53; 423.69
930; 0.214747367126385; 5617.84209980451; 5344.2; 408.52
931; 0.218096768013385; 5307.15203265704; 5041.86; 389.92
932; 0.204937034433418; 4942.13475358331; 4693.06; 389.54
933; 0.204307593120807; 4666.71695824864; 4439.47; 356.45
934; 0.183557133903255; 4208.54004127955; 4025.96; 318.72
935; 0.198351377898159; 3742.25234300588; 3568.06; 281.37
936; 0.206313695564983; 3418.01965829671; 3261.67; 242.77
937; 0.200429354166797; 2947.6691306402; 2808.63; 222.2
938; 0.208795587275083; 2513.48088605257; 2396.02; 180.17
939; 0.224128659405731; 2256.74357466263; 2157.94; 141.17
940; 0.21365986550447; 1927.92792101721; 1833.58; 141.39
941; 0.197388917312457; 1688.51805250189; 1605.61; 134.47
942; 0.157834111340015; 1566.14624500528; 1508.26; 117.4
943; 0.154526917510109; 1462.22188265156; 1409.27; 109.68
944; 0.205708805445643; 1426.9631169252; 1365.7; 95.31
945; 0.230902809055932; 1426.9638067461; 1355.67; 98.8
946; 0.21426729378134; 1447.56063056922; 1367.17; 120.04
947; 0.214466002496239; 1496.3656215554; 1416.54; 119.07
948; 0.208875017462234; 1540.74646909109; 1464.94; 116.09
949; 0.243766688952825; 1623.34415146457; 1531.25; 120.83
950; 0.230829205421061; 1706.51376650901; 1619.57; 120.45
951; 0.201229542858494; 1762.13875068612; 1685.78; 121.33
952; 0.186380228354504; 1856.26393605518; 1779.47; 131.73
953; 0.161025836842963; 1946.09810286071; 1882.17; 126.91
954; 0.165189649551789; 2016.82988281745; 1946.94; 135.23
955; 0.138190877409575; 2107.22315067055; 2037.35; 161.59
956; 0.132972677589393; 2198.61801054959; 2124.29; 178.62
957; 0.123552475153333; 2259.75437012622; 2187.74; 186.23
958; 0.133100406178312; 2338.00252732756; 2247.3; 217.71
959; 0.141114158680869; 2413.39840892655; 2317.73; 216.56
960; 0.14600223513346; 2457.72786180177; 2360.09; 213.59
961; 0.148799026390155; 2524.46785024553; 2424.74; 214.04
962; 0.173944648193018; 2582.95114934714; 2474.76; 198.61
963; 0.20270487429867; 2619.92471303368; 2512.71; 168.87
964; 0.237315743206113; 2661.14149128528; 2535.92; 168.45
965; 0.253942120727349; 2679.16660287072; 2566.69; 141.38
966; 0.248505288550116; 2695.32191422892; 2577.83; 150.9
967; 0.249010716965392; 2706.44797172511; 2583.13; 158.04
968; 0.237893191147242; 2711.08397227101; 2579.15; 176.96
969; 0.24140144937055; 2709.49018309671; 2572.79; 180.67
970; 0.206727306346818; 2693.60016591523; 2561.66; 203.6
971; 0.19046605199642; 2687.50916713045; 2563.25; 208.09
972; 0.15985218437436; 2669.878525563; 2558.88; 221.46
973; 0.129853039871324; 2644.70822322525; 2551.45; 229.02
974; 0.133999805125398; 2626.29389237007; 2528.64; 232.37
975; 0.135173198984622; 2610.65895359576; 2523.86; 204.72
976; 0.116740532412614; 2586.14658607471; 2511.8; 203.01
977; 0.0990512196935214; 2572.22842791654; 2510.21; 199.57
978; 0.0944573066631647; 2540.02103627113; 2482.35; 194.58
979; 0.107971662433696; 2518.6637976223; 2458.6; 177.27
980; 0.108046343786424; 2495.30892754382; 2444.27; 150.51
981; 0.0921439962984717; 2457.76127267633; 2419.05; 133.84
982; 0.104971750825164; 2420.35617383774; 2367.4; 160.7
983; 0.116148938987087; 2395.27058610753; 2336.46; 161.27
984; 0.133570126675194; 2349.86768548306; 2282.81; 159.88
985; 0.12470235729918; 2311.502449455; 2251.06; 154.34
986; 0.139892723969016; 2276.83345271559; 2207.6; 157.57
987; 0.13202101202454; 2256.1008636199; 2186.34; 168.22
988; 0.131787132225685; 2219.42018638048; 2145.24; 179.17
989; 0.137428014957068; 2179.5484781191; 2108.12; 165.42
990; 0.135157407008136; 2152.41781294495; 2081.64; 166.65
991; 0.154950551577913; 2124.08786796894; 2041.03; 170.56
992; 0.143510200621281; 2072.58906493356; 1997.25; 167.02
993; 0.128005181432409; 2026.52967686944; 1966.49; 149.21
994; 0.128867772994862; 1998.03125850287; 1939.72; 143.93
995; 0.139895154160995; 1958.87788895477; 1900.4; 132.95
996; 0.128861263186806; 1912.52074490566; 1864.41; 118.73
997; 0.14306075958294; 1876.009360752; 1824; 115.6
998; 0.0979185564193086; 1837.75023241296; 1807.07; 99.62
999; 0.0845876942467714; 1792.1233012307; 1765.18; 101.26
1000; 0.0991106639088923; 1753.83252391458; 1720.09; 108.22
1001; 0.117571703263704; 1726.19903528768; 1685.52; 109.97
1002; 0.110617459051873; 1680.54892084052; 1645.32; 101.21
1003; 0.057775050939043; 1631.53178374511; 1611.79; 108.58
1004; 0.0137710431517536; 1582.78136078838; 1578.38; 101.55
1005; 0.0663182883750385; 1571.15802622839; 1549.12; 105.57
1006; 0.0784854261153065; 1538.26719790375; 1516.9; 86.48
1007; 0.080348132677101; 1499.76045085753; 1481.6; 71.79
1008; 0.0678089569379653; 1466.86097882438; 1453.64; 61.92
1009; 0.0199084284379637; 1437.82340205554; 1434.1; 59.39
1010; 0.0786146661000178; 1408.51390812275; 1395.29; 53.41
1011; 0.0437749416579396; 1367.40613682176; 1360.61; 49.29
1012; -2.95460301629748E-05; 1324.03484826844; 1324.04; 55.35
1013; 0.0286301260535857; 1295.90249396245; 1288.94; 77.19
1014; 0.0676237618927733; 1259.59145686715; 1240.43; 89.93
1015; 0.0745762898909314; 1230.24742504557; 1208.26; 93.56
1016; 0.0825367344049557; 1204.37036339315; 1185.47; 72.66
1017; 0.11142813819729; 1183.18501585539; 1156.76; 75.24
1018; 0.147515606113075; 1159.30516286036; 1123.75; 76.46
1019; 0.151916159547753; 1128.03817174403; 1094.23; 70.59
1020; 0.183427836624636; 1106.96536072863; 1067.91; 67.53
1021; 0.172604838965908; 1097.16721642436; 1061.87; 64.85
1022; 0.153285609156593; 1062.26325804139; 1032.33; 61.92
1023; 0.115995463249757; 1025.32313039101; 995.4; 81.79
1024; 0.087638575725859; 1000.87269467236; 986.13; 53.33
1025; 0.0338941769110733; 978.832443366153; 973.1; 53.61
1026; 0.0291007849000287; 957.198358759719; 952.67; 49.32
1027; -0.063376985915293; 926.960703101299; 934.38; 37.1
1028; -0.0272032422931574; 905.18753677001; 908.57; 39.4
1029; -0.0473196034717086; 885.416951186138; 890.68; 35.24
1030; 0.117798113547624; 872.23199222257; 861.62; 28.54
1031; 0.101017304359292; 846.000874013455; 834.97; 34.59
1032; 0.170117724551503; 829.988842750307; 813.72; 30.29
1033; 0.183414783847182; 806.9733455834; 789.35; 30.43
1034; 0.151208660632115; 793.91268802701; 780.6; 27.88
1035; 0.102990911769048; 765.236332964396; 755.68; 29.38
1036; 0.0626110882185689; 751.502949632041; 748.41; 15.64
1037; 0.0215965475226732; 733.853706334712; 732.52; 19.55
1038; -0.126749477114768; 720.380003865785; 727.94; 18.88
1039; -0.015737018136112; 758.65021800638; 755.57; -61.95
1040; -0.589627779763276; 663.930415727258; 691.58; 14.84
1041; -0.438407105159151; 607.567316154643; 681.33; 53.24
