# 16/03/2019 15:13:55
# NanoCalc data
# Original file name: C:\SVA_DATA\StudentProjects\2018_Nathan\PS_160319\PSswelling_16_03_19_777.dat
# Fit Result : Fitness; Thickness 1; Thickness 2; Thickness 3 
# Fit Result : 0.483626459063969; 2; 305.6; -1
# comment:PS id: 348 slowslow swelling at 13:07
#
# WaveLength; Reflectance; Raw Intensity; Dark Intensity; Reference Intensity
400; 0.224227207920931; 4359.15430884231; 4128.73; 498.3
401; 0.205598956890149; 4490.5674471078; 4281.21; 491.63
402; 0.207725747132185; 4603.06150843151; 4392.47; 487.32
403; 0.19498729644985; 4693.23344460984; 4494.68; 487.45
404; 0.179415380886059; 4798.56237708453; 4615.44; 486.53
405; 0.165990916226543; 4966.38746657608; 4790.2; 504
406; 0.16557227688571; 5076.43017777227; 4891.23; 529.04
407; 0.172815592037164; 5202.81070037067; 5004.66; 540.18
408; 0.169156827896616; 5309.21670774084; 5101.67; 575.74
409; 0.154399627934347; 5414.20597400099; 5219.95; 588.19
410; 0.149098755528361; 5568.74594721645; 5376.23; 601.39
411; 0.136150356713406; 5654.25299831358; 5472.62; 619.16
412; 0.132620318268979; 5747.69907544883; 5572.99; 609.24
413; 0.11977127654382; 5815.31615848897; 5656.11; 612.69
414; 0.0959780411114226; 5926.17694794277; 5797.98; 613.59
415; 0.0933228933908029; 6013.77622933915; 5886.56; 624.16
416; 0.0848359182107901; 6087.35683125772; 5971.21; 624.77
417; 0.0746279893170817; 6170.84160019713; 6067.74; 628.37
418; 0.0717464668486822; 6302.1624567354; 6202.36; 630.58
419; 0.0534027305906798; 6386.03797498672; 6310.91; 635.83
420; 0.0500332759152719; 6494.34592435971; 6423.12; 641.48
421; 0.0439489752698358; 6616.42632612653; 6553.44; 643.92
422; 0.0424935798912795; 6782.13336994216; 6719.62; 659.04
423; 0.049550180687956; 6902.63791025706; 6825.99; 690.92
424; 0.0520988570744468; 7038.38107070079; 6954.73; 715.03
425; 0.0418521496491881; 7168.78468940501; 7100.68; 722.7
426; 0.0540456890614516; 7387.13439098427; 7291.52; 783.57
427; 0.0602415809254843; 7551.16451881626; 7441.53; 803.85
428; 0.0670844954316717; 7707.34687067835; 7580.19; 834.93
429; 0.0681577672307468; 7848.26297032403; 7715.94; 853.06
430; 0.0634263539891875; 8073.17264507217; 7945.72; 880.75
431; 0.0660466698292227; 8222.66912106606; 8084.29; 916.06
432; 0.0752480126282855; 8356.51802840485; 8199.59; 909.55
433; 0.072061203711935; 8467.61344646307; 8310.91; 946.14
434; 0.081368558090869; 8664.2017448085; 8484.39; 959.16
435; 0.0779767477720705; 8774.93035543565; 8602.52; 957.61
436; 0.0781974280768849; 8862.89525727883; 8688.3; 964.91
437; 0.0754559594012041; 8978.09982209251; 8807.31; 975.92
438; 0.0857760603436207; 9168.8146636239; 8973.36; 980.21
439; 0.0950829513600026; 9277.91016313541; 9055.15; 1005.5
440; 0.09471397230127; 9391.32471773073; 9166.34; 1017.16
441; 0.0912650632174342; 9502.04851008658; 9282.43; 1028.13
442; 0.0972076559323932; 9693.29482467223; 9458.75; 1028.56
443; 0.102858793164466; 9827.6355303872; 9583.99; 1007.55
444; 0.103209117942784; 9993.73844206856; 9747.02; 1014.57
445; 0.102093751448048; 10129.8992665374; 9884.78; 1016.71
446; 0.112495967801537; 10354.9452998159; 10083.61; 1019.05
447; 0.117426115486375; 10546.4551825885; 10250.15; 1063.82
448; 0.120916094249935; 10747.9318119677; 10438.6; 1076.19
449; 0.125636874444878; 11060.8132902647; 10729.27; 1107.78
450; 0.12593618716151; 11260.8129517327; 10918.08; 1140
451; 0.129731707754288; 11475.8837899958; 11119.59; 1148.12
452; 0.127524658965668; 11677.2353331847; 11317.34; 1177.39
453; 0.134048784503353; 12045.8790723824; 11649.5; 1231.2
454; 0.129851175598951; 12299.8786632797; 11910.85; 1244.96
455; 0.121238743038817; 12511.8746875058; 12145.22; 1254.26
456; 0.130120980652229; 12795.3653339136; 12401.32; 1253.51
457; 0.132002375998706; 13189.1416262117; 12779.62; 1281.75
458; 0.139007691843788; 13506.8061458692; 13057.99; 1331.39
459; 0.148108227018373; 13786.8582256785; 13298.95; 1355.89
460; 0.150814627088434; 14074.0180212692; 13561.85; 1395.15
461; 0.159837749398349; 14480.3357087673; 13933.24; 1403.55
462; 0.17517562803671; 14758.2470339049; 14137.18; 1451.1
463; 0.183174289665609; 15011.6365548774; 14347.89; 1480.41
464; 0.191929821556683; 15416.3098901976; 14697.65; 1526.98
465; 0.201444452507977; 15708.2141699317; 14948.09; 1536.14
466; 0.201940602212436; 15987.008509171; 15217.68; 1548.2
467; 0.210625901381434; 16298.2637816554; 15491.31; 1554.34
468; 0.21951353234795; 16877.3430603246; 16005.76; 1608.14
469; 0.223442311530585; 17260.6460107529; 16367.5; 1616.28
470; 0.230270868387529; 17670.145573533; 16726.43; 1654.44
471; 0.234358769303836; 18155.907967165; 17152.92; 1724.85
472; 0.235279835033463; 18910.0466895328; 17848.48; 1815.49
473; 0.23424539514734; 19427.3188021011; 18337.26; 1869.44
474; 0.23668395707661; 19990.3295129361; 18857.85; 1919.08
475; 0.2425600160044; 20967.8595961648; 19747.25; 2015.09
476; 0.245518552727127; 21601.30854227; 20330.81; 2068.81
477; 0.245478859157181; 22293.8324771697; 21002.14; 2100.32
478; 0.243271959530665; 23086.9590956969; 21749.8; 2190.43
479; 0.252691823868969; 24295.4156475452; 22855.75; 2266.9
480; 0.253425134393436; 25134.6187050883; 23642.88; 2338.44
481; 0.264455324183583; 25972.6537189877; 24387.3; 2377.96
482; 0.274218309094223; 27302.0994526065; 25566.6; 2506.71
483; 0.275025746441402; 28136.3170318408; 26359.04; 2555.76
484; 0.275052132542371; 28959.0592520528; 27132.3; 2622.74
485; 0.277890870894845; 29801.3419625653; 27904.38; 2691.67
486; 0.28342956724883; 30920.4409322988; 28891.56; 2818.29
487; 0.278247812734441; 31625.3910633467; 29557.13; 2922.08
488; 0.28334309012996; 32355.4020405585; 30228.25; 2946.77
489; 0.286755242879461; 33009.1866986848; 30828.85; 2980.24
490; 0.285563888081312; 33907.0645159722; 31675.19; 3059.02
491; 0.289128939680301; 34473.6553947515; 32202.1; 3071.01
492; 0.290394780579358; 35028.9794423471; 32681.91; 3155.14
493; 0.29819642748685; 35806.2586929891; 33367.32; 3188.82
494; 0.304822516722098; 36330.7477957855; 33806.15; 3225.04
495; 0.307084111586338; 36781.4679744806; 34237.31; 3222.06
496; 0.307918741267796; 37385.2585548903; 34809.18; 3249.64
497; 0.313047670787285; 37804.399760399; 35171.51; 3262.86
498; 0.30955234902092; 38165.4880507308; 35529.07; 3300.04
499; 0.310730863576164; 38620.6907861855; 35957.07; 3317.25
500; 0.319207257707074; 39201.9891921925; 36455.96; 3324.93
501; 0.315448737840211; 39591.1986683992; 36819.54; 3391.56
502; 0.320790995422007; 40020.0132233735; 37176.1; 3417.51
503; 0.317291061968326; 40576.3098383521; 37664.75; 3532.88
504; 0.32140749169212; 41028.3572022505; 38078.63; 3528.83
505; 0.318077025206451; 41500.0830330374; 38492.74; 3631.1
506; 0.322589159195805; 41999.8874182847; 38939.42; 3639.21
507; 0.329894728991536; 42702.9652551008; 39542.79; 3670.33
508; 0.329653699775015; 43155.0935300193; 39980.31; 3685.74
509; 0.332544049227221; 43656.4002730033; 40433.11; 3705.42
510; 0.341462063954601; 44411.4174720891; 41112.62; 3688.99
511; 0.345566152442647; 44944.946441945; 41570.54; 3724.49
512; 0.348857489100677; 45490.1860505544; 42009.35; 3801.38
513; 0.354911009752212; 46221.1660453386; 42653.8; 3825.15
514; 0.353242414505585; 46713.9973349442; 43089.63; 3900.16
515; 0.35495468855865; 47237.2216180491; 43574.42; 3918.1
516; 0.356767890039245; 47710.3597513197; 43959.13; 3987.71
517; 0.359942719295961; 48502.279542311; 44608.66; 4097.84
518; 0.351784775371606; 48999.9169873981; 45093.66; 4201.72
519; 0.351534216525336; 49531.674549934; 45585.82; 4242.52
520; 0.354280343506157; 50334.8737596809; 46354.32; 4241.93
521; 0.35615873989362; 50856.4410553477; 46836.25; 4257.03
522; 0.353982467568452; 51331.2202556636; 47290.23; 4300.76
523; 0.350697251886331; 52056.2473350176; 47955.64; 4400.48
524; 0.345819780666885; 52560.6391166926; 48473.51; 4443.21
525; 0.345073909788141; 53013.4487227725; 48920.91; 4454.13
526; 0.346590316847542; 53657.0282988044; 49544.96; 4451.22
527; 0.345642361406198; 54050.9905031869; 49917.2; 4482.6
528; 0.346528392459642; 54438.7697901841; 50237.52; 4539.52
529; 0.350250062842134; 54798.3800625236; 50576.77; 4508.6
530; 0.348309504994533; 55214.6715664258; 50993.65; 4528.72
531; 0.346974661349943; 55454.9518278464; 51174.87; 4605.53
532; 0.346744247941825; 55687.448950513; 51347.43; 4668.84
533; 0.346880808258682; 56005.6964432485; 51578.11; 4756.79
534; 0.341110376450931; 56108.8719397732; 51722.03; 4788.33
535; 0.337085251930503; 56267.0990268894; 51885.84; 4834.27
536; 0.340411324737762; 56527.0360377483; 52097.07; 4835.29
537; 0.333021366818258; 56680.3795856168; 52264.71; 4921.33
538; 0.336122611595039; 56914.371320443; 52444.34; 4930.62
539; 0.333086607585951; 57200.6158281024; 52766.82; 4930.26
540; 0.333388618764732; 57406.0802178661; 52950.34; 4945.18
541; 0.333289891835583; 57664.9610987996; 53157.19; 5000.24
542; 0.337190949618364; 58039.5541814838; 53506.74; 4965.7
543; 0.341932512647102; 58303.3570911416; 53737.46; 4928.71
544; 0.340426602430048; 58551.5135502686; 54002.84; 4927.96
545; 0.338663612281584; 58943.6421252756; 54398.29; 4945.97
546; 0.336064394789053; 59216.6279469402; 54667.39; 4984.42
547; 0.33915461541088; 59522.8289751902; 54963; 4946.21
548; 0.341100379686535; 60073.4761254072; 55485.77; 4943.89
549; 0.340217253629647; 60355.7260769845; 55780.6; 4938.83
550; 0.34105940891833; 60710.0731701882; 56082.81; 4978.56
551; 0.338534800605221; 61033.4040502514; 56442.1; 4972.49
552; 0.338390407916465; 61511.2368659924; 56912.56; 4978.37
553; 0.342170895749322; 61826.9677813697; 57170.85; 4980.75
554; 0.34010357190148; 62146.2361133412; 57462.94; 5035.98
555; 0.333028694850694; 62577.1259551311; 57899.63; 5132.21
556; 0.329860988190346; 62854.3483041603; 58218.74; 5130.57
557; 0.324246157850394; 63132.491409425; 58560.38; 5143.51
558; 0.318473459607534; 63624.3455108484; 59102.67; 5174.53
559; 0.31611583728611; 64041.3270099846; 59482.74; 5251.16
560; 0.310968221026971; 64482.2836926868; 59907.96; 5351.9
561; 0.301337075831643; 65191.3606306408; 60680.51; 5441.76
562; 0.298094176593719; 65713.6625348979; 61275.73; 5407.36
563; 0.298218756089584; 66308.5804394523; 61881.59; 5387.39
564; 0.302384694979032; 67322.605214652; 62777.77; 5450.16
565; 0.303844247542564; 67947.5379508798; 63329.69; 5507.06
566; 0.298829852436737; 68460.2030449361; 63858.49; 5575.79
567; 0.292378195533967; 69170.6997736448; 64591.04; 5667.63
568; 0.288844572449706; 69455.7904848103; 64947.29; 5643.95
569; 0.289996783375098; 69691.2219062973; 65185.62; 5613.9
570; 0.288545637950494; 69833.9685313492; 65338.74; 5625.12
571; 0.287013924353623; 69830.3978735591; 65313.57; 5677.94
572; 0.278851156280927; 69693.8621853689; 65256.1; 5737.27
573; 0.274547759968555; 69350.3677628482; 65014.32; 5689.09
574; 0.272990602556419; 69069.2603687376; 64809.91; 5615.69
575; 0.266287935734199; 68580.2975096403; 64479.72; 5538
576; 0.262646067921453; 68373.6846403431; 64344.84; 5512.29
577; 0.256722939397139; 68147.9866161149; 64163.52; 5573.02
578; 0.25349131932774; 67833.3151619409; 63925.39; 5531.34
579; 0.250019625752087; 67633.5246511919; 63786.68; 5516.34
580; 0.24786284052987; 67428.9144782853; 63688.94; 5405.68
581; 0.242629785446573; 67168.6777767685; 63511.61; 5396.07
582; 0.239508727245971; 67020.9734140154; 63395.76; 5414.97
583; 0.239196426927208; 66930.0434372147; 63297.12; 5429.9
584; 0.238470568108052; 66763.4632995124; 63141.9; 5425.87
585; 0.23945814791357; 66681.4948489528; 63062.85; 5395.63
586; 0.242754612948341; 66616.6376936904; 62944.34; 5397.76
587; 0.236911229865118; 66401.4223184268; 62792.76; 5431.66
588; 0.234565989148178; 66266.3464952401; 62654.36; 5487.59
589; 0.231845933194263; 66160.6914401538; 62566.82; 5520.82
590; 0.234842418216993; 66165.7009166151; 62512.58; 5536.76
591; 0.233338025249311; 66147.8661287181; 62505.81; 5552.09
592; 0.231208106135908; 66140.2768384752; 62513.67; 5575.96
593; 0.225054285078251; 66119.5073802425; 62611.92; 5536.94
594; 0.219937743429876; 66145.115852281; 62693.31; 5572.13
595; 0.215649024368049; 66361.814254835; 62989.14; 5549.16
596; 0.215379313624968; 66608.8333561062; 63234.76; 5554.9
597; 0.209575931485956; 66876.0284809785; 63610.07; 5522.3
598; 0.202829375131563; 67335.9528002406; 64126.97; 5602.89
599; 0.199059585218517; 67720.8732541808; 64545.09; 5646.35
600; 0.197735149950857; 68238.6197389481; 65063.58; 5679.23
601; 0.190294436223669; 69054.0813567288; 65916.6; 5827.78
602; 0.187946017734893; 69723.8609804137; 66585.74; 5898.21
603; 0.188910080564306; 70403.7013900155; 67192.33; 6001.26
604; 0.187179027640651; 71358.4136224256; 68063.31; 6210.72
605; 0.189506800631763; 71975.0812872093; 68568.75; 6337.63
606; 0.188082429948436; 72591.8015484318; 69197.15; 6359.84
607; 0.186880399368267; 73309.3996404238; 69914.96; 6396.43
608; 0.184654624918354; 73685.2957636038; 70317.9; 6418.02
609; 0.184217032761723; 74135.7418274291; 70777.29; 6412.24
610; 0.181588420750341; 74229.3572253515; 70888.42; 6467.16
611; 0.178793781666443; 74298.5058802744; 71003.56; 6474.02
612; 0.174185082464069; 74231.3488834348; 71007.29; 6498.34
613; 0.169820253915512; 74126.5634273516; 70998.27; 6463.39
614; 0.162688565619272; 73816.2925763872; 70832.33; 6431.65
615; 0.158110785275118; 73329.3558253971; 70445.1; 6392.96
616; 0.153721543091215; 72904.7163167592; 70072.58; 6452.68
617; 0.149548949376212; 72190.7140193614; 69438.15; 6442.73
618; 0.147424817462024; 71741.1430357293; 69078.18; 6319.07
619; 0.144519271204505; 71230.1572252438; 68627.06; 6297.82
620; 0.140974109604649; 70525.2461889618; 68049.15; 6137.91
621; 0.140164189451788; 69994.6212149732; 67566.24; 6051.33
622; 0.138554128963498; 69525.0024391421; 67148.78; 5987.11
623; 0.138474769858619; 68864.6408642442; 66516.87; 5915.96
624; 0.138331303737819; 68458.1040941777; 66173.83; 5759.15
625; 0.136557189082162; 67871.1926524634; 65647.4; 5676.76
626; 0.136805684168671; 67543.5826552048; 65330.01; 5637.68
627; 0.13105157802036; 67142.6154589386; 65052.88; 5553.44
628; 0.126490756795887; 66539.4500168706; 64518.76; 5560.88
629; 0.123522481593145; 66209.9637464657; 64241.88; 5543.73
630; 0.124606043742404; 65913.7510044021; 63905.68; 5604.62
631; 0.121409867877058; 65424.4368553505; 63476.06; 5578.78
632; 0.120243203816467; 65110.9382674734; 63179.09; 5582.73
633; 0.120018402010657; 64665.2947058932; 62767.42; 5492.47
634; 0.116551848596666; 64331.9306207513; 62514; 5415.11
635; 0.117984102363869; 64070.846848412; 62254.26; 5342.51
636; 0.117925651966125; 63757.196328467; 61987.01; 5205.79
637; 0.115287657624055; 63495.1667535147; 61764.54; 5202.77
638; 0.114310040538032; 63263.1137746538; 61555.63; 5173.97
639; 0.106629906132724; 62914.690985669; 61337.24; 5121.28
640; 0.101293629078456; 62688.4714377904; 61186.77; 5129.09
641; 0.0941934765090729; 62334.4224232483; 60926.44; 5168.8
642; 0.0919314955627182; 62129.2236149067; 60738.15; 5229.66
643; 0.089384371310973; 61998.6458657307; 60655.06; 5192.52
644; 0.0850773934627789; 61668.9138073376; 60375.33; 5249.78
645; 0.0861699528505503; 61505.0667551368; 60187.65; 5276.42
646; 0.0831513329585264; 61207.8671683475; 59942.03; 5251.45
647; 0.0835879313927468; 61032.9353257717; 59767.67; 5219.54
648; 0.0826565560195524; 60822.324185837; 59567.72; 5231.75
649; 0.0828658474099664; 60595.8445921355; 59337.46; 5231.98
650; 0.0838293277043409; 60440.4733172061; 59168.18; 5226.73
651; 0.083461516678893; 60200.3170799131; 58909.88; 5322.15
652; 0.0821395919525003; 60054.9271651174; 58799.62; 5257.98
653; 0.0767227538237261; 59894.1994220845; 58744.82; 5151.64
654; 0.0713316032138031; 59684.293777869; 58622.74; 5115.21
655; 0.0706947459073337; 59594.9156956966; 58553.86; 5059.56
656; 0.0702902797145687; 59416.7947487784; 58381.47; 5058.59
657; 0.0700669519620284; 59292.2635414614; 58256.17; 5076.7
658; 0.0699372630532087; 59205.5185547188; 58185.35; 5006.18
659; 0.068211902588884; 59032.4213452822; 58052.77; 4926.93
660; 0.0681399759217144; 58925.2745077966; 57954.92; 4883.32
661; 0.0666393424001252; 58707.1952927209; 57747.73; 4934.5
662; 0.0730135029143173; 58671.2055225915; 57625.64; 4905.27
663; 0.0710173589699442; 58535.7620924385; 57524.13; 4876.89
664; 0.0710762650563959; 58417.9073249811; 57417.09; 4818.06
665; 0.0646072260558377; 58236.2693079838; 57335.16; 4770.59
666; 0.0596244658626836; 58026.6141638791; 57198.04; 4751.34
667; 0.0570615076999892; 57882.0076467962; 57082.23; 4790.65
668; 0.0547215497749636; 57703.597104096; 56937.17; 4785.78
669; 0.0555423568440652; 57510.9854455456; 56731.7; 4792.32
670; 0.0527363292217077; 57342.2993193305; 56601.69; 4794.97
671; 0.0492108562982349; 57087.5993845482; 56396.69; 4790.96
672; 0.0470045248548276; 56913.0337476396; 56255.13; 4773.54
673; 0.0493506395654198; 56812.7421180491; 56121.1; 4776.93
674; 0.0444831168415935; 56485.4450997518; 55860.44; 4786.34
675; 0.0444498632306501; 56266.5956994359; 55641.32; 4789.86
676; 0.0480289017568209; 55959.031021413; 55281.89; 4798.49
677; 0.0466815256760637; 55686.3964540397; 55029.44; 4788.26
678; 0.0430944299677521; 55250.9745522784; 54649.42; 4747.72
679; 0.0426321912777382; 54963.0019807302; 54370.61; 4724.41
680; 0.0416421858787254; 54632.9500877886; 54053.07; 4733.02
681; 0.0407343685786552; 54122.4420827457; 53553.6; 4744.7
682; 0.0405232529727088; 53821.475666374; 53266; 4655.54
683; 0.0402339849318584; 53409.0360551715; 52864.11; 4598.17
684; 0.0384600888453545; 53128.0153363368; 52608.7; 4582.53
685; 0.0385774468315172; 52751.6117300974; 52237.34; 4522.46
686; 0.0430593985639101; 52489.9180730917; 51913.98; 4535.94
687; 0.0439018881301915; 52234.8272969048; 51649.53; 4519.43
688; 0.0465174704114412; 51901.315671427; 51295.5; 4413.25
689; 0.0482349173040972; 51690.441596395; 51070.3; 4355.19
690; 0.0436688163949095; 51258.9868669563; 50699.74; 4336.51
691; 0.0437740961294436; 50969.2470919815; 50413.55; 4296.94
692; 0.0442407560318978; 50693.5004997967; 50130.14; 4308.56
693; 0.0430031564516216; 50250.6939910058; 49696.67; 4357.39
694; 0.0388615703701573; 49963.8329772881; 49465.93; 4331.64
695; 0.0359906003407662; 49499.0231930541; 49036.92; 4339.05
696; 0.0371459957846666; 49244.1631963688; 48764.73; 4359.91
697; 0.0355502797227463; 48831.4574342297; 48370.16; 4381.3
698; 0.0380958435779241; 48576.6249387367; 48079.54; 4403.87
699; 0.0388659058333339; 48224.6071658006; 47719.76; 4382.3
700; 0.0382768417033495; 47964.1229280929; 47469.65; 4356.59
701; 0.0348738138661411; 47700.4952763481; 47257.62; 4281.45
702; 0.0370022486338052; 47375.8975054409; 46910.58; 4238.24
703; 0.0357426838739864; 47119.5087404166; 46677; 4171.26
704; 0.0302082184523177; 46758.798986599; 46395.78; 4047.67
705; 0.0325061054929342; 46509.1253645331; 46117.47; 4056.66
706; 0.0338836905376056; 46150.9659290822; 45748.44; 3998.29
707; 0.0318999353139733; 45938.7426046394; 45565.62; 3935.03
708; 0.0277648399611183; 45720.2594019542; 45404.96; 3818.82
709; 0.0293899162847517; 45399.8909464087; 45067.9; 3797.26
710; 0.0252993826513833; 45148.5582484492; 44868.29; 3722.61
711; 0.0272728952154736; 44812.7508021996; 44507.27; 3763.08
712; 0.0341170137724099; 44614.8192025273; 44234.63; 3743.06
713; 0.0312466206734477; 44295.8046776981; 43956.65; 3645.02
714; 0.0320319026987187; 44018.3855651328; 43673.52; 3614.87
715; 0.0326078830997475; 43593.2374135542; 43250.26; 3530.39
716; 0.034195927637453; 43264.9497239529; 42906.92; 3513.11
717; 0.0370056690644973; 42940.3598269852; 42561.47; 3434.15
718; 0.0463086086624205; 42464.9166145804; 42001.83; 3352.76
719; 0.0464211767912889; 42087.9335971302; 41637.91; 3248.89
720; 0.0444646614930986; 41505.0087467; 41084.95; 3164.74
721; 0.0462031703784482; 41153.2281421295; 40719.31; 3144.99
722; 0.0462994392247873; 40603.2139622887; 40173.84; 3104.44
723; 0.048937548831024; 40270.6872017868; 39818.44; 3092.41
724; 0.0456591931938263; 39782.1051891199; 39369.63; 3021.85
725; 0.0421782114692605; 39471.927693713; 39089.54; 3031.51
726; 0.0409825362817595; 39184.2627204829; 38812.67; 3030.76
727; 0.0421246348681736; 39056.9242596425; 38667.46; 3089.26
728; 0.0436638963112082; 38935.1250715739; 38526.57; 3125.39
729; 0.0424475876933578; 38814.4915664356; 38422.34; 3085.01
730; 0.0448730678659913; 38810.2421026292; 38393.37; 3101.36
731; 0.0457471057413946; 38816.5918806943; 38393.25; 3089.03
732; 0.0476260769276395; 38851.7895363265; 38409.02; 3102.94
733; 0.0495328182269192; 38909.4786170242; 38439.38; 3167.25
734; 0.0483377427718561; 38847.6581584025; 38387.61; 3175.87
735; 0.0495701658650146; 38808.2146277442; 38341.94; 3138.05
736; 0.0475313958629809; 38729.9333280127; 38288.17; 3099.75
737; 0.0506100496207721; 38671.6496054485; 38208.75; 3049.44
738; 0.0546959321486622; 38596.5299073142; 38099.45; 3028.96
739; 0.0611539428722473; 38562.0222069801; 38012.51; 2993.74
740; 0.0605694417362914; 38497.284758022; 37957.1; 2970.22
741; 0.0645602519369282; 38464.1991013015; 37899.45; 2912.34
742; 0.0647805608625695; 38511.6488360307; 37944.75; 2912.58
743; 0.0649622775879976; 38575.4831790425; 38010.17; 2895.32
744; 0.0703766606303281; 38791.81976439; 38163.41; 2969.85
745; 0.0719876902483334; 38940.4010889288; 38302.58; 2945.77
746; 0.0681373174519325; 39199.1280631271; 38585.54; 2992.87
747; 0.0628076294911354; 39362.6695583115; 38793.08; 3012.89
748; 0.0633272407961005; 39599.0499269452; 39021.67; 3028
749; 0.0633296529252055; 39691.6095464762; 39113.75; 3029.55
750; 0.0642998389588249; 39666.6495653421; 39071.26; 3073.59
751; 0.0602399717089753; 39553.3994214537; 39000.42; 3046.95
752; 0.0597166444198894; 39332.2161710362; 38784.12; 3046.32
753; 0.0614895307799835; 39099.2711502936; 38532.39; 3059.79
754; 0.0648290060623577; 38595.626704692; 38020.71; 2943.13
755; 0.0654177606005652; 38207.8037166765; 37644.43; 2857.37
756; 0.0703313245135272; 37630.5379141413; 37039.5; 2787.47
757; 0.0704115244850926; 37207.7772447834; 36626.49; 2737.25
758; 0.0762492720302562; 36606.3991425976; 36000.14; 2635.2
759; 0.077505075837959; 36186.6278241347; 35589.05; 2554.18
760; 0.0803669979637922; 35787.8672789729; 35172.51; 2535.32
761; 0.0814346767674163; 35209.3828944464; 34601.45; 2470.73
762; 0.0846272487078243; 34863.0398107553; 34239.72; 2436.55
763; 0.0908337509242505; 34356.1199644595; 33672.68; 2488
764; 0.09367983449157; 34013.6467598962; 33303.74; 2504.89
765; 0.103757769380881; 33602.4952273114; 32811.99; 2518.12
766; 0.111366780632818; 33357.6692986032; 32495.94; 2557.21
767; 0.102452941770425; 32865.0628762418; 32083.73; 2520.44
768; 0.097698989237525; 32536.8132732254; 31788.56; 2531.26
769; 0.0922038257772663; 32095.7175924276; 31373.5; 2588.63
770; 0.0873536822614842; 31809.6213942709; 31131.83; 2564.12
771; 0.0875963262873017; 31437.5956181871; 30766.53; 2530.61
772; 0.0812616467865682; 31179.0828059031; 30557.52; 2525.62
773; 0.0748401449822978; 30805.8958560527; 30250.57; 2449.01
774; 0.0725137505340763; 30565.8932739596; 30043.56; 2376.29
775; 0.0817028008579109; 30304.5841992294; 29721.74; 2352.54
776; 0.0836524382664876; 30082.8970798943; 29492.76; 2325.58
777; 0.0854751446947695; 29743.2408024321; 29153.88; 2272.42
778; 0.0798919720890629; 29517.3594198995; 28972.74; 2246.02
779; 0.0830462295021334; 29199.9363297021; 28639.48; 2223.05
780; 0.0856153138475634; 29000.2959599075; 28422.74; 2221.57
781; 0.090006114894976; 28712.517144095; 28090.89; 2273.94
782; 0.0934514086285589; 28521.7023919869; 27881.21; 2256
783; 0.0954811111666998; 28182.1256668311; 27535.46; 2228.83
784; 0.101510348423107; 28004.298224201; 27302.24; 2275.45
785; 0.111715355227; 27708.6768538439; 26940.17; 2262.64
786; 0.113864635202783; 27491.8720939719; 26703.37; 2277.04
787; 0.116082366858176; 27181.8789385994; 26410.67; 2183.86
788; 0.122784286795505; 27000.8910169148; 26193.72; 2160.25
789; 0.119102952590444; 26640.3252848881; 25859.43; 2153.91
790; 0.118923468930938; 26468.7638916715; 25689.46; 2152.15
791; 0.129086465956032; 26255.9327627715; 25431.07; 2098.09
792; 0.124920447740313; 26080.278273997; 25301.13; 2047.45
793; 0.129106091878685; 25852.8032861585; 25065.27; 2002.01
794; 0.135394861351053; 25732.3663839158; 24914.42; 1982.43
795; 0.139257452973331; 25516.4462347339; 24669.28; 1996.17
796; 0.142559588673594; 25294.640294081; 24445.9; 1953.43
797; 0.145721326884848; 25125.5835308636; 24270.76; 1924.68
798; 0.146795456741573; 24875.0896760022; 24001.4; 1952.7
799; 0.151108542665538; 24707.2152867463; 23802.18; 1964.77
800; 0.148181935382198; 24483.3688520366; 23597.51; 1960.87
801; 0.145239077195319; 24292.2543884048; 23419.48; 1970.36
802; 0.142916215886265; 24035.7484684815; 23194.39; 1929.63
803; 0.147023293198097; 23897.7945858151; 23035.82; 1920.89
804; 0.148022552690153; 23714.4083073486; 22864.61; 1880.25
805; 0.147870272087098; 23554.7335260436; 22701.51; 1889.29
806; 0.153632412030553; 23367.1177568383; 22505.05; 1836.81
807; 0.148525104917291; 23225.3538526839; 22388.34; 1844.46
808; 0.143911856396828; 22979.6247197382; 22182.43; 1812.68
809; 0.148450477224486; 22875.3903468983; 22076.21; 1761.3
810; 0.151262829951412; 22645.1866927282; 21830.98; 1760.66
811; 0.148294245039262; 22468.1283037996; 21674.26; 1750.54
812; 0.148153391886703; 22252.5137769795; 21450.09; 1770.52
813; 0.147368588598987; 22106.6924768322; 21326.57; 1729.98
814; 0.139909294616077; 21890.1762751488; 21178.66; 1661.43
815; 0.148544080549093; 21801.3708643556; 21055.41; 1640.29
816; 0.159801608721606; 21628.878107785; 20829.34; 1633.88
817; 0.154238971010171; 21431.0029560946; 20672.04; 1606.64
818; 0.161764142636279; 21353.8455715682; 20564.39; 1593.19
819; 0.17178515386653; 21195.0002912267; 20383.83; 1541.22
820; 0.179534404872872; 21085.0214415863; 20226.51; 1560.41
821; 0.174744171523311; 20894.3953605105; 20023.8; 1625.28
822; 0.174288804577919; 20751.5500219852; 19906.78; 1580.73
823; 0.168372542796631; 20575.0433072855; 19737.53; 1621.8
824; 0.165334486133777; 20461.3171266732; 19657.41; 1584.92
825; 0.164445845751387; 20272.9802768327; 19467.41; 1596.73
826; 0.164563544500449; 20147.5680675413; 19351.12; 1577.52
827; 0.161937499995047; 19967.5041670464; 19210.18; 1524.5
828; 0.155316772000187; 19847.595302329; 19127.55; 1511.39
829; 0.156098952606281; 19695.1353950754; 18978.28; 1497.01
830; 0.157332338089966; 19528.2808179033; 18828.55; 1449.7
831; 0.164559423923175; 19424.3925584614; 18697.1; 1439.93
832; 0.160850740444045; 19253.7781573418; 18538.23; 1448.64
833; 0.164836230454257; 19154.5048393089; 18403.02; 1483.89
834; 0.169928336426833; 19030.3507839789; 18260.68; 1473.59
835; 0.178064794598752; 18956.5471412448; 18148.9; 1475.26
836; 0.188591764499402; 18850.6032544427; 18027.06; 1419.96
837; 0.190671868307391; 18758.4002435247; 17917.72; 1433.88
838; 0.192751647910445; 18590.5782274784; 17743.73; 1429
839; 0.190325229586243; 18405.939375726; 17601.7; 1375.38
840; 0.193736014082245; 18325.5936650533; 17526.81; 1342
841; 0.185306968885934; 18181.6920739123; 17435.5; 1312.15
842; 0.178168082121809; 18077.2671098779; 17379.08; 1276.64
843; 0.174154922637207; 17893.8279497479; 17210.56; 1277.82
844; 0.172248334591475; 17777.3150413215; 17103.94; 1272.97
845; 0.183243740887874; 17654.5999747254; 16944.14; 1262.16
846; 0.187254932025059; 17568.7084723682; 16847.44; 1253.63
847; 0.199294247969519; 17468.6641942378; 16669.25; 1305.18
848; 0.19950405869104; 17272.9368207826; 16495.05; 1268.41
849; 0.200498005411694; 17157.8423895289; 16379.33; 1262.81
850; 0.202144598281008; 16977.0348204424; 16192.74; 1261.5
851; 0.206882542621737; 16888.9495299391; 16094.37; 1248.49
852; 0.20003905512004; 16705.5613142088; 15963.03; 1206.31
853; 0.197527031576204; 16583.0137215164; 15864.14; 1182.46
854; 0.202337227941351; 16416.8776287708; 15694.26; 1160.06
855; 0.197185448740396; 16251.7427928291; 15542.64; 1167.84
856; 0.20433713754435; 16164.169011177; 15425.07; 1174.41
857; 0.203377432826903; 15988.7237653302; 15269.87; 1147.37
858; 0.207734575488079; 15891.4716308797; 15156.53; 1148.22
859; 0.209907383892307; 15725.2913135235; 14966.85; 1172.44
860; 0.218708713913226; 15640.1773934626; 14838.22; 1189.55
861; 0.216621413877735; 15472.6960249274; 14677.89; 1190.07
862; 0.221460496583521; 15301.9731091368; 14467.12; 1222.48
863; 0.221812922765278; 15186.2678333023; 14361.95; 1204.9
864; 0.233564253286797; 15033.3647994446; 14177.91; 1187.23
865; 0.238324975644504; 14915.0170070582; 14026.99; 1207.58
866; 0.233423332833551; 14681.8130501104; 13850.63; 1153.79
867; 0.235064614772906; 14435.4276735034; 13648.72; 1084.18
868; 0.233454992197346; 14265.407209259; 13521.48; 1032.09
869; 0.240133019018569; 14013.6485511797; 13329.47; 922.62
870; 0.230479252217327; 13813.2671404715; 13163.94; 912.12
871; 0.233575201174169; 13529.9354642479; 12889.74; 887.17
872; 0.22846851894002; 13326.3333095181; 12712.91; 868.9
873; 0.223865722516384; 13037.9687489746; 12432.42; 875.21
874; 0.226042340578518; 12764.0871895727; 12153.58; 873.68
875; 0.227540973196598; 12603.0400788644; 11959.66; 914.48
876; 0.217220866298263; 12323.8297749806; 11684.11; 952.29
877; 0.22115212819931; 12185.5503640065; 11525.8; 964.46
878; 0.226765132599978; 11986.9356859973; 11317.21; 954.59
879; 0.215826708614571; 11790.3632850742; 11168.8; 930.66
880; 0.21223135255815; 11689.7917548737; 11086.47; 918.47
881; 0.207445881481611; 11557.1684708881; 10970.52; 913.48
882; 0.205597267467429; 11462.3919515485; 10893.36; 893.84
883; 0.204346468359591; 11348.3926884135; 10813.38; 845.38
884; 0.207946599830878; 11255.2631866398; 10725.52; 822.4
885; 0.206992596679948; 11174.948450564; 10647.88; 821.83
886; 0.211269934278597; 11087.8789607349; 10579.02; 777.22
887; 0.212947857221503; 11031.5415582887; 10508.65; 792.23
888; 0.212887247873503; 10949.2273326937; 10447.87; 759.72
889; 0.218422111348185; 10907.7706253892; 10400.33; 749.33
890; 0.230560678168438; 10891.1264787314; 10369.11; 730.15
891; 0.240719502590444; 10872.2229177574; 10345.84; 705.07
892; 0.241636847058201; 10892.7703046122; 10355.45; 716.87
893; 0.251876924040197; 10977.5819417501; 10403.61; 734.54
894; 0.254351047315805; 11086.0131032956; 10493.42; 750.87
895; 0.267732246485759; 11200.3736873284; 10563.74; 766.23
896; 0.26218461604081; 11356.7484886877; 10706.65; 798.86
897; 0.248507490887705; 11448.9610738805; 10800.41; 840.71
898; 0.245844099260855; 11614.6998088438; 10977.65; 834.61
899; 0.243770089195284; 11826.9718226788; 11155.61; 886.9
900; 0.245027865769827; 11963.1043035981; 11278.16; 900.05
901; 0.244209865921881; 12116.6087189459; 11413.41; 927.01
902; 0.24283595994774; 12230.1830692844; 11511.18; 953.05
903; 0.245745395233784; 12296.2473602225; 11568.8; 952.67
904; 0.245540509778461; 12326.848828338; 11603.65; 947.74
905; 0.255497981790663; 12346.522142239; 11594.96; 946.4
906; 0.250483302240091; 12273.0240748704; 11527.23; 957.78
907; 0.244815095867073; 12111.4902280644; 11387.4; 951.28
908; 0.245599867920308; 11976.0474118784; 11255.71; 943.17
909; 0.237197356495722; 11697.4650972129; 11022.24; 915.3
910; 0.226839389260949; 11366.7097093089; 10744.29; 882.1
911; 0.225418320706978; 11138.6379959163; 10536.51; 858.58
912; 0.216821616531705; 10739.0980070114; 10192.08; 810.79
913; 0.224082767652093; 10479.0279677599; 9941.88; 770.26
914; 0.219717146200364; 10057.9000282532; 9570.46; 712.75
915; 0.246320973716804; 9682.8460999258; 9176.4; 660.45
916; 0.259641709502221; 9431.24852858345; 8929.38; 620.8
917; 0.260949653694645; 9056.82890158184; 8559.24; 612.34
918; 0.277360127196455; 8726.09059749359; 8211.41; 595.8
919; 0.2765654261252; 8493.43417790058; 7994.28; 579.41
920; 0.267848005204427; 8167.40102571803; 7686.77; 575.99
921; 0.265352749655231; 7859.46423821355; 7388.2; 570
922; 0.263141840334876; 7652.29785512166; 7199.05; 552.76
923; 0.252575067230718; 7351.0570287375; 6924.17; 542.32
924; 0.261293664299453; 7170.9884741525; 6746.85; 520.78
925; 0.263881620141852; 6885.70069464307; 6484.36; 487.89
926; 0.272384937367921; 6619.5024044232; 6230.74; 457.8
927; 0.280930122311353; 6447.94992897287; 6055.54; 447.98
928; 0.279446829465757; 6181.67046862755; 5799.08; 439.03
929; 0.296023110558337; 5924.70608156238; 5533.53; 423.69
930; 0.294662422270673; 5719.67395827292; 5344.2; 408.52
931; 0.292521485716743; 5397.68196035518; 5041.86; 389.92
932; 0.284552779050539; 5038.89750818588; 4693.06; 389.54
933; 0.290514779179977; 4762.60336419116; 4439.47; 356.45
934; 0.290349922864537; 4314.76436175289; 4025.96; 318.72
935; 0.301164348052777; 3832.54277785137; 3568.06; 281.37
936; 0.304124990485704; 3492.14349431513; 3261.67; 242.77
937; 0.289133700409977; 3009.20390550853; 2808.63; 222.2
938; 0.30928363822037; 2570.01184849182; 2396.02; 180.17
939; 0.321394047919246; 2299.62148283183; 2157.94; 141.17
940; 0.302948503663543; 1967.35599685577; 1833.58; 141.39
941; 0.26598276128729; 1717.32910276248; 1605.61; 134.47
942; 0.266873147780268; 1606.13671553749; 1508.26; 117.4
943; 0.226438603674178; 1486.86392708234; 1409.27; 109.68
944; 0.238220735614831; 1436.64564935303; 1365.7; 95.31
945; 0.222850174484646; 1424.47746638814; 1355.67; 98.8
946; 0.217944143334442; 1448.94014234101; 1367.17; 120.04
947; 0.240051609869352; 1505.88874870684; 1416.54; 119.07
948; 0.261553555195053; 1559.86495435048; 1464.94; 116.09
949; 0.263418829164444; 1630.76865718776; 1531.25; 120.83
950; 0.287408754931398; 1727.82493089498; 1619.57; 120.45
951; 0.302041938331894; 1800.39311663396; 1685.78; 121.33
952; 0.319363909178132; 1911.05698128168; 1779.47; 131.73
953; 0.341856490995559; 2017.88882219919; 1882.17; 126.91
954; 0.321935921275079; 2083.14746743935; 1946.94; 135.23
955; 0.27894102235755; 2178.39033818107; 2037.35; 161.59
956; 0.267311584141766; 2273.70970490712; 2124.29; 178.62
957; 0.254189402388136; 2335.89801693187; 2187.74; 186.23
958; 0.228621746390786; 2403.09644566903; 2247.3; 217.71
959; 0.232982908887739; 2475.68087047769; 2317.73; 216.56
960; 0.233933166162466; 2516.53098960364; 2360.09; 213.59
961; 0.232534653906408; 2580.58901127558; 2424.74; 214.04
962; 0.244520023440472; 2626.84805013109; 2474.76; 198.61
963; 0.260636340513921; 2650.56583869668; 2512.71; 168.87
964; 0.304625062394282; 2696.65777525477; 2535.92; 168.45
965; 0.384043682095631; 2736.7914726992; 2566.69; 141.38
966; 0.366185055411456; 2750.96025156661; 2577.83; 150.9
967; 0.344240086436715; 2753.60856318469; 2583.13; 158.04
968; 0.337485202738555; 2766.31703561484; 2579.15; 176.96
969; 0.358115590324989; 2775.58276240826; 2572.79; 180.67
970; 0.325220321455779; 2769.22630524606; 2561.66; 203.6
971; 0.288131460751562; 2751.22562590178; 2563.25; 208.09
972; 0.258511754106677; 2738.38598334862; 2558.88; 221.46
973; 0.249044672117604; 2730.30960658617; 2551.45; 229.02
974; 0.26346377484656; 2720.64224275103; 2528.64; 232.37
975; 0.263967256116867; 2693.36165999323; 2523.86; 204.72
976; 0.254945522922974; 2674.16288179122; 2511.8; 203.01
977; 0.237099865176571; 2658.66411235694; 2510.21; 199.57
978; 0.25731268888131; 2639.45261003328; 2482.35; 194.58
979; 0.27961523087967; 2614.14778227096; 2458.6; 177.27
980; 0.296184145810109; 2584.18145491708; 2444.27; 150.51
981; 0.309433287580721; 2549.04822942201; 2419.05; 133.84
982; 0.267241641560248; 2502.21812693319; 2367.4; 160.7
983; 0.263441074908891; 2469.85014678311; 2336.46; 161.27
984; 0.282972586600105; 2424.87385203708; 2282.81; 159.88
985; 0.282524437381408; 2387.99782055185; 2251.06; 154.34
986; 0.252388474634138; 2332.50803687841; 2207.6; 157.57
987; 0.237408177446854; 2311.78820885057; 2186.34; 168.22
988; 0.213753285445894; 2265.55719854608; 2145.24; 179.17
989; 0.251504610243655; 2238.84001043786; 2108.12; 165.42
990; 0.257036196634716; 2216.24201884753; 2081.64; 166.65
991; 0.236812875555531; 2167.96838357423; 2041.03; 170.56
992; 0.233770648944952; 2119.97341634377; 1997.25; 167.02
993; 0.232455113552871; 2075.52097631039; 1966.49; 149.21
994; 0.238363859687338; 2047.57704072441; 1939.72; 143.93
995; 0.256535020547738; 2007.63478260966; 1900.4; 132.95
996; 0.255935916017643; 1959.96445339591; 1864.41; 118.73
997; 0.233270385812295; 1908.80483176407; 1824; 115.6
998; 0.241710331615875; 1882.80364458962; 1807.07; 99.62
999; 0.210683435160056; 1832.28795593121; 1765.18; 101.26
1000; 0.25279258293678; 1806.15399592897; 1720.09; 108.22
1001; 0.27118484728359; 1779.34817179564; 1685.52; 109.97
1002; 0.275439695635912; 1733.04072073491; 1645.32; 101.21
1003; 0.225917055798518; 1688.98604894183; 1611.79; 108.58
1004; 0.253740320137852; 1659.47790109425; 1578.38; 101.55
1005; 0.279849869265883; 1642.11604845069; 1549.12; 105.57
1006; 0.334326901730371; 1607.91854226191; 1516.9; 86.48
1007; 0.328307131831251; 1555.8046558538; 1481.6; 71.79
1008; 0.262661310769193; 1504.85210802343; 1453.64; 61.92
1009; 0.263158166775713; 1483.31752925699; 1434.1; 59.39
1010; 0.297419723535411; 1445.31948295833; 1395.29; 53.41
1011; 0.276773950552732; 1403.57964348585; 1360.61; 49.29
1012; 0.168333236692272; 1353.39107165077; 1324.04; 55.35
1013; 0.208883383490419; 1339.73786563585; 1288.94; 77.19
1014; 0.237966563129952; 1307.85875444386; 1240.43; 89.93
1015; 0.281913146465834; 1291.3768215306; 1208.26; 93.56
1016; 0.320875969509721; 1258.94846351792; 1185.47; 72.66
1017; 0.351760783401987; 1240.17954221871; 1156.76; 75.24
1018; 0.352336456125977; 1208.67240522401; 1123.75; 76.46
1019; 0.390678841639103; 1181.17359714078; 1094.23; 70.59
1020; 0.356196812104761; 1143.75124221891; 1067.91; 67.53
1021; 0.317746994143633; 1126.84838929471; 1061.87; 64.85
1022; 0.344543651657525; 1099.61168474741; 1032.33; 61.92
1023; 0.26863296160399; 1064.69873731434; 995.4; 81.79
1024; 0.261065378838779; 1030.04681560165; 986.13; 53.33
1025; 0.239828929537941; 1013.66170945671; 973.1; 53.61
1026; 0.220135891587369; 986.925237321701; 952.67; 49.32
1027; 0.275530207376377; 966.635248235033; 934.38; 37.1
1028; 0.258443419576508; 940.704969586707; 908.57; 39.4
1029; 0.269706352375217; 920.677666798035; 890.68; 35.24
1030; 0.448026556730362; 901.981039683417; 861.62; 28.54
1031; 0.45473534958177; 884.62612953658; 834.97; 34.59
1032; 0.516442223288882; 863.10884141824; 813.72; 30.29
1033; 0.549156806627935; 842.1155403762; 789.35; 30.43
1034; 0.556591815284713; 829.603365047325; 780.6; 27.88
1035; 0.505171715006089; 802.553933144885; 755.68; 29.38
1036; 0.793568344734058; 787.611792999929; 748.41; 15.64
1037; 0.63915906167009; 771.991609457165; 732.52; 19.55
1038; 0.530848708546251; 759.602569943612; 727.94; 18.88
1039; -0.125919044369456; 780.21622614388; 755.57; -61.95
1040; 0.7442238292944; 726.47910108055; 691.58; 14.84
1041; 0.0857592489948634; 695.759128305589; 681.33; 53.24
