# 16/03/2019 15:07:45
# NanoCalc data
# Original file name: C:\SVA_DATA\StudentProjects\2018_Nathan\PS_160319\PSswelling_16_03_19_740.dat
# Fit Result : Fitness; Thickness 1; Thickness 2; Thickness 3 
# Fit Result : 0.450631791964069; 2; 311.2; -1
# comment:PS id: 348 slowslow swelling at 13:07
#
# WaveLength; Reflectance; Raw Intensity; Dark Intensity; Reference Intensity
400; 0.306275348203313; 4443.47006245518; 4128.73; 498.3
401; 0.269003208753493; 4555.13077226602; 4281.21; 491.63
402; 0.258532333229104; 4654.56901653833; 4392.47; 487.32
403; 0.261789607804524; 4761.25751217149; 4494.68; 487.45
404; 0.246662172692052; 4867.19859046828; 4615.44; 486.53
405; 0.243589944568841; 5048.75327624325; 4790.2; 504
406; 0.238297672635507; 5157.7768650001; 4891.23; 529.04
407; 0.251042540480597; 5292.50587451094; 5004.66; 540.18
408; 0.238579032178952; 5394.39417365855; 5101.67; 575.74
409; 0.22655718050489; 5504.99010245808; 5219.95; 588.19
410; 0.230266419553615; 5673.54943580221; 5376.23; 601.39
411; 0.222637627067779; 5769.63236719389; 5472.62; 619.16
412; 0.210300694720772; 5850.03231463533; 5572.99; 609.24
413; 0.199460274086573; 5921.24288431774; 5656.11; 612.69
414; 0.165159171697694; 6018.58151979785; 5797.98; 613.59
415; 0.146534623956925; 6086.31358296454; 5886.56; 624.16
416; 0.121992303323317; 6138.22675148525; 5971.21; 624.77
417; 0.120611088440334; 6234.3691204347; 6067.74; 628.37
418; 0.102323477771877; 6344.69640919046; 6202.36; 630.58
419; 0.0825367762733333; 6427.02430342159; 6310.91; 635.83
420; 0.0774004110715724; 6533.30498636248; 6423.12; 641.48
421; 0.0658691715027088; 6647.84168041418; 6553.44; 643.92
422; 0.060837193963122; 6809.11912015392; 6719.62; 659.04
423; 0.0671218359448751; 6929.81905544162; 6825.99; 690.92
424; 0.068987749411893; 7065.49824766609; 6954.73; 715.03
425; 0.0660748074188576; 7208.20146005587; 7100.68; 722.7
426; 0.0813972085789986; 7435.52305854646; 7291.52; 783.57
427; 0.0868762197602887; 7599.63728077963; 7441.53; 803.85
428; 0.080835591730445; 7733.41170671084; 7580.19; 834.93
429; 0.0807593161300602; 7872.72789118031; 7715.94; 853.06
430; 0.07819534154206; 8102.85031705332; 7945.72; 880.75
431; 0.0830087491161228; 8258.20759150284; 8084.29; 916.06
432; 0.0861778559966609; 8379.31196954248; 8199.59; 909.55
433; 0.0744276661779696; 8472.75952792231; 8310.91; 946.14
434; 0.0717930436352954; 8643.04136047709; 8484.39; 959.16
435; 0.0680168105550467; 8752.90845320496; 8602.52; 957.61
436; 0.0758159266483634; 8857.57796149496; 8688.3; 964.91
437; 0.0762653644039276; 8979.93185944931; 8807.31; 975.92
438; 0.0720817733703774; 9137.61000998042; 8973.36; 980.21
439; 0.0803023347252479; 9243.28216173552; 9055.15; 1005.5
440; 0.0675370707341001; 9326.76837636605; 9166.34; 1017.16
441; 0.0672112695997803; 9444.16591920234; 9282.43; 1028.13
442; 0.0732419687928055; 9635.46987421551; 9458.75; 1028.56
443; 0.0699924904963575; 9749.78387085398; 9583.99; 1007.55
444; 0.0611459310461737; 9893.1875978561; 9747.02; 1014.57
445; 0.0536069957708612; 10013.4862851375; 9884.78; 1016.71
446; 0.0656704800007933; 10242.0042938427; 10083.61; 1019.05
447; 0.0679411950802774; 10421.5882540047; 10250.15; 1063.82
448; 0.0652430218394126; 10605.5069968644; 10438.6; 1076.19
449; 0.0771493478275474; 10932.8595013589; 10729.27; 1107.78
450; 0.085805950076746; 11151.5992704248; 10918.08; 1140
451; 0.0886293895372196; 11363.0008179863; 11119.59; 1148.12
452; 0.0889368847741042; 11568.3343569957; 11317.34; 1177.39
453; 0.0955138057387123; 11931.932055305; 11649.5; 1231.2
454; 0.0962590287950921; 12199.2380036359; 11910.85; 1244.96
455; 0.0955480759545224; 12434.1800226197; 12145.22; 1254.26
456; 0.10287112903837; 12712.84461493; 12401.32; 1253.51
457; 0.109306878694648; 13118.7315529587; 12779.62; 1281.75
458; 0.110077892687609; 13413.4000847669; 13057.99; 1331.39
459; 0.115102258403437; 13678.1277121351; 13298.95; 1355.89
460; 0.117473862110371; 13960.7924412569; 13561.85; 1395.15
461; 0.124929854363121; 14360.8522973219; 13933.24; 1403.55
462; 0.135440697593243; 14617.3709561679; 14137.18; 1451.1
463; 0.135522343573095; 14838.9659518695; 14347.89; 1480.41
464; 0.145688586076678; 15243.1647221194; 14697.65; 1526.98
465; 0.156015214486931; 15536.7929100685; 14948.09; 1536.14
466; 0.156504945924907; 15813.9133250825; 15217.68; 1548.2
467; 0.158332530852964; 16097.9164700157; 15491.31; 1554.34
468; 0.161600669514879; 16647.3988300974; 16005.76; 1608.14
469; 0.168581817724015; 17041.3570548894; 16367.5; 1616.28
470; 0.175169350248296; 17444.3238655704; 16726.43; 1654.44
471; 0.174336924716071; 17899.0317765817; 17152.92; 1724.85
472; 0.174746007377127; 18636.9221566941; 17848.48; 1815.49
473; 0.17299059736461; 19142.2701613285; 18337.26; 1869.44
474; 0.17752726517418; 19707.2780443869; 18857.85; 1919.08
475; 0.192308646084927; 20714.9848423017; 19747.25; 2015.09
476; 0.195827543885118; 21344.1697085792; 20330.81; 2068.81
477; 0.192517604156665; 22015.1540813986; 21002.14; 2100.32
478; 0.196387455038778; 22829.2555701878; 21749.8; 2190.43
479; 0.208312575588791; 24042.5729625916; 22855.75; 2266.9
480; 0.208532824322897; 24870.3686864257; 23642.88; 2338.44
481; 0.220121075640547; 25706.8792785479; 24387.3; 2377.96
482; 0.226857787561439; 27002.3595867062; 25566.6; 2506.71
483; 0.236147830429266; 27885.079363847; 26359.04; 2555.76
484; 0.24473164047714; 28757.6856473656; 27132.3; 2622.74
485; 0.253516115695745; 29634.9529649323; 27904.38; 2691.67
486; 0.260466546125778; 30756.0641661175; 28891.56; 2818.29
487; 0.258089471449417; 31475.5508472755; 29557.13; 2922.08
488; 0.261248176288083; 32189.5280782073; 30228.25; 2946.77
489; 0.269764979271071; 32880.0016316788; 30828.85; 2980.24
490; 0.272330353119102; 33803.6355087653; 31675.19; 3059.02
491; 0.272942432798179; 34346.4853263698; 32202.1; 3071.01
492; 0.268872760229957; 34855.0311496165; 32681.91; 3155.14
493; 0.269301114243727; 35569.9248840678; 33367.32; 3188.82
494; 0.267953669539235; 36025.3930230085; 33806.15; 3225.04
495; 0.272201773824049; 36492.4716557586; 34237.31; 3222.06
496; 0.274678582527496; 37107.1681088867; 34809.18; 3249.64
497; 0.280293776257856; 37528.9228871712; 35171.51; 3262.86
498; 0.279083938071388; 37905.9924634464; 35529.07; 3300.04
499; 0.27868472738632; 38345.9876122239; 35957.07; 3317.25
500; 0.28722783793292; 38926.8813488433; 36455.96; 3324.93
501; 0.286774256817483; 39339.2532194092; 36819.54; 3391.56
502; 0.292060708417049; 39765.3101790526; 37176.1; 3417.51
503; 0.301026161162849; 40427.0581334152; 37664.75; 3532.88
504; 0.305016627251609; 40877.9295365666; 38078.63; 3528.83
505; 0.304191253896703; 41368.7963499466; 38492.74; 3631.1
506; 0.304344110274541; 41826.7930157705; 38939.42; 3639.21
507; 0.310951819837961; 42521.5046026383; 39542.79; 3670.33
508; 0.313836874306951; 43002.7670218458; 39980.31; 3685.74
509; 0.315280965550341; 43489.0722759243; 40433.11; 3705.42
510; 0.328412977581835; 44285.3528292382; 41112.62; 3688.99
511; 0.325303583508249; 44747.0852143356; 41570.54; 3724.49
512; 0.326914809538374; 45271.2460178691; 42009.35; 3801.38
513; 0.332205057751892; 45992.9385743183; 42653.8; 3825.15
514; 0.334216501632209; 46518.7860740534; 43089.63; 3900.16
515; 0.336044961427713; 47042.0908552655; 43574.42; 3918.1
516; 0.340260011762019; 47536.7879533704; 43959.13; 3987.71
517; 0.343450850640044; 48323.8815399468; 44608.66; 4097.84
518; 0.333642817978328; 48798.4666893922; 45093.66; 4201.72
519; 0.335189817083887; 49348.2141074785; 45585.82; 4242.52
520; 0.34081628748829; 50183.5969536575; 46354.32; 4241.93
521; 0.342965434552298; 50707.5197958568; 46836.25; 4257.03
522; 0.344152973768177; 51219.0087980231; 47290.23; 4300.76
523; 0.345416010475826; 51994.4952193411; 47955.64; 4400.48
524; 0.343767405934275; 52536.3827814655; 48473.51; 4443.21
525; 0.346577171204594; 53031.2772382957; 48920.91; 4454.13
526; 0.351225404068049; 53712.0205888227; 49544.96; 4451.22
527; 0.351572077815817; 54121.9083307383; 49917.2; 4482.6
528; 0.347135679923339; 54446.1324374735; 50237.52; 4539.52
529; 0.347967729404057; 54770.8707974858; 50576.77; 4508.6
530; 0.345557915875981; 55181.3261743397; 50993.65; 4528.72
531; 0.342591527781288; 55400.8839882432; 51174.87; 4605.53
532; 0.339515085979467; 55596.9652579956; 51347.43; 4668.84
533; 0.333771354683683; 55838.367385125; 51578.11; 4756.79
534; 0.334142107668077; 56019.2566836725; 51722.03; 4788.33
535; 0.332308260706666; 56205.0101760692; 51885.84; 4834.27
536; 0.338067653943589; 56496.5365177049; 52097.07; 4835.29
537; 0.33243385388686; 56672.5895059378; 52264.71; 4921.33
538; 0.331573156389829; 56853.8689723215; 52444.34; 4930.62
539; 0.329357567977389; 57150.9776863017; 52766.82; 4930.26
540; 0.32687257285287; 57318.993238297; 52950.34; 4945.18
541; 0.329662640480754; 57615.9022487537; 53157.19; 5000.24
542; 0.33388233253998; 57995.0768714285; 53506.74; 4965.7
543; 0.338136667951529; 58252.6703748661; 53737.46; 4928.71
544; 0.338361424314495; 58523.919287647; 54002.84; 4927.96
545; 0.338224873410246; 58937.7536194281; 54398.29; 4945.97
546; 0.339311458128858; 59260.5828079448; 54667.39; 4984.42
547; 0.342393791495446; 59566.378696453; 54963; 4946.21
548; 0.347889705755031; 60164.7906904055; 55485.77; 4943.89
549; 0.346042768074478; 60434.0656166875; 55780.6; 4938.83
550; 0.342524291132511; 60729.9477003759; 56082.81; 4978.56
551; 0.341910423254078; 61079.1851927281; 56442.1; 4972.49
552; 0.34281556549043; 61571.3741195542; 56912.56; 4978.37
553; 0.346555577550376; 61886.6326890318; 57170.85; 4980.75
554; 0.342962128493913; 62185.5990253632; 57462.94; 5035.98
555; 0.338598690385911; 62655.3583476814; 57899.63; 5132.21
556; 0.333108491960964; 62899.9861818901; 58218.74; 5130.57
557; 0.3279081015272; 63184.1275323521; 58560.38; 5143.51
558; 0.325574304724363; 63725.1630719434; 59102.67; 5174.53
559; 0.321205553395415; 64114.7238822818; 59482.74; 5251.16
560; 0.313280828111922; 64516.3020028075; 59907.96; 5351.9
561; 0.308744131046513; 65302.2401817049; 60680.51; 5441.76
562; 0.310161473283941; 65893.3166603215; 61275.73; 5407.36
563; 0.312243125424264; 66516.7690516579; 61881.59; 5387.39
564; 0.318408761915505; 67563.4465829622; 62777.77; 5450.16
565; 0.318993457889311; 68177.7768003001; 63329.69; 5507.06
566; 0.319290264414364; 68775.2751300523; 63858.49; 5575.79
567; 0.31012180698058; 69448.6264618263; 64591.04; 5667.63
568; 0.309814077564303; 69783.0980854814; 64947.29; 5643.95
569; 0.306088962781151; 69941.2417629472; 65185.62; 5613.9
570; 0.29877225509833; 69993.2881506256; 65338.74; 5625.12
571; 0.294466868532732; 69947.6871865571; 65313.57; 5677.94
572; 0.285275883148615; 69796.1081660742; 65256.1; 5737.27
573; 0.282851481543243; 69481.5119155499; 65014.32; 5689.09
574; 0.27986603877981; 69176.5347274118; 64809.91; 5615.69
575; 0.283437228355635; 68844.3800841506; 64479.72; 5538
576; 0.282517553330655; 68678.5021771907; 64344.84; 5512.29
577; 0.278843511504335; 68491.3088034405; 64163.52; 5573.02
578; 0.278757703860275; 68222.832010596; 63925.39; 5531.34
579; 0.2769691657454; 68048.1748750033; 63786.68; 5516.34
580; 0.277065998722205; 67869.5576424287; 63688.94; 5405.68
581; 0.272888813476898; 67624.7607599949; 63511.61; 5396.07
582; 0.270146653229887; 67484.7102537191; 63395.76; 5414.97
583; 0.262773269705367; 67288.1293242182; 63297.12; 5429.9
584; 0.256758962800578; 67041.2023075205; 63141.9; 5425.87
585; 0.257334591766603; 66951.6401834507; 63062.85; 5395.63
586; 0.259482918805289; 66869.6970208509; 62944.34; 5397.76
587; 0.255072255316753; 66678.0533934866; 62792.76; 5431.66
588; 0.254442650325214; 66572.4191360463; 62654.36; 5487.59
589; 0.253530770666879; 66496.8306900578; 62566.82; 5520.82
590; 0.255521615488392; 66487.378783265; 62512.58; 5536.76
591; 0.257514552389015; 66525.2254071563; 62505.81; 5552.09
592; 0.258113756657026; 66562.3044992015; 62513.67; 5575.96
593; 0.254385667670358; 66576.6521415136; 62611.92; 5536.94
594; 0.250065726416986; 66617.958513893; 62693.31; 5572.13
595; 0.245649829623278; 66831.0162083572; 62989.14; 5549.16
596; 0.242861725615066; 67039.3652976222; 63234.76; 5554.9
597; 0.239911396003984; 67348.7658173444; 63610.07; 5522.3
598; 0.236432285736879; 67867.5876391318; 64126.97; 5602.89
599; 0.233594899873618; 68271.847344874; 64545.09; 5646.35
600; 0.228737829609272; 68736.430775346; 65063.58; 5679.23
601; 0.229416401269055; 69699.1051335891; 65916.6; 5827.78
602; 0.227896993011755; 70390.9195071931; 66585.74; 5898.21
603; 0.230693622862435; 71113.9994953833; 67192.33; 6001.26
604; 0.226111511482882; 72043.7819040947; 68063.31; 6210.72
605; 0.225767604554831; 72626.8590096485; 68568.75; 6337.63
606; 0.223512431294615; 73231.2685574646; 69197.15; 6359.84
607; 0.220664498917608; 73923.0439129851; 69914.96; 6396.43
608; 0.216765236101365; 74270.8707856874; 70317.9; 6418.02
609; 0.211905020424312; 74640.5201933012; 70777.29; 6412.24
610; 0.209491070311802; 74742.7214598144; 70888.42; 6467.16
611; 0.20708271073674; 74819.8354781429; 71003.56; 6474.02
612; 0.204417217170021; 74790.92712679; 71007.29; 6498.34
613; 0.200737632502443; 74696.0987448088; 70998.27; 6463.39
614; 0.19649424568984; 74436.3415873052; 70832.33; 6431.65
615; 0.1916705299337; 73941.5524498204; 70445.1; 6392.96
616; 0.191024074113589; 73591.9710156847; 70072.58; 6452.68
617; 0.183980588958883; 72824.4549626324; 69438.15; 6442.73
618; 0.182844268621228; 72380.9314431802; 69078.18; 6319.07
619; 0.178698742429935; 71845.8016715912; 68627.06; 6297.82
620; 0.173622868737516; 71098.6952307038; 68049.15; 6137.91
621; 0.172166548970419; 70549.0704576351; 67566.24; 6051.33
622; 0.170816777235662; 70078.3113108731; 67148.78; 5987.11
623; 0.172928008194592; 69448.778387828; 66516.87; 5915.96
624; 0.170863245224569; 68995.3062253188; 66173.83; 5759.15
625; 0.169512277137092; 68407.8563255399; 65647.4; 5676.76
626; 0.165283740408913; 68004.3694050379; 65330.01; 5637.68
627; 0.158302773458868; 67577.1603172804; 65052.88; 5553.44
628; 0.154378620350857; 66984.9586761975; 64518.76; 5560.88
629; 0.14891908824455; 66614.6078899557; 64241.88; 5543.73
630; 0.14777205015834; 66287.0794913237; 63905.68; 5604.62
631; 0.140403856904205; 65729.251029506; 63476.06; 5578.78
632; 0.14063920512058; 65438.6239788661; 63179.09; 5582.73
633; 0.144237692458001; 65048.27913132; 62767.42; 5492.47
634; 0.141999861966202; 64728.8588831408; 62514; 5415.11
635; 0.145238882485082; 64490.4853771001; 62254.26; 5342.51
636; 0.144085633928156; 64149.8847864069; 61987.01; 5205.79
637; 0.143515234846699; 63918.9016210208; 61764.54; 5202.77
638; 0.141702621299728; 63672.2850685869; 61555.63; 5173.97
639; 0.13191005028938; 63288.6778882565; 61337.24; 5121.28
640; 0.128800196018367; 63096.2626433987; 61186.77; 5129.09
641; 0.121032040245045; 62735.5991013576; 60926.44; 5168.8
642; 0.119271670636065; 62542.925099242; 60738.15; 5229.66
643; 0.114376558529245; 62374.317238787; 60655.06; 5192.52
644; 0.111472590423692; 62070.24720497; 60375.33; 5249.78
645; 0.109439078080303; 61860.818782856; 60187.65; 5276.42
646; 0.108008456723111; 61586.2744654996; 59942.03; 5251.45
647; 0.110085748188477; 61434.0311328058; 59767.67; 5219.54
648; 0.108675907507437; 61217.2594318899; 59567.72; 5231.75
649; 0.104195269708779; 60919.7490379223; 59337.46; 5231.98
650; 0.105050368763602; 60762.5490091296; 59168.18; 5226.73
651; 0.106542409870939; 60557.1814360584; 58909.88; 5322.15
652; 0.101965676360701; 60357.921436482; 58799.62; 5257.98
653; 0.0988268963118069; 60225.3403842168; 58744.82; 5151.64
654; 0.0956957423204918; 60046.8798231554; 58622.74; 5115.21
655; 0.0913048255266637; 59898.4211472133; 58553.86; 5059.56
656; 0.0902513597601859; 59710.8069545556; 58381.47; 5058.59
657; 0.0886557119575096; 59567.1391231126; 58256.17; 5076.7
658; 0.084477781000627; 59417.6197798982; 58185.35; 5006.18
659; 0.0816896389647755; 59225.9870144819; 58052.77; 4926.93
660; 0.0817677066555779; 59119.3416434209; 57954.92; 4883.32
661; 0.0783279362217481; 58875.4862705223; 57747.73; 4934.5
662; 0.0796085892954081; 58765.6482580219; 57625.64; 4905.27
663; 0.0818297806359979; 58689.7834882354; 57524.13; 4876.89
664; 0.0797579330820476; 58540.1529686275; 57417.09; 4818.06
665; 0.0779202896501729; 58421.9532671166; 57335.16; 4770.59
666; 0.0748060703594329; 58237.5860370898; 57198.04; 4751.34
667; 0.0679316850673642; 58034.3647299782; 57082.23; 4790.65
668; 0.0661907828220185; 57864.2345697125; 56937.17; 4785.78
669; 0.0671681993625608; 57674.1014957396; 56731.7; 4792.32
670; 0.0649672416017153; 57514.0656865812; 56601.69; 4794.97
671; 0.0603577487116452; 57244.0992538108; 56396.69; 4790.96
672; 0.0578323347568106; 57064.5863212535; 56255.13; 4773.54
673; 0.0544381244454822; 56884.0424871826; 56121.1; 4776.93
674; 0.0491559989736252; 56551.1009118987; 55860.44; 4786.34
675; 0.0538748787044685; 56399.1772804412; 55641.32; 4789.86
676; 0.0553460940080698; 56062.1933019077; 55281.89; 4798.49
677; 0.0551581419267535; 55805.689207943; 55029.44; 4788.26
678; 0.0555180323657017; 55424.3954464352; 54649.42; 4747.72
679; 0.0553986399336007; 55140.3970800547; 54370.61; 4724.41
680; 0.0534783794620031; 54797.7726788538; 54053.07; 4733.02
681; 0.0550818856877911; 54322.8004484052; 53553.6; 4744.7
682; 0.0553085390839215; 54024.146134628; 53266; 4655.54
683; 0.0536584830763569; 53590.8564447981; 52864.11; 4598.17
684; 0.0484587118239698; 53263.0238194404; 52608.7; 4582.53
685; 0.0416810892534143; 52792.986048229; 52237.34; 4522.46
686; 0.0395439103928876; 52442.8968988366; 51913.98; 4535.94
687; 0.0409987854222988; 52196.1233085358; 51649.53; 4519.43
688; 0.0401257455909508; 51818.0736759046; 51295.5; 4413.25
689; 0.037241690331475; 51549.1050355514; 51070.3; 4355.19
690; 0.0331723976579389; 51124.5639588604; 50699.74; 4336.51
691; 0.0335325963537362; 50839.2347754265; 50413.55; 4296.94
692; 0.0402022736554365; 50642.0745827445; 50130.14; 4308.56
693; 0.0446573432757026; 50272.0054309504; 49696.67; 4357.39
694; 0.0426810953143955; 50012.7695700055; 49465.93; 4331.64
695; 0.041919946122586; 49575.1533379408; 49036.92; 4339.05
696; 0.0453344837480515; 49349.8497683609; 48764.73; 4359.91
697; 0.0506101698372014; 49026.8732994144; 48370.16; 4381.3
698; 0.052896768204501; 48769.7514328698; 48079.54; 4403.87
699; 0.0537862425937397; 48418.4142973925; 47719.76; 4382.3
700; 0.0512118415096205; 48131.2215429331; 47469.65; 4356.59
701; 0.0480779204596371; 47868.1790398439; 47257.62; 4281.45
702; 0.0459754594996188; 47488.7390826434; 46910.58; 4238.24
703; 0.0464666322243719; 47252.2755156692; 46677; 4171.26
704; 0.0386335277217091; 46860.0478317629; 46395.78; 4047.67
705; 0.0387969306892523; 46584.9214464727; 46117.47; 4056.66
706; 0.0380036216649178; 46199.9092135492; 45748.44; 3998.29
707; 0.0300145808618919; 45916.6902601156; 45565.62; 3935.03
708; 0.0283770200502416; 45727.2113604837; 45404.96; 3818.82
709; 0.0286214511286858; 45391.2102998912; 45067.9; 3797.26
710; 0.0265740801471269; 45162.6794323277; 44868.29; 3722.61
711; 0.0292999824643122; 44835.4559911431; 44507.27; 3763.08
712; 0.0330075776660094; 44602.4559977239; 44234.63; 3743.06
713; 0.0287301066238735; 44268.4901235796; 43956.65; 3645.02
714; 0.0274568352140691; 43969.1289459287; 43673.52; 3614.87
715; 0.0290499260905857; 43555.8139816556; 43250.26; 3530.39
716; 0.0295313946424673; 43216.1122869846; 42906.92; 3513.11
717; 0.0253463838595432; 42820.9839403778; 42561.47; 3434.15
718; 0.027630533016065; 42278.1356451714; 42001.83; 3352.76
719; 0.0266017645913366; 41895.797081261; 41637.91; 3248.89
720; 0.023181840521613; 41303.9494154621; 41084.95; 3164.74
721; 0.025863847385081; 40962.2109202989; 40719.31; 3144.99
722; 0.0252048840039356; 40407.5862633457; 40173.84; 3104.44
723; 0.0262641922540656; 40061.1556189434; 39818.44; 3092.41
724; 0.0238012204772659; 39584.6450327004; 39369.63; 3021.85
725; 0.0300475110181214; 39361.9507552168; 39089.54; 3031.51
726; 0.0288889958901304; 39074.6093905011; 38812.67; 3030.76
727; 0.0316657178927673; 38960.2261073799; 38667.46; 3089.26
728; 0.0353439082979985; 38857.2764692869; 38526.57; 3125.39
729; 0.0296165175460442; 38695.9518676978; 38422.34; 3085.01
730; 0.0306431907406034; 38678.0461312031; 38393.37; 3101.36
731; 0.0299736374457919; 38670.6248380778; 38393.25; 3089.03
732; 0.03064629678593; 38693.9321215389; 38409.02; 3102.94
733; 0.0329556035027273; 38752.1500822282; 38439.38; 3167.25
734; 0.0337995196361278; 38709.2925170526; 38387.61; 3175.87
735; 0.0294674292961306; 38619.121130744; 38341.94; 3138.05
736; 0.0307082895594014; 38573.5770650996; 38288.17; 3099.75
737; 0.0322441066550787; 38503.6674000128; 38208.75; 3049.44
738; 0.0411756557966882; 38473.6568260467; 38099.45; 3028.96
739; 0.0446664625196737; 38413.870325179; 38012.51; 2993.74
740; 0.0468067674190615; 38374.5432124064; 37957.1; 2970.22
741; 0.0442676759578365; 38286.6871848598; 37899.45; 2912.34
742; 0.0418182770129701; 38310.7044197797; 37944.75; 2912.58
743; 0.0435714207853421; 38389.3361763428; 38010.17; 2895.32
744; 0.0449133435865309; 38564.4518142661; 38163.41; 2969.85
745; 0.0488805968476878; 38735.6689823153; 38302.58; 2945.77
746; 0.0426427980483799; 38969.5456057282; 38585.54; 2992.87
747; 0.0417903981993786; 39172.0685821978; 38793.08; 3012.89
748; 0.0392807998531012; 39379.8088524814; 39021.67; 3028
749; 0.0384520853215362; 39464.610987841; 39113.75; 3029.55
750; 0.0393004524077127; 39435.1657213154; 39071.26; 3073.59
751; 0.0398937131447011; 39366.6287114014; 39000.42; 3046.95
752; 0.0423416216960251; 39172.7433218979; 38784.12; 3046.32
753; 0.0436011094035235; 38934.3551270585; 38532.39; 3059.79
754; 0.0467447964293869; 38435.2522852671; 38020.71; 2943.13
755; 0.0480329656319421; 38058.0869354046; 37644.43; 2857.37
756; 0.045669874984284; 37423.2923974347; 37039.5; 2787.47
757; 0.0504011905313199; 37042.5805390418; 36626.49; 2737.25
758; 0.0508327358432333; 36404.3118698112; 36000.14; 2635.2
759; 0.0508206693291404; 35980.8863367874; 35589.05; 2554.18
760; 0.0515081838465128; 35566.8999443762; 35172.51; 2535.32
761; 0.0474175104130306; 34955.4351264489; 34601.45; 2470.73
762; 0.0482436288693045; 34595.0572002059; 34239.72; 2436.55
763; 0.054542996870098; 34083.0656051645; 33672.68; 2488
764; 0.0624315285885192; 33776.8467728309; 33303.74; 2504.89
765; 0.0667585550007187; 33320.6072053497; 32811.99; 2518.12
766; 0.074995103512958; 33076.234030066; 32495.94; 2557.21
767; 0.073298870611722; 32642.7263197803; 32083.73; 2520.44
768; 0.0693394447763518; 32319.6142813437; 31788.56; 2531.26
769; 0.0599890478533624; 31843.3844689735; 31373.5; 2588.63
770; 0.0606753578171324; 31602.6199462058; 31131.83; 2564.12
771; 0.063408451787255; 31252.2950280599; 30766.53; 2530.61
772; 0.0593630635991429; 31011.5825724039; 30557.52; 2525.62
773; 0.0505021689489226; 30625.3041779029; 30250.57; 2449.01
774; 0.0462900301187934; 30376.9977660176; 30043.56; 2376.29
775; 0.0501379467618897; 30079.4096407539; 29721.74; 2352.54
776; 0.0599272562443594; 29915.5246765473; 29492.76; 2325.58
777; 0.0617995542410454; 29579.9949250757; 29153.88; 2272.42
778; 0.0593171391536835; 29377.1018535285; 28972.74; 2246.02
779; 0.0610672376966812; 29051.6061146919; 28639.48; 2223.05
780; 0.0619459277569276; 28840.6236490831; 28422.74; 2221.57
781; 0.0691468977602364; 28568.4529814472; 28090.89; 2273.94
782; 0.0721073910757239; 28375.415877341; 27881.21; 2256
783; 0.0720811354541271; 28023.6444686852; 27535.46; 2228.83
784; 0.0791848855327627; 27849.8925397093; 27302.24; 2275.45
785; 0.0897940125676827; 27557.8766165362; 26940.17; 2262.64
786; 0.0960075698076922; 27368.2135635498; 26703.37; 2277.04
787; 0.0961884558050174; 27049.7110439988; 26410.67; 2183.86
788; 0.0980830174246663; 26838.5074641207; 26193.72; 2160.25
789; 0.105243749045114; 26549.4577919716; 25859.43; 2153.91
790; 0.100635320822951; 26348.921903205; 25689.46; 2152.15
791; 0.11039168234205; 26136.4730599511; 25431.07; 2098.09
792; 0.106550769738163; 25965.7037334141; 25301.13; 2047.45
793; 0.110025201957073; 25736.411908152; 25065.27; 2002.01
794; 0.115044572270185; 25609.4263757114; 24914.42; 1982.43
795; 0.123278716611322; 25419.2403356557; 24669.28; 1996.17
796; 0.119659931794825; 25158.3052941384; 24445.9; 1953.43
797; 0.120822730365023; 24979.5245658128; 24270.76; 1924.68
798; 0.122866577704827; 24732.6710001333; 24001.4; 1952.7
799; 0.126852461842439; 24561.9381986623; 23802.18; 1964.77
800; 0.117615130513896; 24300.634873018; 23597.51; 1960.87
801; 0.117816044701922; 24127.4631980805; 23419.48; 1970.36
802; 0.111403068435622; 23850.2282088546; 23194.39; 1929.63
803; 0.113525912880474; 23701.4046812149; 23035.82; 1920.89
804; 0.114114494958328; 23519.7419572398; 22864.61; 1880.25
805; 0.115907962448197; 23370.3083934886; 22701.51; 1889.29
806; 0.11791389081774; 23166.6926964455; 22505.05; 1836.81
807; 0.122645428443634; 23079.5088272016; 22388.34; 1844.46
808; 0.123926370932898; 22868.9158185944; 22182.43; 1812.68
809; 0.121649638536758; 22731.1085368288; 22076.21; 1761.3
810; 0.133772611397406; 22551.0416009795; 21830.98; 1760.66
811; 0.13352401858698; 22389.0583802344; 21674.26; 1750.54
812; 0.131441420723181; 22161.998920377; 21450.09; 1770.52
813; 0.132218679201138; 22026.4936708615; 21326.57; 1729.98
814; 0.124584306801357; 21812.2402218183; 21178.66; 1661.43
815; 0.121153968325093; 21663.8227930095; 21055.41; 1640.29
816; 0.131843916257485; 21488.9969094064; 20829.34; 1633.88
817; 0.12941799229587; 21308.8664865967; 20672.04; 1606.64
818; 0.136568346753903; 21230.882836346; 20564.39; 1593.19
819; 0.141778774901242; 21053.3100309447; 20383.83; 1541.22
820; 0.147335724354703; 20931.0513117474; 20226.51; 1560.41
821; 0.14999725737618; 20771.1034163178; 20023.8; 1625.28
822; 0.158896605991711; 20676.9447255087; 19906.78; 1580.73
823; 0.160111657292667; 20533.9522753119; 19737.53; 1621.8
824; 0.157280258297249; 20422.154993539; 19657.41; 1584.92
825; 0.154182666337815; 20222.7040765213; 19467.41; 1596.73
826; 0.154482793756208; 20098.7796528654; 19351.12; 1577.52
827; 0.152554575604995; 19923.6235625022; 19210.18; 1524.5
828; 0.147211356561037; 19810.0187660977; 19127.55; 1511.39
829; 0.147578064689783; 19656.0048027698; 18978.28; 1497.01
830; 0.143947709517999; 19468.7530869123; 18828.55; 1449.7
831; 0.143257279531561; 19330.2448595577; 18697.1; 1439.93
832; 0.148660824899166; 19199.551042302; 18538.23; 1448.64
833; 0.14769793527921; 19076.3717191802; 18403.02; 1483.89
834; 0.144472971554668; 18915.0536472588; 18260.68; 1473.59
835; 0.149542747906848; 18827.1799099227; 18148.9; 1475.26
836; 0.146520090046968; 18666.8845019809; 18027.06; 1419.96
837; 0.150607455398442; 18581.7545710406; 17917.72; 1433.88
838; 0.153949935757748; 18420.1041406633; 17743.73; 1429
839; 0.153359035216792; 18249.7348139489; 17601.7; 1375.38
840; 0.158550479923851; 18180.5218772133; 17526.81; 1342
841; 0.153206950218823; 18052.4320701152; 17435.5; 1312.15
842; 0.145385644921312; 17948.8026014699; 17379.08; 1276.64
843; 0.154625704821869; 17817.208303201; 17210.56; 1277.82
844; 0.157890478526879; 17721.1854889301; 17103.94; 1272.97
845; 0.166454784396; 17589.5069923016; 16944.14; 1262.16
846; 0.170800500588048; 17505.3292999324; 16847.44; 1253.63
847; 0.172939992441453; 17362.9513291534; 16669.25; 1305.18
848; 0.176075645110461; 17181.587029326; 16495.05; 1268.41
849; 0.171272146422728; 17044.3614934431; 16379.33; 1262.81
850; 0.175860026486149; 16875.0540913428; 16192.74; 1261.5
851; 0.183886069029344; 16800.6263348268; 16094.37; 1248.49
852; 0.181325441400562; 16636.0976578224; 15963.03; 1206.31
853; 0.177145701238241; 16508.8385431998; 15864.14; 1182.46
854; 0.181562800378213; 16342.6848183944; 15694.26; 1160.06
855; 0.191431043973561; 16231.0492552619; 15542.64; 1167.84
856; 0.195128928407414; 16130.862396679; 15425.07; 1174.41
857; 0.200324471238599; 15977.9328289777; 15269.87; 1147.37
858; 0.201538572649655; 15869.5508677121; 15156.53; 1148.22
859; 0.198789177018637; 15685.1187990129; 14966.85; 1172.44
860; 0.204336124105111; 15587.476225532; 14838.22; 1189.55
861; 0.197034414693525; 15400.8293304803; 14677.89; 1190.07
862; 0.199179841859495; 15217.9803693167; 14467.12; 1222.48
863; 0.198741370582352; 15100.5275992832; 14361.95; 1204.9
864; 0.20379973535096; 14924.348974621; 14177.91; 1187.23
865; 0.211480090221348; 14814.9897934073; 14026.99; 1207.58
866; 0.203895530060346; 14576.669280316; 13850.63; 1153.79
867; 0.202116221751165; 14325.1569139301; 13648.72; 1084.18
868; 0.196464559638963; 14147.533571161; 13521.48; 1032.09
869; 0.198384742202547; 13894.7008293588; 13329.47; 922.62
870; 0.193606118811932; 13709.3847907849; 13163.94; 912.12
871; 0.19115581971412; 13413.6701438269; 12889.74; 887.17
872; 0.186615975573946; 13213.9619168095; 12712.91; 868.9
873; 0.186831616323415; 12937.792820197; 12432.42; 875.21
874; 0.198460440988651; 12689.5925264994; 12153.58; 873.68
875; 0.206405377442526; 12543.2784408962; 11959.66; 914.48
876; 0.216128746426712; 12320.6134602204; 11684.11; 952.29
877; 0.210926511287368; 12155.0448719962; 11525.8; 964.46
878; 0.218003485358739; 11961.0591319529; 11317.21; 954.59
879; 0.212888873624161; 11781.9025603596; 11168.8; 930.66
880; 0.202444183957341; 11661.9692316494; 11086.47; 918.47
881; 0.198659101222032; 11532.3198155834; 10970.52; 913.48
882; 0.207893540568584; 11468.7473510153; 10893.36; 893.84
883; 0.20771107181301; 11357.2017740488; 10813.38; 845.38
884; 0.205477954416284; 11248.9743216636; 10725.52; 822.4
885; 0.210734290655452; 11184.4759838081; 10647.88; 821.83
886; 0.215125638645262; 11097.1657043675; 10579.02; 777.22
887; 0.215134998770317; 11036.9120647948; 10508.65; 792.23
888; 0.222661874216436; 10972.2469388013; 10447.87; 759.72
889; 0.221662498487706; 10915.2987280453; 10400.33; 749.33
890; 0.234164392220205; 10899.285710976; 10369.11; 730.15
891; 0.245025285118922; 10881.6384006999; 10345.84; 705.07
892; 0.248197964548483; 10907.3600565122; 10355.45; 716.87
893; 0.247658328850436; 10967.9686940032; 10403.61; 734.54
894; 0.248198658892352; 11071.6791228107; 10493.42; 750.87
895; 0.252807220191775; 11164.8838475809; 10563.74; 766.23
896; 0.239262211141253; 11299.911359922; 10706.65; 798.86
897; 0.233419931542387; 11409.5857907424; 10800.41; 840.71
898; 0.241529316068413; 11603.5190165603; 10977.65; 834.61
899; 0.233423744329613; 11798.4771826268; 11155.61; 886.9
900; 0.235166086926871; 11935.5369523476; 11278.16; 900.05
901; 0.24651564101805; 12123.2481644395; 11413.41; 927.01
902; 0.247046252739372; 12242.6491531396; 11511.18; 953.05
903; 0.244848291682825; 12293.5917840748; 11568.8; 952.67
904; 0.246721193717387; 12330.3263369659; 11603.65; 947.74
905; 0.249992612433306; 12330.3277787492; 11594.96; 946.4
906; 0.243752468782692; 12252.983554538; 11527.23; 957.78
907; 0.242124415883249; 12103.5319970728; 11387.4; 951.28
908; 0.239077108432628; 11956.9163442298; 11255.71; 943.17
909; 0.236035604842403; 11694.1579613972; 11022.24; 915.3
910; 0.242025520924213; 11408.3786085516; 10744.29; 882.1
911; 0.234838577898744; 11163.8009931657; 10536.51; 858.58
912; 0.225579917037868; 10761.1942728927; 10192.08; 810.79
913; 0.224532338452243; 10480.1056322506; 9941.88; 770.26
914; 0.22326594879431; 10065.7730070651; 9570.46; 712.75
915; 0.237985721048449; 9665.70847602765; 9176.4; 660.45
916; 0.237341721914871; 9388.14427549811; 8929.38; 620.8
917; 0.242647137749703; 9021.92895564865; 8559.24; 612.34
918; 0.242430444953091; 8661.27367550486; 8211.41; 595.8
919; 0.2465271795711; 8439.22018421975; 7994.28; 579.41
920; 0.237255214838318; 8112.5048012641; 7686.77; 575.99
921; 0.231904305712145; 7800.06008478101; 7388.2; 570
922; 0.228004487626918; 7591.77562981052; 7199.05; 552.76
923; 0.225247513234758; 7304.86965776734; 6924.17; 542.32
924; 0.220446554005053; 7104.68441323983; 6746.85; 520.78
925; 0.232088114910718; 6837.34557438974; 6484.36; 487.89
926; 0.248126025544882; 6584.8787832342; 6230.74; 457.8
927; 0.260223567897; 6419.02651741359; 6055.54; 447.98
928; 0.267085256377907; 6164.74624712289; 5799.08; 439.03
929; 0.266413396836268; 5885.57869124432; 5533.53; 423.69
930; 0.269913154961675; 5688.13717360505; 5344.2; 408.52
931; 0.280540820673141; 5383.10872751477; 5041.86; 389.92
932; 0.276647504838346; 5029.28965847802; 4693.06; 389.54
933; 0.291064393689931; 4763.21468863431; 4439.47; 356.45
934; 0.274983527942634; 4299.47976365802; 4025.96; 318.72
935; 0.25887185855243; 3795.401478831; 3568.06; 281.37
936; 0.282187419022207; 3475.51865613953; 3261.67; 242.77
937; 0.263595616174863; 2991.48797240568; 2808.63; 222.2
938; 0.259688244656488; 2542.11126424976; 2396.02; 180.17
939; 0.24767950539388; 2267.12559263449; 2157.94; 141.17
940; 0.214135549192933; 1928.13797341504; 1833.58; 141.39
941; 0.195895771136989; 1687.8908955004; 1605.61; 134.47
942; 0.195064868376954; 1579.80076306399; 1508.26; 117.4
943; 0.196281418093005; 1476.52993622996; 1409.27; 109.68
944; 0.211081575771414; 1428.56320718855; 1365.7; 95.31
945; 0.200146066513186; 1417.46732089586; 1355.67; 98.8
946; 0.206745234752794; 1444.73844031418; 1367.17; 120.04
947; 0.212283187048983; 1495.55316364697; 1416.54; 119.07
948; 0.212475557832288; 1542.05320388202; 1464.94; 116.09
949; 0.229091512819974; 1617.79992432118; 1531.25; 120.83
950; 0.246873336505455; 1712.55692376156; 1619.57; 120.45
951; 0.253778869105762; 1782.07916721065; 1685.78; 121.33
952; 0.274257480021577; 1892.47185416327; 1779.47; 131.73
953; 0.280311302143031; 1993.45505901755; 1882.17; 126.91
954; 0.296198549350455; 2072.25827484937; 1946.94; 135.23
955; 0.276957063994753; 2177.38719365948; 2037.35; 161.59
956; 0.270797009132812; 2275.65796006901; 2124.29; 178.62
957; 0.248185441532625; 2332.39852039216; 2187.74; 186.23
958; 0.238480544210776; 2409.8148164416; 2247.3; 217.71
959; 0.229795579913416; 2473.5200193303; 2317.73; 216.56
960; 0.233890423880991; 2516.50240603457; 2360.09; 213.59
961; 0.215650253751642; 2569.27277506779; 2424.74; 214.04
962; 0.240590536743591; 2624.40396411581; 2474.76; 198.61
963; 0.249506952681398; 2644.67928008859; 2512.71; 168.87
964; 0.297761603589545; 2693.03621801928; 2535.92; 168.45
965; 0.359994625716501; 2726.13961173173; 2566.69; 141.38
966; 0.370829628772147; 2753.15617994345; 2577.83; 150.9
967; 0.362040908815744; 2762.42409264291; 2583.13; 158.04
968; 0.354094567173643; 2775.52847801154; 2579.15; 176.96
969; 0.358722845148463; 2775.92663708578; 2572.79; 180.67
970; 0.342563890802555; 2780.29554161166; 2561.66; 203.6
971; 0.309154289862107; 2764.94082190979; 2563.25; 208.09
972; 0.275028387404777; 2749.85484097187; 2558.88; 221.46
973; 0.269440461481804; 2744.95751224372; 2551.45; 229.02
974; 0.279933362215181; 2732.6446431334; 2528.64; 232.37
975; 0.277504163707475; 2702.05413322471; 2523.86; 204.72
976; 0.266507582900854; 2681.52621712627; 2511.8; 203.01
977; 0.225796909940029; 2651.58705145097; 2510.21; 199.57
978; 0.23573552492898; 2626.27864341404; 2482.35; 194.58
979; 0.256158327849567; 2601.09888921245; 2458.6; 177.27
980; 0.275884254313196; 2574.59219298605; 2444.27; 150.51
981; 0.255987396541975; 2526.59469425377; 2419.05; 133.84
982; 0.240624470504999; 2488.79029014482; 2367.4; 160.7
983; 0.257883491803777; 2467.03613296083; 2336.46; 161.27
984; 0.303536256269557; 2435.19765817096; 2282.81; 159.88
985; 0.306798534801467; 2399.76332313058; 2251.06; 154.34
986; 0.288243851361302; 2350.25300215473; 2207.6; 157.57
987; 0.264471089911068; 2326.08844876407; 2186.34; 168.22
988; 0.280945804991234; 2303.37844512053; 2145.24; 179.17
989; 0.315081047403575; 2271.88398732995; 2108.12; 165.42
990; 0.30389911755064; 2240.7827016267; 2081.64; 166.65
991; 0.280642949368699; 2191.46253991489; 2041.03; 170.56
992; 0.274192580395323; 2141.19386273083; 1997.25; 167.02
993; 0.277718477662081; 2096.75134936819; 1966.49; 149.21
994; 0.260866704115075; 2057.75933182778; 1939.72; 143.93
995; 0.213691981995312; 1989.72586742258; 1900.4; 132.95
996; 0.215832981459676; 1944.99190069255; 1864.41; 118.73
997; 0.219209972484145; 1903.69320568828; 1824; 115.6
998; 0.202869660966062; 1870.63393083783; 1807.07; 99.62
999; 0.214310209742309; 1833.44317455888; 1765.18; 101.26
1000; 0.198571838238674; 1787.69438015721; 1720.09; 108.22
1001; 0.22242160271409; 1762.47641021084; 1685.52; 109.97
1002; 0.263503148827689; 1729.23922623105; 1645.32; 101.21
1003; 0.223440449680431; 1688.13979053772; 1611.79; 108.58
1004; 0.203469114082168; 1643.41072937169; 1578.38; 101.55
1005; 0.239131863949588; 1628.5851734671; 1549.12; 105.57
1006; 0.245371946536243; 1583.70107634207; 1516.9; 86.48
1007; 0.294994406143579; 1548.27524480684; 1481.6; 71.79
1008; 0.298843088654218; 1511.90661145259; 1453.64; 61.92
1009; 0.290849177948974; 1488.49647988304; 1434.1; 59.39
1010; 0.333073525266286; 1451.31687023612; 1395.29; 53.41
1011; 0.358422471642072; 1416.25572024577; 1360.61; 49.29
1012; 0.361578247174252; 1387.0858324732; 1324.04; 55.35
1013; 0.33368558321683; 1370.08822317423; 1288.94; 77.19
1014; 0.376780629401979; 1347.19226191187; 1240.43; 89.93
1015; 0.382181658691506; 1320.93911807575; 1208.26; 93.56
1016; 0.475702654856748; 1294.40274502194; 1185.47; 72.66
1017; 0.47362610367411; 1269.07972014963; 1156.76; 75.24
1018; 0.482796332214583; 1240.1166860245; 1123.75; 76.46
1019; 0.494107618334054; 1204.19114745398; 1094.23; 70.59
1020; 0.471274249301447; 1168.25347101987; 1067.91; 67.53
1021; 0.44481807074427; 1152.83407613246; 1061.87; 64.85
1022; 0.419182851313409; 1114.18705444843; 1032.33; 61.92
1023; 0.35170832199398; 1086.12953099873; 995.4; 81.79
1024; 0.453165753867388; 1062.36223323637; 986.13; 53.33
1025; 0.408710266478956; 1042.22421746966; 973.1; 53.61
1026; 0.426195241826572; 1018.99003099937; 952.67; 49.32
1027; 0.436946274109959; 985.531598479862; 934.38; 37.1
1028; 0.332606952313829; 949.926496189558; 908.57; 39.4
1029; 0.415416248190658; 936.884021840674; 890.68; 35.24
1030; 0.631035480973261; 918.46763036164; 861.62; 28.54
1031; 0.584890920883476; 898.838840104186; 834.97; 34.59
1032; 0.600354471231743; 871.133608797455; 813.72; 30.29
1033; 0.505256556995525; 837.897400190106; 789.35; 30.43
1034; 0.588123596654198; 832.379480955984; 780.6; 27.88
1035; 0.603205430002024; 811.650297145804; 755.68; 29.38
1036; 0.866016162026288; 791.1906710583; 748.41; 15.64
1037; 0.609965163584455; 770.188724677972; 732.52; 19.55
1038; 0.347085957413204; 748.642006477771; 727.94; 18.88
1039; -0.0369256202943967; 762.797478518726; 755.57; -61.95
1040; 1.13673404791442; 744.885195128567; 691.58; 14.84
1041; 0.0125831078666379; 683.447127657003; 681.33; 53.24
