# 16/03/2019 14:53:45
# NanoCalc data
# Original file name: C:\SVA_DATA\StudentProjects\2018_Nathan\PS_160319\PSswelling_16_03_19_656.dat
# Fit Result : Fitness; Thickness 1; Thickness 2; Thickness 3 
# Fit Result : 7.40023081906656; 2; 123.8; -1
# comment:PS id: 348 slowslow swelling at 13:07
#
# WaveLength; Reflectance; Raw Intensity; Dark Intensity; Reference Intensity
400; 0.245706545622624; 4381.22728379568; 4128.73; 498.3
401; 0.264379267957233; 4550.42230265447; 4281.21; 491.63
402; 0.260653760557989; 4656.71971084265; 4392.47; 487.32
403; 0.266075393182014; 4765.62168083813; 4494.68; 487.45
404; 0.274617597986783; 4895.73161760953; 4615.44; 486.53
405; 0.285805249735986; 5093.56179852398; 4790.2; 504
406; 0.295288507507064; 5221.52372497043; 4891.23; 529.04
407; 0.308529228958412; 5358.42022546498; 5004.66; 540.18
408; 0.314307278064841; 5487.30882754536; 5101.67; 575.74
409; 0.294765520457415; 5590.80557811521; 5219.95; 588.19
410; 0.295935984573989; 5758.34181698868; 5376.23; 601.39
411; 0.299471581968386; 5872.13361609082; 5472.62; 619.16
412; 0.308534967607313; 5979.44249263375; 5572.99; 609.24
413; 0.303761878166752; 6059.88595625467; 5656.11; 612.69
414; 0.314350323568509; 6217.85470883596; 5797.98; 613.59
415; 0.311932379049816; 6311.78107523317; 5886.56; 624.16
416; 0.310984852991333; 6396.97194147326; 5971.21; 624.77
417; 0.325354251580912; 6517.23012127883; 6067.74; 628.37
418; 0.33951063749905; 6674.63406726064; 6202.36; 630.58
419; 0.33720614864078; 6785.2980101306; 6310.91; 635.83
420; 0.344171226420315; 6913.07220263641; 6423.12; 641.48
421; 0.352956606731326; 7059.28660515055; 6553.44; 643.92
422; 0.363736591312775; 7254.72201193719; 6719.62; 659.04
423; 0.384312003073023; 7420.4724320169; 6825.99; 690.92
424; 0.382657283779337; 7569.13295041132; 6954.73; 715.03
425; 0.37565799428059; 7711.97646236669; 7100.68; 722.7
426; 0.372675926716488; 7950.83589339119; 7291.52; 783.57
427; 0.371285440335758; 8117.23770835253; 7441.53; 803.85
428; 0.369217055425286; 8280.0310745561; 7580.19; 834.93
429; 0.356672114711003; 8408.39099374417; 7715.94; 853.06
430; 0.335097986758307; 8619.08559780789; 7945.72; 880.75
431; 0.323794251425349; 8762.6945892751; 8084.29; 916.06
432; 0.326189001212735; 8879.84978440816; 8199.59; 909.55
433; 0.317190170382773; 9000.66801572622; 8310.91; 946.14
434; 0.314373588613737; 9179.10629848986; 8484.39; 959.16
435; 0.309539977021687; 9286.92783931961; 8602.52; 957.61
436; 0.320695597407194; 9404.33288899021; 8688.3; 964.91
437; 0.325563061009386; 9544.20152866035; 8807.31; 975.92
438; 0.341061914504373; 9750.524881522; 8973.36; 980.21
439; 0.334086268067315; 9837.8466928509; 9055.15; 1005.5
440; 0.331449555967121; 9953.66929238823; 9166.34; 1017.16
441; 0.325603691116391; 10065.9565215486; 9282.43; 1028.13
442; 0.33232485759971; 10260.5909117298; 9458.75; 1028.56
443; 0.338159170674896; 10385.0004723146; 9583.99; 1007.55
444; 0.321615524000007; 10515.8327038382; 9747.02; 1014.57
445; 0.314892537428012; 10640.8128298029; 9884.78; 1016.71
446; 0.309807842542846; 10830.8528166491; 10083.61; 1019.05
447; 0.304350382103247; 11018.1273376344; 10250.15; 1063.82
448; 0.305290433749725; 11219.604742454; 10438.6; 1076.19
449; 0.302355197839087; 11527.155474015; 10729.27; 1107.78
450; 0.299266758900438; 11732.5288247995; 10918.08; 1140
451; 0.300152489754834; 11943.9256231305; 11119.59; 1148.12
452; 0.300152356971612; 12164.4187798581; 11317.34; 1177.39
453; 0.290509482782379; 12508.5296415608; 11649.5; 1231.2
454; 0.280245908141044; 12750.4549595302; 11910.85; 1244.96
455; 0.275632808753571; 12978.7989272207; 12145.22; 1254.26
456; 0.275980678766409; 13237.0722220715; 12401.32; 1253.51
457; 0.257400654005722; 13578.1748261451; 12779.62; 1281.75
458; 0.243231211968394; 13843.3141332388; 13057.99; 1331.39
459; 0.236753949328432; 14078.8810116978; 13298.95; 1355.89
460; 0.227170786353777; 14333.3243217099; 13561.85; 1395.15
461; 0.225503929631438; 14705.0991676616; 13933.24; 1403.55
462; 0.225731598166265; 14937.4879863505; 14137.18; 1451.1
463; 0.227713932927183; 15173.0294819324; 14347.89; 1480.41
464; 0.220047297264887; 15521.592653664; 14697.65; 1526.98
465; 0.223181699944854; 15790.2368166656; 14948.09; 1536.14
466; 0.218847797191763; 16051.4194644974; 15217.68; 1548.2
467; 0.213332923013125; 16308.6349721329; 15491.31; 1554.34
468; 0.208694111479949; 16834.3843240217; 16005.76; 1608.14
469; 0.207812334506877; 17198.1696984947; 16367.5; 1616.28
470; 0.193632994215506; 17519.9931348881; 16726.43; 1654.44
471; 0.188813317384919; 17960.9865636713; 17152.92; 1724.85
472; 0.175703515192924; 18641.2423671451; 17848.48; 1815.49
473; 0.168831586042501; 19122.9162402115; 18337.26; 1869.44
474; 0.165238833018451; 19648.4806597464; 18857.85; 1919.08
475; 0.159232807333616; 20548.5407314952; 19747.25; 2015.09
476; 0.153639834929723; 21125.858619115; 20330.81; 2068.81
477; 0.14053136914312; 21741.6061721655; 21002.14; 2100.32
478; 0.137245766989404; 22504.1796910661; 21749.8; 2190.43
479; 0.122594408836671; 23554.2093180774; 22855.75; 2266.9
480; 0.121386437490735; 24357.3981061504; 23642.88; 2338.44
481; 0.121463456180646; 25115.4477223859; 24387.3; 2377.96
482; 0.109286702803506; 26258.2642930195; 25566.6; 2506.71
483; 0.107341492922415; 27052.7044019805; 26359.04; 2555.76
484; 0.100156061607448; 27797.4866702484; 27132.3; 2622.74
485; 0.0954170968256468; 28555.7241865643; 27904.38; 2691.67
486; 0.0905964703180969; 29540.0789705017; 28891.56; 2818.29
487; 0.085258107534686; 30190.8673236314; 29557.13; 2922.08
488; 0.0781032088440326; 30814.5971030494; 30228.25; 2946.77
489; 0.0723215750224064; 31378.7453830613; 30828.85; 2980.24
490; 0.0636099940071068; 32172.345034341; 31675.19; 3059.02
491; 0.0618971237389307; 32688.3977241373; 32202.1; 3071.01
492; 0.0578654814554339; 33149.5985136151; 32681.91; 3155.14
493; 0.051808691118312; 33791.0615668139; 33367.32; 3188.82
494; 0.0476835337322042; 34201.074054332; 33806.15; 3225.04
495; 0.0480187969247624; 34635.1404331344; 34237.31; 3222.06
496; 0.0444016042079107; 35180.6481994729; 34809.18; 3249.64
497; 0.0426797760133823; 35530.4685731756; 35171.51; 3262.86
498; 0.0394593060356346; 35865.1398991001; 35529.07; 3300.04
499; 0.036629918510319; 36271.0658844689; 35957.07; 3317.25
500; 0.0374138525466835; 36777.8183813651; 36455.96; 3324.93
501; 0.0341432941201878; 37119.5366262787; 36819.54; 3391.56
502; 0.0333851093005396; 37472.0695102373; 37176.1; 3417.51
503; 0.033492474310974; 37972.0871890337; 37664.75; 3532.88
504; 0.0297497086534867; 38351.6588718916; 38078.63; 3528.83
505; 0.025561548219013; 38734.4183918933; 38492.74; 3631.1
506; 0.0213088249362812; 39141.581054023; 38939.42; 3639.21
507; 0.0182418734379989; 39717.5351898418; 39542.79; 3670.33
508; 0.0136817219784495; 40112.0740470261; 39980.31; 3685.74
509; 0.00958109752842383; 40525.9778728121; 40433.11; 3705.42
510; 0.0127265707808318; 41235.5688834981; 41112.62; 3688.99
511; 0.0127253761176697; 41694.8015656774; 41570.54; 3724.49
512; 0.0152029530627014; 42161.042277646; 42009.35; 3801.38
513; 0.0165144051027214; 42819.7935206393; 42653.8; 3825.15
514; 0.0210558654510869; 43305.6691499325; 43089.63; 3900.16
515; 0.0228096202002767; 43809.794025107; 43574.42; 3918.1
516; 0.0261321569370991; 44233.8961078967; 43959.13; 3987.71
517; 0.0312809349818413; 44947.0362282657; 44608.66; 4097.84
518; 0.024868795486904; 45369.8058509291; 45093.66; 4201.72
519; 0.0269944612716954; 45888.8238409483; 45585.82; 4242.52
520; 0.0204948771098278; 46584.5923298909; 46354.32; 4241.93
521; 0.0182310308771832; 47042.0352835062; 46836.25; 4257.03
522; 0.0205084427132457; 47524.350118243; 47290.23; 4300.76
523; 0.0212147754164471; 48203.6985839082; 47955.64; 4400.48
524; 0.0214015819667662; 48726.4481882985; 48473.51; 4443.21
525; 0.0232021081349466; 49196.0844576996; 48920.91; 4454.13
526; 0.027727787874334; 49873.9321379151; 49544.96; 4451.22
527; 0.026682142762267; 50236.3113146739; 49917.2; 4482.6
528; 0.0338308114015046; 50647.6788568068; 50237.52; 4539.52
529; 0.0366820166026877; 51018.9031695046; 50576.77; 4508.6
530; 0.0402933401889132; 51481.9486409556; 50993.65; 4528.72
531; 0.0435780097995933; 51712.4235121536; 51174.87; 4605.53
532; 0.0466212160773371; 51930.9637211003; 51347.43; 4668.84
533; 0.0515107996011864; 52235.5938173954; 51578.11; 4756.79
534; 0.0535521149519006; 52410.7357095091; 51722.03; 4788.33
535; 0.0582139905751167; 52642.4752139045; 51885.84; 4834.27
536; 0.0667447364358526; 52965.6571888577; 52097.07; 4835.29
537; 0.0656216493630029; 53134.8148945257; 52264.71; 4921.33
538; 0.0659845095887718; 53321.8555682809; 52444.34; 4930.62
539; 0.0745921758255074; 53759.7343665702; 52766.82; 4930.26
540; 0.0813587957289112; 54037.700629015; 52950.34; 4945.18
541; 0.0892706432808838; 54364.582230039; 53157.19; 5000.24
542; 0.0974799135317229; 54817.1498285156; 53506.74; 4965.7
543; 0.103249685095842; 55116.1748615696; 53737.46; 4928.71
544; 0.107023026341574; 55432.8481301362; 54002.84; 4927.96
545; 0.114350058549404; 55933.0320354708; 54398.29; 4945.97
546; 0.123004613549674; 56332.4793825278; 54667.39; 4984.42
547; 0.126539501660265; 56664.2844878363; 54963; 4946.21
548; 0.128468403805243; 57213.6346350386; 55485.77; 4943.89
549; 0.127643766002449; 57497.1100128579; 55780.6; 4938.83
550; 0.128594655539865; 57827.4952304994; 56082.81; 4978.56
551; 0.129487365055257; 58198.2440140622; 56442.1; 4972.49
552; 0.13045428764729; 58685.414964675; 56912.56; 4978.37
553; 0.13620805995863; 59024.312050156; 57170.85; 4980.75
554; 0.139638854020202; 59385.7957308233; 57462.94; 5035.98
555; 0.14207168125516; 59895.0728092378; 57899.63; 5132.21
556; 0.143326315802831; 60232.9359295802; 58218.74; 5130.57
557; 0.143862877072366; 60588.9533099072; 58560.38; 5143.51
558; 0.1526813477493; 61270.434660616; 59102.67; 5174.53
559; 0.15477947661195; 61714.7563315856; 59482.74; 5251.16
560; 0.156767367675116; 62213.9984814506; 59907.96; 5351.9
561; 0.15562937523993; 63010.1963272128; 60680.51; 5441.76
562; 0.158164660590561; 63630.4358219209; 61275.73; 5407.36
563; 0.161309061081625; 64276.1867737551; 61881.59; 5387.39
564; 0.171557068995618; 65356.2689169106; 62777.77; 5450.16
565; 0.17762974343929; 66029.3203316275; 63329.69; 5507.06
566; 0.178599764935048; 66608.7669934879; 63858.49; 5575.79
567; 0.176199855280188; 67350.9427618151; 64591.04; 5667.63
568; 0.176839572613912; 67707.5333104478; 64947.29; 5643.95
569; 0.180950990998376; 67997.0068040189; 65185.62; 5613.9
570; 0.184121901815305; 68207.1598179716; 65338.74; 5625.12
571; 0.186771641015304; 68252.8537160364; 65313.57; 5677.94
572; 0.185294458683934; 68204.9590001669; 65256.1; 5737.27
573; 0.189129073535815; 68001.3146718503; 65014.32; 5689.09
574; 0.195121271008256; 67854.2999893799; 64809.91; 5615.69
575; 0.202388539455638; 67596.3084057517; 64479.72; 5538
576; 0.207459226738985; 67527.1491826642; 64344.84; 5512.29
577; 0.208222056848705; 67395.229001933; 64163.52; 5573.02
578; 0.21172139821651; 67189.3730886748; 63925.39; 5531.34
579; 0.212294221912882; 67053.0751463326; 63786.68; 5516.34
580; 0.214356342677866; 66923.3387068008; 63688.94; 5405.68
581; 0.218292466327271; 66801.8504914857; 63511.61; 5396.07
582; 0.220023370913542; 66726.0423024629; 63395.76; 5414.97
583; 0.221288452957614; 66658.0565217623; 63297.12; 5429.9
584; 0.221700492091437; 66508.782429191; 63141.9; 5425.87
585; 0.224691425856273; 66458.3430239924; 63062.85; 5395.63
586; 0.231509482301762; 66446.5257158493; 62944.34; 5397.76
587; 0.235067631617809; 66373.34039285; 62792.76; 5431.66
588; 0.236045535950771; 66289.1294361491; 62654.36; 5487.59
589; 0.23753113498334; 66248.8184306072; 62566.82; 5520.82
590; 0.241670813132464; 66271.9208767143; 62512.58; 5536.76
591; 0.243544568893819; 66307.1749460178; 62505.81; 5552.09
592; 0.248928531075882; 66418.2299576025; 62513.67; 5575.96
593; 0.25528555457524; 66590.6773441447; 62611.92; 5536.94
594; 0.256301607186283; 66715.8273443989; 62693.31; 5572.13
595; 0.255409415412851; 66983.6526685814; 62989.14; 5549.16
596; 0.260437412059923; 67314.701189221; 63234.76; 5554.9
597; 0.261574200454663; 67686.3514332872; 63610.07; 5522.3
598; 0.262684836908853; 68282.9317435973; 64126.97; 5602.89
599; 0.267461108457094; 68812.1465622361; 64545.09; 5646.35
600; 0.26615421262567; 69337.2268553262; 65063.58; 5679.23
601; 0.267551069336156; 70327.8508419762; 65916.6; 5827.78
602; 0.266245678545736; 71031.2247187418; 66585.74; 5898.21
603; 0.268829235511497; 71762.2847273629; 67192.33; 6001.26
604; 0.273931692880079; 72885.6094043928; 68063.31; 6210.72
605; 0.275571850368419; 73522.0762798738; 68568.75; 6337.63
606; 0.277881821179546; 74212.5677336331; 69197.15; 6359.84
607; 0.276681341442782; 74940.5170746521; 69914.96; 6396.43
608; 0.2764252622484; 75358.8420151805; 70317.9; 6418.02
609; 0.274930789963184; 75789.5399539046; 70777.29; 6412.24
610; 0.278758695415951; 76017.1352482371; 70888.42; 6467.16
611; 0.281307783384047; 76187.71077589; 71003.56; 6474.02
612; 0.280056996429169; 76190.9729792344; 71007.29; 6498.34
613; 0.279369815836416; 76144.5981824811; 70998.27; 6463.39
614; 0.281922114027506; 76003.2222167447; 70832.33; 6431.65
615; 0.281756422218775; 75584.8986589813; 70445.1; 6392.96
616; 0.280750718040143; 75245.0775467226; 70072.58; 6452.68
617; 0.283450659146263; 74655.2784979577; 69438.15; 6442.73
618; 0.281607530913557; 74164.9113815665; 69078.18; 6319.07
619; 0.281026365052732; 73688.9382186768; 68627.06; 6297.82
620; 0.282657394297011; 73013.7984646257; 68049.15; 6137.91
621; 0.286912639138534; 72537.0764593515; 67566.24; 6051.33
622; 0.28530516813108; 72041.8030198689; 67148.78; 5987.11
623; 0.289897434390234; 71431.9368441292; 66516.87; 5915.96
624; 0.29806672177304; 71095.8257629625; 66173.83; 5759.15
625; 0.298562175265922; 70509.3950082626; 65647.4; 5676.76
626; 0.299501343440665; 70176.0658350774; 65330.01; 5637.68
627; 0.297549633364244; 69797.5769279443; 65052.88; 5553.44
628; 0.29093435887167; 69166.4367902122; 64518.76; 5560.88
629; 0.287840744933759; 68828.0466991165; 64241.88; 5543.73
630; 0.287599667622942; 68540.4516056471; 63905.68; 5604.62
631; 0.289765234910585; 68126.1917154605; 63476.06; 5578.78
632; 0.289274333905133; 67826.6218607789; 63179.09; 5582.73
633; 0.295970789384497; 67447.6645745462; 62767.42; 5492.47
634; 0.29912707773705; 67179.66837559; 62514; 5415.11
635; 0.302851011839733; 66917.220128642; 62254.26; 5342.51
636; 0.311062211496274; 66656.3763754481; 61987.01; 5205.79
637; 0.310450333292872; 66424.8276969383; 61764.54; 5202.77
638; 0.307923332685576; 66155.1742913261; 61555.63; 5173.97
639; 0.302229527494207; 65808.3333670954; 61337.24; 5121.28
640; 0.295840391709477; 65572.6721108079; 61186.77; 5129.09
641; 0.289044690624499; 65247.013557908; 60926.44; 5168.8
642; 0.284661575712937; 65045.544378044; 60738.15; 5229.66
643; 0.28312119219918; 64910.8110507539; 60655.06; 5192.52
644; 0.278702950120842; 64612.9495209985; 60375.33; 5249.78
645; 0.28090370275733; 64482.2704837119; 60187.65; 5276.42
646; 0.278874890202137; 64187.4243764531; 59942.03; 5251.45
647; 0.278295090176667; 63980.2054948501; 59767.67; 5219.54
648; 0.281176706041083; 63835.5662465283; 59567.72; 5231.75
649; 0.279819686202966; 63586.7471635276; 59337.46; 5231.98
650; 0.278106205944389; 63389.0496763563; 59168.18; 5226.73
651; 0.27408808914985; 63147.6826122179; 58909.88; 5322.15
652; 0.275846014494509; 63015.2664408086; 58799.62; 5257.98
653; 0.273032802857955; 62835.1096405414; 58744.82; 5151.64
654; 0.275372023959965; 62720.8143342885; 58622.74; 5115.21
655; 0.275984141029677; 62618.0214628261; 58553.86; 5059.56
656; 0.273944351396331; 62416.4712539485; 58381.47; 5058.59
657; 0.272396966655747; 62284.1565180754; 58256.17; 5076.7
658; 0.275599760015864; 62205.4988674545; 58185.35; 5006.18
659; 0.280831806918625; 62086.0434758039; 58052.77; 4926.93
660; 0.281532537168576; 61964.1137638309; 57954.92; 4883.32
661; 0.280454782077213; 61785.684455868; 57747.73; 4934.5
662; 0.283363183686366; 61683.4479863106; 57625.64; 4905.27
663; 0.284031596005375; 61570.1193461706; 57524.13; 4876.89
664; 0.283081403754235; 61403.1291233614; 57417.09; 4818.06
665; 0.281636073945471; 61263.2792397416; 57335.16; 4770.59
666; 0.281475063114931; 61109.571310157; 57198.04; 4751.34
667; 0.277602113182806; 60973.1185126961; 57082.23; 4790.65
668; 0.27554752561005; 60796.4739298524; 56937.17; 4785.78
669; 0.272078323167726; 60549.0871139159; 56731.7; 4792.32
670; 0.26776738140419; 60362.1151378011; 56601.69; 4794.97
671; 0.265175859604018; 60119.6995905205; 56396.69; 4790.96
672; 0.264281820404403; 59954.1781366227; 56255.13; 4773.54
673; 0.26094675323506; 59778.231228589; 56121.1; 4776.93
674; 0.253939967549122; 59428.3953506603; 55860.44; 4786.34
675; 0.253079003395819; 59201.3793423592; 55641.32; 4789.86
676; 0.255696516881071; 58886.8568903373; 55281.89; 4798.49
677; 0.254528981533752; 58611.4663956043; 55029.44; 4788.26
678; 0.257024395008477; 58237.2199773904; 54649.42; 4747.72
679; 0.255793296233743; 57924.9639487853; 54370.61; 4724.41
680; 0.252148916530331; 57564.3202566321; 54053.07; 4733.02
681; 0.250146094758822; 57046.8080819803; 53553.6; 4744.7
682; 0.255816975176404; 56772.6312384051; 53266; 4655.54
683; 0.258220242715318; 56361.4254776144; 52864.11; 4598.17
684; 0.253009743791839; 56025.016606081; 52608.7; 4582.53
685; 0.248217300974299; 55546.2977278057; 52237.34; 4522.46
686; 0.246023367124507; 55204.648906741; 51913.98; 4535.94
687; 0.247990314384271; 54955.7217573395; 51649.53; 4519.43
688; 0.252936713180608; 54589.5962474681; 51295.5; 4413.25
689; 0.252622628620624; 54318.1919619704; 51070.3; 4355.19
690; 0.24585053641172; 53848.2371102587; 50699.74; 4336.51
691; 0.242053941435163; 53486.3415194508; 50413.55; 4296.94
692; 0.242709104051113; 53220.7906675625; 50130.14; 4308.56
693; 0.247266260045115; 52882.2836045592; 49696.67; 4357.39
694; 0.239825651682125; 52538.6289379279; 49465.93; 4331.64
695; 0.239056387948509; 52106.2969802406; 49036.92; 4339.05
696; 0.234606622980395; 51792.7334434077; 48764.73; 4359.91
697; 0.232018111385943; 51380.8074635886; 48370.16; 4381.3
698; 0.229020180995468; 51067.857673206; 48079.54; 4403.87
699; 0.225019100108667; 50642.6368120832; 47719.76; 4382.3
700; 0.220738763573158; 50321.2265123347; 47469.65; 4356.59
701; 0.215748884540008; 49997.4937410601; 47257.62; 4281.45
702; 0.218743385637335; 49661.3621901254; 46910.58; 4238.24
703; 0.215316735559089; 49342.7074152235; 46677; 4171.26
704; 0.213344047015519; 48959.5836174408; 46395.78; 4047.67
705; 0.212091566612724; 48672.8914685658; 46117.47; 4056.66
706; 0.213244446095119; 48281.7065192058; 45748.44; 3998.29
707; 0.211268356515805; 48036.7535206541; 45565.62; 3935.03
708; 0.21045173647864; 47794.8641645787; 45404.96; 3818.82
709; 0.203956073045678; 47371.8048175635; 45067.9; 3797.26
710; 0.200365510562513; 47087.9524901402; 44868.29; 3722.61
711; 0.196273826150403; 46705.7122771953; 44507.27; 3763.08
712; 0.199363945894724; 46456.2787090001; 44234.63; 3743.06
713; 0.194379731661794; 46066.4716006065; 43956.65; 3645.02
714; 0.186968671566121; 45686.4836752537; 43673.52; 3614.87
715; 0.183806781665111; 45183.5831285321; 43250.26; 3530.39
716; 0.184998669535308; 44843.8472062919; 42906.92; 3513.11
717; 0.184329883584439; 44448.7677969345; 42561.47; 3434.15
718; 0.185128173146722; 43853.1138420805; 42001.83; 3352.76
719; 0.186275349928893; 43443.7302920746; 41637.91; 3248.89
720; 0.176526529470146; 42752.6004495606; 41084.95; 3164.74
721; 0.173453460876869; 42348.3021854523; 40719.31; 3144.99
722; 0.176380984307596; 41809.5704402077; 40173.84; 3104.44
723; 0.173128720471193; 41418.3766795502; 39818.44; 3092.41
724; 0.163467111426164; 40846.3562184018; 39369.63; 3021.85
725; 0.161623868976372; 40554.8221054749; 39089.54; 3031.51
726; 0.151725758763903; 40188.3825005343; 38812.67; 3030.76
727; 0.153541206359156; 40087.0286786704; 38667.46; 3089.26
728; 0.151864028298506; 39947.5338670076; 38526.57; 3125.39
729; 0.153235356081606; 39838.0031315498; 38422.34; 3085.01
730; 0.14676522998904; 39756.8232455215; 38393.37; 3101.36
731; 0.152823503043418; 39807.4725643391; 38393.25; 3089.03
732; 0.152492192914238; 39826.7075759184; 38409.02; 3102.94
733; 0.151556114278738; 39877.7459616862; 38439.38; 3167.25
734; 0.152850392598726; 39842.3436634653; 38387.61; 3175.87
735; 0.145696237091706; 39712.4106758225; 38341.94; 3138.05
736; 0.143278758422334; 39619.8224794821; 38288.17; 3099.75
737; 0.140173453939432; 39490.8320570049; 38208.75; 3049.44
738; 0.144039977305335; 39408.4939408523; 38099.45; 3028.96
739; 0.13781603855602; 39250.8863326983; 38012.51; 2993.74
740; 0.13443384456109; 39156.0397906352; 37957.1; 2970.22
741; 0.132523265637757; 39058.7142984662; 37899.45; 2912.34
742; 0.125407923517369; 39042.2027686145; 37944.75; 2912.58
743; 0.127132180287981; 39116.4966200888; 38010.17; 2895.32
744; 0.128293103525756; 39308.9693123829; 38163.41; 2969.85
745; 0.124640325835644; 39406.9108664952; 38302.58; 2945.77
746; 0.11258509117025; 39599.387779917; 38585.54; 2992.87
747; 0.113192229386729; 39819.5971996307; 38793.08; 3012.89
748; 0.112004485416633; 40042.8599459761; 39021.67; 3028
749; 0.113649064588657; 40150.7554766952; 39113.75; 3029.55
750; 0.110317757771244; 40092.7562107602; 39071.26; 3073.59
751; 0.10632281584496; 39976.4219390002; 39000.42; 3046.95
752; 0.102857625439964; 39728.1762378074; 38784.12; 3046.32
753; 0.102016882341228; 39472.8988456096; 38532.39; 3059.79
754; 0.102252222387023; 38927.5033370077; 38020.71; 2943.13
755; 0.0984691886489663; 38492.4405750793; 37644.43; 2857.37
756; 0.0932488586961589; 37823.1282242806; 37039.5; 2787.47
757; 0.0901811401021339; 37370.9866835293; 36626.49; 2737.25
758; 0.0909188205876054; 36723.0369503283; 36000.14; 2635.2
759; 0.085142285871716; 36245.5120624261; 35589.05; 2554.18
760; 0.0888061551017724; 35852.4845585133; 35172.51; 2535.32
761; 0.0913595404297745; 35283.4748087605; 34601.45; 2470.73
762; 0.0887554603461314; 34893.446046766; 34239.72; 2436.55
763; 0.0879035638744049; 34334.0730170107; 33672.68; 2488
764; 0.093006463142518; 34008.5439448111; 33303.74; 2504.89
765; 0.0999842037952302; 33573.7453482531; 32811.99; 2518.12
766; 0.0952441035888704; 33232.9159107281; 32495.94; 2557.21
767; 0.0872416903323436; 32749.0579023291; 32083.73; 2520.44
768; 0.0812077325330343; 32410.5106686126; 31788.56; 2531.26
769; 0.0720038299196752; 31937.4943055701; 31373.5; 2588.63
770; 0.071603561755587; 31687.413653724; 31131.83; 2564.12
771; 0.0660035953873077; 31272.1761317325; 30766.53; 2530.61
772; 0.0589008448225829; 31008.047103815; 30557.52; 2525.62
773; 0.0469711249291072; 30599.1032660323; 30250.57; 2449.01
774; 0.0436645466423909; 30358.0858028402; 30043.56; 2376.29
775; 0.046830350074962; 30055.8142006696; 29721.74; 2352.54
776; 0.0458644535648977; 29816.3167935451; 29492.76; 2325.58
777; 0.0428300816242405; 29449.1982631563; 29153.88; 2272.42
778; 0.0387849512538409; 29237.1349961474; 28972.74; 2246.02
779; 0.0442645326697412; 28938.2092459247; 28639.48; 2223.05
780; 0.0422023224623562; 28707.4344286564; 28422.74; 2221.57
781; 0.047224380583525; 28417.0451381042; 28090.89; 2273.94
782; 0.045909887069929; 28195.8647903001; 27881.21; 2256
783; 0.0394073389773501; 27802.3543922672; 27535.46; 2228.83
784; 0.044732861095865; 27611.6180438374; 27302.24; 2275.45
785; 0.0488837451930667; 27276.4486892285; 26940.17; 2262.64
786; 0.0487465276565341; 27040.9352068141; 26703.37; 2277.04
787; 0.0392767974490304; 26671.6107276237; 26410.67; 2183.86
788; 0.0425378439545487; 26473.3593224106; 26193.72; 2160.25
789; 0.0444716984390238; 26151.0074870957; 25859.43; 2153.91
790; 0.0404654606718399; 25954.6296192798; 25689.46; 2152.15
791; 0.0446935280997326; 25716.6617294917; 25431.07; 2098.09
792; 0.0367571117073499; 25530.3898262491; 25301.13; 2047.45
793; 0.0345447237536444; 25275.9891025711; 25065.27; 2002.01
794; 0.042765137605889; 25172.7724168743; 24914.42; 1982.43
795; 0.0425824279244034; 24928.3282186792; 24669.28; 1996.17
796; 0.0445671813566698; 24711.2343977979; 24445.9; 1953.43
797; 0.0443176364850475; 24530.7340155373; 24270.76; 1924.68
798; 0.0474337430513881; 24283.7137208606; 24001.4; 1952.7
799; 0.0532372754192858; 24121.0343279868; 23802.18; 1964.77
800; 0.0488431822478314; 23889.503522991; 23597.51; 1960.87
801; 0.044049097526099; 23684.1809668164; 23419.48; 1970.36
802; 0.0403377990102695; 23431.8616443948; 23194.39; 1929.63
803; 0.038016571399192; 23258.7052154861; 23035.82; 1920.89
804; 0.0266178062443708; 23017.4229753251; 22864.61; 1880.25
805; 0.0262662006330756; 22853.0681191784; 22701.51; 1889.29
806; 0.0201777905749843; 22618.2723495617; 22505.05; 1836.81
807; 0.0173708053586904; 22486.23324657; 22388.34; 1844.46
808; 0.0119432751244707; 22248.589356873; 22182.43; 1812.68
809; 0.00567640907668607; 22106.7688413042; 22076.21; 1761.3
810; 0.00910559674977899; 21879.9929519416; 21830.98; 1760.66
811; 0.0139773963911145; 21749.0856411543; 21674.26; 1750.54
812; 0.0145077890037692; 21528.6666339857; 21450.09; 1770.52
813; 0.0120807755940723; 21390.5217869317; 21326.57; 1729.98
814; 0.00717626638884582; 21215.1552903556; 21178.66; 1661.43
815; 0.00706446651308927; 21090.8864425942; 21055.41; 1640.29
816; 0.00648673060425612; 20861.7951695977; 20829.34; 1633.88
817; 0.0040197434467245; 20691.8199320696; 20672.04; 1606.64
818; 0.00792043917581546; 20603.0440226697; 20564.39; 1593.19
819; 0.00665494391525243; 20415.2546759532; 20383.83; 1541.22
820; 0.00894374480547698; 20269.2778875899; 20226.51; 1560.41
821; 0.0174684927327599; 20110.8300199181; 20023.8; 1625.28
822; 0.0104966265173294; 19957.6566781394; 19906.78; 1580.73
823; 0.0127360170868135; 19800.8810880982; 19737.53; 1621.8
824; 0.00182380796277954; 19666.2779152985; 19657.41; 1584.92
825; 0.0072545821172947; 19502.9479954892; 19467.41; 1596.73
826; 0.000706935356067925; 19354.5413974907; 19351.12; 1577.52
827; -0.00318243594099714; 19195.2968775097; 19210.18; 1524.5
828; -0.0111616750796073; 19075.8047080802; 19127.55; 1511.39
829; -0.0222606629273544; 18876.0520474674; 18978.28; 1497.01
830; -0.0225008546661548; 18728.4781290152; 18828.55; 1449.7
831; -0.0197022044786253; 18610.0234512313; 18697.1; 1439.93
832; -0.0154381558002019; 18469.5530147086; 18538.23; 1448.64
833; -0.00926345276920912; 18360.7881175035; 18403.02; 1483.89
834; -0.0110177447928692; 18210.7763968063; 18260.68; 1473.59
835; -0.0097328217077084; 18104.7549142396; 18148.9; 1475.26
836; -0.00939407785568263; 17986.0379040973; 18027.06; 1419.96
837; 0.00142526698081817; 17924.00406174; 17917.72; 1433.88
838; -0.000851609511109285; 17739.98848073; 17743.73; 1429
839; -0.00653662996311501; 17574.0787791439; 17601.7; 1375.38
840; -0.0136818300027963; 17470.39910311; 17526.81; 1342
841; -0.0246335020103524; 17336.3060837467; 17435.5; 1312.15
842; -0.0304438652455957; 17259.7796514965; 17379.08; 1276.64
843; -0.0251688030230965; 17111.8143763978; 17210.56; 1277.82
844; -0.0228788327201442; 17014.4991646801; 17103.94; 1272.97
845; -0.0228676550306982; 16855.4791074837; 16944.14; 1262.16
846; -0.0185538826920298; 16775.9741620589; 16847.44; 1253.63
847; -0.00557590041214386; 16646.8838053881; 16669.25; 1305.18
848; 0.000560926974065431; 16497.2371118984; 16495.05; 1268.41
849; 0.00131489407720498; 16384.4355935839; 16379.33; 1262.81
850; 0.00972013460314029; 16230.4528614273; 16192.74; 1261.5
851; 0.00456046453388093; 16111.8855028535; 16094.37; 1248.49
852; -0.00327723371877585; 15950.865132201; 15963.03; 1206.31
853; -0.00391310962364707; 15849.898750813; 15864.14; 1182.46
854; 0.000756791358507583; 15696.9627689493; 15694.26; 1160.06
855; 0.00286962408207113; 15552.9595162927; 15542.64; 1167.84
856; 0.00292378212040392; 15435.6454856903; 15425.07; 1174.41
857; 0.00286126802933458; 15279.9833801716; 15269.87; 1147.37
858; 0.00296058279630477; 15167.0042099073; 15156.53; 1148.22
859; 0.0111013425994243; 15006.9615801972; 14966.85; 1172.44
860; 0.0169928914323708; 14900.5292453733; 14838.22; 1189.55
861; 0.0163765834718606; 14737.9773522989; 14677.89; 1190.07
862; 0.033447350832349; 14593.2085135975; 14467.12; 1222.48
863; 0.0267095823901214; 14461.2101549529; 14361.95; 1204.9
864; 0.0321393263952461; 14295.6238223372; 14177.91; 1187.23
865; 0.0404114911421294; 14177.5679888686; 14026.99; 1207.58
866; 0.0361404565549782; 13979.3203693264; 13850.63; 1153.79
867; 0.0321176582660489; 13756.2104797444; 13648.72; 1084.18
868; 0.0208324078609037; 13587.8645090492; 13521.48; 1032.09
869; -0.00331896766265991; 13320.0137140793; 13329.47; 922.62
870; -0.00644566853401661; 13145.7806755604; 13163.94; 912.12
871; -0.00665401275377438; 12871.5023242425; 12889.74; 887.17
872; -0.00731317953543114; 12693.2745823305; 12712.91; 868.9
873; -0.0143468177809133; 12393.6123725466; 12432.42; 875.21
874; -0.00107542616531016; 12150.6754317492; 12153.58; 873.68
875; 0.016716836545084; 12006.9274413915; 11959.66; 914.48
876; 0.0306650988464695; 11774.4193264847; 11684.11; 952.29
877; 0.0389007399363882; 11641.8503294367; 11525.8; 964.46
878; 0.0352220461871411; 11421.2344096367; 11317.21; 954.59
879; 0.0261829133887747; 11244.2046510889; 11168.8; 930.66
880; 0.023938400472732; 11154.5210094668; 11086.47; 918.47
881; 0.0189722885071372; 11024.1728561689; 10970.52; 913.48
882; 0.0181374973662482; 10943.5591862521; 10893.36; 893.84
883; 0.00975372137325511; 10838.9168479614; 10813.38; 845.38
884; -0.000763122600282496; 10723.5759480251; 10725.52; 822.4
885; 0.0071134959233999; 10665.9932046971; 10647.88; 821.83
886; 0.0178025493633645; 10621.8987314125; 10579.02; 777.22
887; 0.0274917917694265; 10576.155848737; 10508.65; 792.23
888; 0.0276513840957666; 10512.9900309742; 10447.87; 759.72
889; 0.0216827887785448; 10450.7036907864; 10400.33; 749.33
890; 0.018001247330078; 10409.8669400761; 10369.11; 730.15
891; 0.0139545034742318; 10376.3544044233; 10345.84; 705.07
892; 0.0145697609184296; 10387.8483219866; 10355.45; 716.87
893; 0.0126088189902938; 10432.3427167688; 10403.61; 734.54
894; 0.00500700574914307; 10505.0854407616; 10493.42; 750.87
895; 0.0096752526894475; 10586.746536853; 10563.74; 766.23
896; -0.00289526543037125; 10699.4710597973; 10706.65; 798.86
897; 0.00609618961882348; 10816.3197430413; 10800.41; 840.71
898; 0.0152188045354686; 11017.0861164222; 10977.65; 834.61
899; 0.0206983076193456; 11212.6147522055; 11155.61; 886.9
900; 0.0203839305185352; 11335.1406909502; 11278.16; 900.05
901; 0.0374572920697633; 11521.2677218787; 11413.41; 927.01
902; 0.0392156577913299; 11627.2920384396; 11511.18; 953.05
903; 0.0407501833404509; 11689.4273398181; 11568.8; 952.67
904; 0.0516747889099043; 11755.8495161938; 11603.65; 947.74
905; 0.045495276557624; 11728.7869964865; 11594.96; 946.4
906; 0.049114415480358; 11673.4642588444; 11527.23; 957.78
907; 0.0528476329499728; 11543.7075776021; 11387.4; 951.28
908; 0.0539879723137469; 11414.0551838894; 11255.71; 943.17
909; 0.0463811216122161; 11154.2722359917; 11022.24; 915.3
910; 0.0447188800399754; 10866.9931707579; 10744.29; 882.1
911; 0.0375029226259044; 10636.6862393177; 10536.51; 858.58
912; 0.0430588501529391; 10300.7129249437; 10192.08; 810.79
913; 0.0425361577051454; 10043.8432652124; 9941.88; 770.26
914; 0.0357683872804103; 9649.81176661468; 9570.46; 712.75
915; 0.0362174436503262; 9250.86456064711; 9176.4; 660.45
916; 0.0411827873296834; 9008.98333075814; 8929.38; 620.8
917; 0.0539602627598058; 8662.1335179471; 8559.24; 612.34
918; 0.060893795359214; 8324.40697363109; 8211.41; 595.8
919; 0.0448202518356546; 8075.17303233512; 7994.28; 579.41
920; 0.0434535083968147; 7764.74371608524; 7686.77; 575.99
921; 0.0442742929759765; 7466.83076971645; 7388.2; 570
922; 0.0538619345692796; 7291.82432385956; 7199.05; 552.76
923; 0.0430475447486303; 6996.92634397991; 6924.17; 542.32
924; 0.0328530562119921; 6800.17791045799; 6746.85; 520.78
925; 0.0342268325545805; 6536.41599672119; 6484.36; 487.89
926; 0.0490502255990806; 6300.74711502502; 6230.74; 457.8
927; 0.0668280827929635; 6148.88706796986; 6055.54; 447.98
928; 0.0648092254089766; 5887.81026746452; 5799.08; 439.03
929; 0.0713425929605641; 5627.80478790482; 5533.53; 423.69
930; 0.085413406797118; 5453.03813990448; 5344.2; 408.52
931; 0.0875323958589399; 5148.33405476148; 5041.86; 389.92
932; 0.0752699925143505; 4784.54104875022; 4693.06; 389.54
933; 0.0720755801005913; 4519.63812342447; 4439.47; 356.45
934; 0.0556517338835116; 4081.31549424674; 4025.96; 318.72
935; 0.0545931145038; 3616.00371800275; 3568.06; 281.37
936; 0.0577038123705054; 3305.39938656273; 3261.67; 242.77
937; 0.0577799158577676; 2848.71229883654; 2808.63; 222.2
938; 0.0794033611332942; 2440.68947446538; 2396.02; 180.17
939; 0.0807979326401784; 2193.55849069801; 2157.94; 141.17
940; 0.102861922743248; 1879.00176669327; 1833.58; 141.39
941; 0.104300991145755; 1649.41890359829; 1605.61; 134.47
942; 0.102759763702101; 1545.94752399493; 1508.26; 117.4
943; 0.0938202184161686; 1441.41946156932; 1409.27; 109.68
944; 0.0621985132834226; 1384.22363482254; 1365.7; 95.31
945; 0.0877139482435705; 1382.75265568783; 1355.67; 98.8
946; 0.0782561235195872; 1396.53079979646; 1367.17; 120.04
947; 0.0921316589116196; 1450.83199431122; 1416.54; 119.07
948; 0.0757003884931625; 1492.41374592813; 1464.94; 116.09
949; 0.0903516224256683; 1565.38450802685; 1531.25; 120.83
950; 0.0869850219868709; 1652.33364196468; 1619.57; 120.45
951; 0.109528620257715; 1727.34183276297; 1685.78; 121.33
952; 0.0926926517698326; 1817.66199941776; 1779.47; 131.73
953; 0.104494689164741; 1923.65494035672; 1882.17; 126.91
954; 0.0747043464643558; 1978.54656878027; 1946.94; 135.23
955; 0.0699062284754702; 2072.69653319118; 2037.35; 161.59
956; 0.065054946346873; 2160.65389689997; 2124.29; 178.62
957; 0.0650591526684913; 2225.66068021747; 2187.74; 186.23
958; 0.0696370528673907; 2294.75482656344; 2247.3; 217.71
959; 0.0670423450402002; 2363.18138872426; 2317.73; 216.56
960; 0.0532577815426804; 2395.70572813854; 2360.09; 213.59
961; 0.042257837731255; 2453.06198177099; 2424.74; 214.04
962; 0.0438276538128027; 2502.02019045975; 2474.76; 198.61
963; 0.0362250073248426; 2531.87013997401; 2512.71; 168.87
964; 0.0375440628635303; 2555.73041576579; 2535.92; 168.45
965; 0.0512570796294383; 2589.3928984923; 2566.69; 141.38
966; 0.0838846835671567; 2617.49021046995; 2577.83; 150.9
967; 0.111659418255875; 2638.4272705397; 2583.13; 158.04
968; 0.155859768561202; 2665.58878492005; 2579.15; 176.96
969; 0.165517660025359; 2666.51890879571; 2572.79; 180.67
970; 0.167616535619816; 2668.63838573252; 2561.66; 203.6
971; 0.155651388406132; 2664.79624240548; 2563.25; 208.09
972; 0.128876382216966; 2648.36947718146; 2558.88; 221.46
973; 0.125540222688394; 2641.61083198994; 2551.45; 229.02
974; 0.111747028938129; 2610.07692691483; 2528.64; 232.37
975; 0.0973365501306802; 2586.3628538307; 2523.86; 204.72
976; 0.12061558607878; 2588.61442654949; 2511.8; 203.01
977; 0.0949435098005985; 2569.65648876541; 2510.21; 199.57
978; 0.0902166958606542; 2537.43192561318; 2482.35; 194.58
979; 0.0792347103695573; 2502.67765427546; 2458.6; 177.27
980; 0.0657804339094317; 2475.34335873152; 2444.27; 150.51
981; 0.0916756105832869; 2457.56449580679; 2419.05; 133.84
982; 0.0887567074375906; 2412.17600489067; 2367.4; 160.7
983; 0.0759017294252654; 2374.8919067656; 2336.46; 161.27
984; 0.109647608050868; 2337.8575993223; 2282.81; 159.88
985; 0.110020288317037; 2304.38614282241; 2251.06; 154.34
986; 0.127646637134524; 2270.77281675289; 2207.6; 157.57
987; 0.104423674454478; 2241.51822959086; 2186.34; 168.22
988; 0.0900918601037318; 2195.95080052349; 2145.24; 179.17
989; 0.0932490983292062; 2156.58640025845; 2108.12; 165.42
990; 0.0920618569779951; 2129.84998742718; 2081.64; 166.65
991; 0.0763545278558899; 2081.9581814676; 2041.03; 170.56
992; 0.0622135396050325; 2029.91046510812; 1997.25; 167.02
993; 0.0497867431778826; 1989.84202324884; 1966.49; 149.21
994; 0.076916288641803; 1974.52377976465; 1939.72; 143.93
995; 0.0696394668056388; 1929.51015060638; 1900.4; 132.95
996; 0.076217307794748; 1892.86596389501; 1864.41; 118.73
997; 0.0871416874603956; 1855.68012998728; 1824; 115.6
998; 0.0691667106148501; 1828.74158947704; 1807.07; 99.62
999; 0.14176785866839; 1810.33661710544; 1765.18; 101.26
1000; 0.14046635266579; 1767.91219265906; 1720.09; 108.22
1001; 0.146328599166452; 1736.14873194699; 1685.52; 109.97
1002; 0.179179134301444; 1702.3841162135; 1645.32; 101.21
1003; 0.152182071207327; 1663.79074237629; 1611.79; 108.58
1004; 0.148983786985557; 1625.99668313115; 1578.38; 101.55
1005; 0.151304133195951; 1599.39941066541; 1549.12; 105.57
1006; 0.112595090162283; 1547.55335430496; 1516.9; 86.48
1007; 0.120236732904047; 1508.7761546463; 1481.6; 71.79
1008; 0.129809560273002; 1478.94948011988; 1453.64; 61.92
1009; 0.0875165967417704; 1450.46791559002; 1434.1; 59.39
1010; 0.137923405475506; 1418.49033312441; 1395.29; 53.41
1011; 0.11332274759621; 1378.2035562336; 1360.61; 49.29
1012; 0.166255020312164; 1353.02870781178; 1324.04; 55.35
1013; 0.182584333402711; 1333.34226063184; 1288.94; 77.19
1014; 0.243753691813844; 1309.49855994354; 1240.43; 89.93
1015; 0.249328346800926; 1281.76980244578; 1208.26; 93.56
1016; 0.298810938393733; 1253.89571810244; 1185.47; 72.66
1017; 0.293172947738167; 1226.28552486011; 1156.76; 75.24
1018; 0.299095260359014; 1195.83986881479; 1123.75; 76.46
1019; 0.313132662715342; 1163.91608784781; 1094.23; 70.59
1020; 0.323604533816471; 1136.81171107173; 1067.91; 67.53
1021; 0.242477501534127; 1111.4559843847; 1061.87; 64.85
1022; 0.231307582479815; 1077.4992079341; 1032.33; 61.92
1023; 0.161047439103476; 1036.94510344129; 995.4; 81.79
1024; 0.175905285567863; 1015.72105502232; 986.13; 53.33
1025; 0.088319327400291; 988.037242576719; 973.1; 53.61
1026; 0.0597473516565662; 961.967255870365; 952.67; 49.32
1027; 0.00260338939539042; 934.684768656767; 934.38; 37.1
1028; 0.0554361142936462; 915.462951075135; 908.57; 39.4
1029; 0.033061039617277; 894.357162371971; 890.68; 35.24
1030; 0.28428829833913; 887.230471340212; 861.62; 28.54
1031; 0.240819102049786; 861.266931912738; 834.97; 34.59
1032; 0.429629620754112; 854.806704864823; 813.72; 30.29
1033; 0.471233078444476; 834.628266111176; 789.35; 30.43
1034; 0.433222600100276; 818.7417128971; 780.6; 27.88
1035; 0.38945693433696; 791.816976320423; 755.68; 29.38
1036; 0.4317243340051; 769.736919208669; 748.41; 15.64
1037; 0.177379902166968; 743.474190660444; 732.52; 19.55
1038; 0.0210059578903114; 729.192904264863; 727.94; 18.88
1039; 0.158053680668322; 724.634038119647; 755.57; -61.95
1040; -0.824043580429204; 652.937888479004; 691.58; 14.84
1041; -0.0469664391483731; 673.427822864924; 681.33; 53.24
