# 16/03/2019 13:28:55
# NanoCalc data
# Original file name: C:\SVA_DATA\StudentProjects\2018_Nathan\PS_160319\PSswelling_16_03_19_147.dat
# Fit Result : Fitness; Thickness 1; Thickness 2; Thickness 3 
# Fit Result : 0.675740603401532; 2; 295.5; -1
# comment:PS id: 348 slowslow swelling at 13:07
#
# WaveLength; Reflectance; Raw Intensity; Dark Intensity; Reference Intensity
400; 0.286711438813129; 4423.36545364662; 4128.73; 498.3
401; 0.293653606783627; 4580.23179651167; 4281.21; 491.63
402; 0.2873558815108; 4683.79021128569; 4392.47; 487.32
403; 0.308127448522079; 4808.44283171675; 4494.68; 487.45
404; 0.318433170575062; 4940.45248694671; 4615.44; 486.53
405; 0.321383041654182; 5131.32507597877; 4790.2; 504
406; 0.321889219510708; 5251.27784011946; 4891.23; 529.04
407; 0.324486225438052; 5376.71654925719; 5004.66; 540.18
408; 0.322141918597293; 5496.92152760046; 5101.67; 575.74
409; 0.318283557490394; 5620.39450427748; 5219.95; 588.19
410; 0.315418193107932; 5783.497196834; 5376.23; 601.39
411; 0.310668644740375; 5887.07119049515; 5472.62; 619.16
412; 0.309784228178878; 5981.08822205365; 5572.99; 609.24
413; 0.322619133282751; 6084.95199239704; 5656.11; 612.69
414; 0.332624282434479; 6242.26306022885; 5797.98; 613.59
415; 0.335513489488336; 6343.92645612118; 5886.56; 624.16
416; 0.330248351939649; 6423.34513821551; 5971.21; 624.77
417; 0.319124876850495; 6508.62398692079; 6067.74; 628.37
418; 0.325463500182674; 6655.09388812917; 6202.36; 630.58
419; 0.332672084942845; 6778.91940326315; 6310.91; 635.83
420; 0.345097049524645; 6914.39017762792; 6423.12; 641.48
421; 0.329233104574099; 7025.28680800934; 6553.44; 643.92
422; 0.335740499463714; 7213.5362598501; 6719.62; 659.04
423; 0.334975012530932; 7344.15430015703; 6825.99; 690.92
424; 0.342796255093309; 7505.13120611093; 6954.73; 715.03
425; 0.351670689276116; 7672.94267388302; 7100.68; 722.7
426; 0.366470491953668; 7939.85761046163; 7291.52; 783.57
427; 0.367924812011481; 8111.12165257192; 7441.53; 803.85
428; 0.359107493507591; 8260.86866975435; 7580.19; 834.93
429; 0.358118310988271; 8411.19867062172; 7715.94; 853.06
430; 0.346497440431739; 8641.99233028859; 7945.72; 880.75
431; 0.340205193888331; 8797.07833337249; 8084.29; 916.06
432; 0.350861018756871; 8931.30271897398; 8199.59; 909.55
433; 0.341204071333176; 9052.88836243308; 8310.91; 946.14
434; 0.348313695602344; 9254.10860896209; 8484.39; 959.16
435; 0.345677837874231; 9366.83039504665; 8602.52; 957.61
436; 0.354986360581656; 9480.89556842828; 8688.3; 964.91
437; 0.3584271446896; 9618.58731673487; 8807.31; 975.92
438; 0.378532768457987; 9835.90829882823; 8973.36; 980.21
439; 0.381773990289812; 9949.56940054872; 9055.15; 1005.5
440; 0.380511863625156; 10070.2124926306; 9166.34; 1017.16
441; 0.372400479220283; 10178.56742125; 9282.43; 1028.13
442; 0.377544384115681; 10369.6976051967; 9458.75; 1028.56
443; 0.386728398901317; 10500.0482480823; 9583.99; 1007.55
444; 0.384202295500556; 10665.4445895562; 9747.02; 1014.57
445; 0.386948575848811; 10813.8138512835; 9884.78; 1016.71
446; 0.385093121578501; 11012.4375806017; 10083.61; 1019.05
447; 0.375025876601648; 11196.4651393673; 10250.15; 1063.82
448; 0.367274414163772; 11378.1743447339; 10438.6; 1076.19
449; 0.374006880134123; 11716.2371795736; 10729.27; 1107.78
450; 0.36963978883124; 11924.047694905; 10918.08; 1140
451; 0.361345436305407; 12111.9852842953; 11119.59; 1148.12
452; 0.36111100708739; 12336.4540071769; 11317.34; 1177.39
453; 0.353559503124411; 12694.9670543986; 11649.5; 1231.2
454; 0.352368460066981; 12966.5310931396; 11910.85; 1244.96
455; 0.351703762154962; 13208.8555159691; 12145.22; 1254.26
456; 0.357097598438788; 13482.7185700942; 12401.32; 1253.51
457; 0.361494414979621; 13901.113303199; 12779.62; 1281.75
458; 0.356670472135626; 14209.5771138207; 13057.99; 1331.39
459; 0.363090789958848; 14495.0684510503; 13298.95; 1355.89
460; 0.361630211149275; 14789.9499081533; 13561.85; 1395.15
461; 0.369992809354005; 15199.6584714454; 13933.24; 1403.55
462; 0.366171790651574; 15435.4041335078; 14137.18; 1451.1
463; 0.366482472700157; 15675.8682829881; 14347.89; 1480.41
464; 0.367557296493376; 16073.9274549407; 14697.65; 1526.98
465; 0.370020104116028; 16344.3122389227; 14948.09; 1536.14
466; 0.366751778621823; 16614.8858911962; 15217.68; 1548.2
467; 0.361022377605392; 16874.4654949327; 15491.31; 1554.34
468; 0.362742720431161; 17446.0375400777; 16005.76; 1608.14
469; 0.364084781187444; 17822.823603063; 16367.5; 1616.28
470; 0.363767971313941; 18217.2547060751; 16726.43; 1654.44
471; 0.360024123696908; 18693.719454741; 17152.92; 1724.85
472; 0.354727940420092; 19448.9884555716; 17848.48; 1815.49
473; 0.352998235541406; 19979.9340578445; 18337.26; 1869.44
474; 0.351514109100102; 20539.7659692138; 18857.85; 1919.08
475; 0.35700906139983; 21543.7896500242; 19747.25; 2015.09
476; 0.357448640215096; 22180.5194060113; 20330.81; 2068.81
477; 0.354134357180168; 22865.5700593031; 21002.14; 2100.32
478; 0.346706553913988; 23655.4936237051; 21749.8; 2190.43
479; 0.34609409144567; 24827.5580571181; 22855.75; 2266.9
480; 0.339651949916886; 25642.1764042909; 23642.88; 2338.44
481; 0.343792647847649; 26448.2641893523; 24387.3; 2377.96
482; 0.335847773151636; 27692.1459870242; 25566.6; 2506.71
483; 0.333732601472976; 28515.6936771523; 26359.04; 2555.76
484; 0.33106307742647; 29331.0560471239; 27132.3; 2622.74
485; 0.326005679496627; 30129.787303212; 27904.38; 2691.67
486; 0.326421080961704; 31228.1881559543; 28891.56; 2818.29
487; 0.315997438503079; 31905.9901464658; 29557.13; 2922.08
488; 0.313426017659803; 32581.2447129587; 30228.25; 2946.77
489; 0.315285431343216; 33226.1153110557; 30828.85; 2980.24
490; 0.306212591054367; 34068.4480657729; 31675.19; 3059.02
491; 0.305016978550259; 34598.4805348671; 32202.1; 3071.01
492; 0.301277677531526; 35116.9387191277; 32681.91; 3155.14
493; 0.298484924997375; 35808.6183045619; 33367.32; 3188.82
494; 0.294954522926167; 36249.0192028524; 33806.15; 3225.04
495; 0.292213064438303; 36658.262990038; 34237.31; 3222.06
496; 0.290466782575611; 37239.2537474444; 34809.18; 3249.64
497; 0.286493382149436; 37581.0647185716; 35171.51; 3262.86
498; 0.283158420734258; 37940.6943149225; 35529.07; 3300.04
499; 0.276748052348542; 38329.3862105243; 35957.07; 3317.25
500; 0.281335817557046; 38876.1943435748; 36455.96; 3324.93
501; 0.275764964763006; 39242.5211799512; 36819.54; 3391.56
502; 0.269534529175673; 39565.6085043458; 37176.1; 3417.51
503; 0.263826202114468; 40085.699930377; 37664.75; 3532.88
504; 0.263464562752661; 40496.5841786319; 38078.63; 3528.83
505; 0.260317776323842; 40953.9829976518; 38492.74; 3631.1
506; 0.256977871394036; 41377.4201007542; 38939.42; 3639.21
507; 0.261313009756617; 42045.9973406967; 39542.79; 3670.33
508; 0.256212980743113; 42447.8107500159; 39980.31; 3685.74
509; 0.253900652804052; 42894.1238307821; 40433.11; 3705.42
510; 0.251062455097683; 43538.0847284122; 41112.62; 3688.99
511; 0.247982690581062; 43992.0572194171; 41570.54; 3724.49
512; 0.246189340587315; 44465.7820926223; 42009.35; 3801.38
513; 0.245460329136264; 45121.0293041845; 42653.8; 3825.15
514; 0.241744828354449; 45570.0004858203; 43089.63; 3900.16
515; 0.238015832090673; 46030.5215898765; 43574.42; 3918.1
516; 0.236369000812327; 46444.4277324819; 43959.13; 3987.71
517; 0.231755323175818; 47115.6340460842; 44608.66; 4097.84
518; 0.223649205629197; 47577.0854731241; 45093.66; 4201.72
519; 0.223775082973535; 48097.6208085832; 45585.82; 4242.52
520; 0.2139730729145; 48758.4367834238; 46354.32; 4241.93
521; 0.207623662010561; 49179.8308121477; 46836.25; 4257.03
522; 0.205781444613954; 49639.3881890862; 47290.23; 4300.76
523; 0.195733989531467; 50244.3041650821; 47955.64; 4400.48
524; 0.18977709269147; 50716.4224202346; 48473.51; 4443.21
525; 0.188323344541907; 51154.4042111763; 48920.91; 4454.13
526; 0.188317407287149; 51779.2233448676; 49544.96; 4451.22
527; 0.185768813050554; 52138.9454829682; 49917.2; 4482.6
528; 0.18586339053736; 52490.8953293792; 50237.52; 4539.52
529; 0.185986507064355; 52818.4898253877; 50576.77; 4508.6
530; 0.178540263973635; 53157.3070173986; 50993.65; 4528.72
531; 0.176967797677581; 53357.8439728167; 51174.87; 4605.53
532; 0.175357666122276; 53542.2914825071; 51347.43; 4668.84
533; 0.169374365567691; 53740.0043076899; 51578.11; 4756.79
534; 0.163159473305045; 53820.3385528295; 51722.03; 4788.33
535; 0.157003825160425; 53926.4941736869; 51885.84; 4834.27
536; 0.155773369954131; 54124.2373952504; 52097.07; 4835.29
537; 0.148153105409905; 54229.1339882368; 52264.71; 4921.33
538; 0.144282510031903; 54363.1259328303; 52444.34; 4930.62
539; 0.144987601638519; 54696.7847858269; 52766.82; 4930.26
540; 0.143671094408717; 54870.5047490958; 52950.34; 4945.18
541; 0.14432177200158; 55109.1529268481; 53157.19; 5000.24
542; 0.146185022520246; 55471.8862886245; 53506.74; 4965.7
543; 0.148762369219829; 55723.9153494308; 53737.46; 4928.71
544; 0.148821795518131; 55991.3501814741; 54002.84; 4927.96
545; 0.147050014461095; 56371.9124132542; 54398.29; 4945.97
546; 0.147528998045101; 56664.4611762016; 54667.39; 4984.42
547; 0.143396188980906; 56890.9174386433; 54963; 4946.21
548; 0.134529285251551; 57295.1518205725; 55485.77; 4943.89
549; 0.130440082040699; 57534.7139212123; 55780.6; 4938.83
550; 0.126681722827251; 57801.5418544697; 56082.81; 4978.56
551; 0.121051805653519; 58083.8385881559; 56442.1; 4972.49
552; 0.115095729396597; 58476.6943719214; 56912.56; 4978.37
553; 0.114831005593037; 58733.4220762236; 57170.85; 4980.75
554; 0.1125052375605; 59012.1602532652; 57462.94; 5035.98
555; 0.106916376577676; 59401.3051610655; 57899.63; 5132.21
556; 0.10541122356693; 59700.1068812408; 58218.74; 5130.57
557; 0.101696002643476; 59994.3690935383; 58560.38; 5143.51
558; 0.0982531449114059; 60497.664860034; 59102.67; 5174.53
559; 0.0955201294552231; 60860.1996839719; 59482.74; 5251.16
560; 0.0899293458025444; 61230.8152287879; 59907.96; 5351.9
561; 0.0867235947909939; 61978.7146141344; 60680.51; 5441.76
562; 0.0807964055711258; 62478.6015256508; 61275.73; 5407.36
563; 0.080027992947692; 63069.587577059; 61881.59; 5387.39
564; 0.0827883651669345; 64022.0772801692; 62777.77; 5450.16
565; 0.0789998484630399; 64530.3356969167; 63329.69; 5507.06
566; 0.075998155577139; 65028.7937733971; 63858.49; 5575.79
567; 0.0691108851562479; 65673.5569096246; 64591.04; 5667.63
568; 0.0679616236733658; 66008.0854675458; 64947.29; 5643.95
569; 0.0638144254687229; 66177.0875386908; 65185.62; 5613.9
570; 0.057449113944309; 66233.7349752749; 65338.74; 5625.12
571; 0.0578840299127308; 66224.5090784178; 65313.57; 5677.94
572; 0.0550895825223825; 66132.8202882935; 65256.1; 5737.27
573; 0.0551053075639644; 65884.6212022795; 65014.32; 5689.09
574; 0.0508420065461558; 65603.1751062044; 64809.91; 5615.69
575; 0.0522874633033807; 65284.8965299349; 64479.72; 5538
576; 0.0519463481950462; 65141.6680970938; 64344.84; 5512.29
577; 0.0537832245795202; 64998.2621673628; 64163.52; 5573.02
578; 0.0545691979618323; 64766.6509250192; 63925.39; 5531.34
579; 0.0497051535425087; 64551.4519792656; 63786.68; 5516.34
580; 0.0436068199570877; 64346.9183938974; 63688.94; 5405.68
581; 0.0385759628700059; 64093.0510234509; 63511.61; 5396.07
582; 0.0396493741259899; 63995.8944693851; 63395.76; 5414.97
583; 0.036425718278769; 63850.3550434841; 63297.12; 5429.9
584; 0.0342001734896812; 63661.28523957; 63141.9; 5425.87
585; 0.0328020983827977; 63558.5489159985; 63062.85; 5395.63
586; 0.0353015454810893; 63478.3680972601; 62944.34; 5397.76
587; 0.0362129428874493; 63344.3602027919; 62792.76; 5431.66
588; 0.0399440935409158; 63269.4428897162; 62654.36; 5487.59
589; 0.0442790633489404; 63253.1950378282; 62566.82; 5520.82
590; 0.0501321430802329; 63292.4168875248; 62512.58; 5536.76
591; 0.0548100187454085; 63361.3120746129; 62505.81; 5552.09
592; 0.0565846572161852; 63401.2267048344; 62513.67; 5575.96
593; 0.0561668820456231; 63487.3098935197; 62611.92; 5536.94
594; 0.0548711802820488; 63554.4839770783; 62693.31; 5572.13
595; 0.0516070919439383; 63796.2566140273; 62989.14; 5549.16
596; 0.0505064331505944; 64025.9799530086; 63234.76; 5554.9
597; 0.0426930202050068; 64275.3831894894; 63610.07; 5522.3
598; 0.0372899188245318; 64716.9373459659; 64126.97; 5602.89
599; 0.0335964878484523; 65081.0861108694; 64545.09; 5646.35
600; 0.0319501387031186; 65576.6044171181; 65063.58; 5679.23
601; 0.0320974977942564; 66445.8078051549; 65916.6; 5827.78
602; 0.0300382461413856; 67087.2864097998; 66585.74; 5898.21
603; 0.0333466184472582; 67759.2048650966; 67192.33; 6001.26
604; 0.0376362931424662; 68725.8601127536; 68063.31; 6210.72
605; 0.0447320385975632; 69372.7957762337; 68568.75; 6337.63
606; 0.0473352411614598; 70051.4916296152; 69197.15; 6359.84
607; 0.0487863437319671; 70801.1005456909; 69914.96; 6396.43
608; 0.0474417670064252; 71183.056804526; 70317.9; 6418.02
609; 0.0426857521192329; 71555.4918853569; 70777.29; 6412.24
610; 0.0462015362116897; 71738.4545537466; 70888.42; 6467.16
611; 0.0456322735238603; 71844.5057546768; 71003.56; 6474.02
612; 0.0471241732080569; 71879.529500115; 71007.29; 6498.34
613; 0.0451843150657313; 71830.6194552648; 70998.27; 6463.39
614; 0.0411553549282596; 71587.1835353816; 70832.33; 6431.65
615; 0.0411884015023422; 71196.4585285483; 70445.1; 6392.96
616; 0.0442884094249034; 70888.5411868412; 70072.58; 6452.68
617; 0.0504149440676812; 70366.0760179202; 69438.15; 6442.73
618; 0.0500138359687126; 69981.5896073683; 69078.18; 6319.07
619; 0.0537194703824857; 69594.6610896591; 68627.06; 6297.82
620; 0.0509380066893458; 68943.8348793052; 68049.15; 6137.91
621; 0.0510889441597186; 68451.369309958; 67566.24; 6051.33
622; 0.0528440965779945; 68055.063551448; 67148.78; 5987.11
623; 0.0585224896722483; 67509.089711185; 66516.87; 5915.96
624; 0.0594491417804385; 67155.5176644749; 66173.83; 5759.15
625; 0.063160213578821; 66675.9450354437; 65647.4; 5676.76
626; 0.06372475214523; 66361.1028940238; 65330.01; 5637.68
627; 0.0592505432042899; 65997.6832825377; 65052.88; 5553.44
628; 0.0608621732203471; 65491.0333023873; 64518.76; 5560.88
629; 0.0604977696695646; 65205.790987283; 64241.88; 5543.73
630; 0.0609542689149116; 64887.9798654511; 63905.68; 5604.62
631; 0.0631547740905332; 64489.5632867961; 63476.06; 5578.78
632; 0.0654245298078087; 64230.2118975203; 63179.09; 5582.73
633; 0.0677937752520436; 63839.4563636939; 62767.42; 5492.47
634; 0.0680623470542858; 63575.6101444977; 62514; 5415.11
635; 0.0727067437755425; 63373.7168750134; 62254.26; 5342.51
636; 0.0771816620304647; 63145.5867867871; 61987.01; 5205.79
637; 0.08050280558242; 62972.9981467363; 61764.54; 5202.77
638; 0.0866637317459643; 62850.1524681112; 61555.63; 5173.97
639; 0.081109832349225; 62537.1546358384; 61337.24; 5121.28
640; 0.0818507683850845; 62400.2265390379; 61186.77; 5129.09
641; 0.0795668036133596; 62115.7862807997; 60926.44; 5168.8
642; 0.0819443835956415; 61978.1023059202; 60738.15; 5229.66
643; 0.0809122756509083; 61871.2971154399; 60655.06; 5192.52
644; 0.0819846974773225; 61621.8900177624; 60375.33; 5249.78
645; 0.0851571888702066; 61489.5830256862; 60187.65; 5276.42
646; 0.0816881454825267; 61185.5926355712; 59942.03; 5251.45
647; 0.0877145453983559; 61095.399625667; 59767.67; 5219.54
648; 0.0905969973172994; 60942.8483326112; 59567.72; 5231.75
649; 0.0955814406720322; 60788.9411106769; 59337.46; 5231.98
650; 0.0982272609303352; 60658.9934309498; 59168.18; 5226.73
651; 0.100860636789661; 60469.332916699; 58909.88; 5322.15
652; 0.103409406530912; 60379.9853983801; 58799.62; 5257.98
653; 0.100236842807217; 60246.4627163451; 58744.82; 5151.64
654; 0.106032528873478; 60200.7114254462; 58622.74; 5115.21
655; 0.106743545768351; 60125.772804477; 58553.86; 5059.56
656; 0.108252228739263; 59975.9466755702; 58381.47; 5058.59
657; 0.108694851766737; 59863.4617509905; 58256.17; 5076.7
658; 0.108941681288332; 59774.4724891657; 58185.35; 5006.18
659; 0.111070297066311; 59647.9485804555; 58052.77; 4926.93
660; 0.112207978107287; 59552.8295368662; 57954.92; 4883.32
661; 0.117675738282447; 59442.0112250366; 57747.73; 4934.5
662; 0.119846721525807; 59341.8650134754; 57625.64; 4905.27
663; 0.121349874018927; 59252.7415500701; 57524.13; 4876.89
664; 0.120036871683238; 59107.3164169592; 57417.09; 4818.06
665; 0.120851652957134; 59020.7384718381; 57335.16; 4770.59
666; 0.123976360512686; 58920.883261844; 57198.04; 4751.34
667; 0.12417894907397; 58822.7298864415; 57082.23; 4790.65
668; 0.124991887764463; 58687.7997056418; 56937.17; 4785.78
669; 0.127836691445264; 58525.3090348071; 56731.7; 4792.32
670; 0.128885463838292; 58411.7093368328; 56601.69; 4794.97
671; 0.125654636088252; 58160.8529066405; 56396.69; 4790.96
672; 0.130768403359464; 58085.4436327568; 56255.13; 4773.54
673; 0.131966055481583; 57970.5852939621; 56121.1; 4776.93
674; 0.12907236176355; 57673.9569040987; 55860.44; 4786.34
675; 0.132391082777363; 57503.6637928964; 55641.32; 4789.86
676; 0.137724538843438; 57223.6153256856; 55281.89; 4798.49
677; 0.140025018143138; 57000.034106853; 55029.44; 4788.26
678; 0.147136710708352; 56703.2993110876; 54649.42; 4747.72
679; 0.152351050872031; 56487.5910438416; 54370.61; 4724.41
680; 0.152491109876776; 56176.5550264547; 54053.07; 4733.02
681; 0.152795915946832; 55687.3447981895; 53553.6; 4744.7
682; 0.159378537049569; 55450.6937888462; 53266; 4655.54
683; 0.164455007251206; 55091.476205619; 52864.11; 4598.17
684; 0.164036324853511; 54823.6345404603; 52608.7; 4582.53
685; 0.16428154284576; 54427.3593040597; 52237.34; 4522.46
686; 0.164880018260971; 54119.3215322931; 51913.98; 4535.94
687; 0.169564813113413; 53910.1577541214; 51649.53; 4519.43
688; 0.173462894438991; 53554.576835708; 51295.5; 4413.25
689; 0.179498024819278; 53378.0512698817; 51070.3; 4355.19
690; 0.175952594957732; 52953.0856499733; 50699.74; 4336.51
691; 0.176426966332092; 52653.2296463358; 50413.55; 4296.94
692; 0.177773072315661; 52393.8971292394; 50130.14; 4308.56
693; 0.181066977351897; 52029.4161914269; 49696.67; 4357.39
694; 0.183145143340519; 51812.425812612; 49465.93; 4331.64
695; 0.181617905153988; 51368.8125800855; 49036.92; 4339.05
696; 0.183938195864578; 51138.7699285262; 48764.73; 4359.91
697; 0.17996669343243; 50705.3926500559; 48370.16; 4381.3
698; 0.184978100760949; 50493.1846196895; 48079.54; 4403.87
699; 0.187308204306327; 50152.7926039679; 47719.76; 4382.3
700; 0.188263488334065; 49901.7001427729; 47469.65; 4356.59
701; 0.187387140580699; 49637.3176145858; 47257.62; 4281.45
702; 0.186635719519384; 49257.5959419876; 46910.58; 4238.24
703; 0.188294695745794; 49008.1637406794; 46677; 4171.26
704; 0.189473783357208; 48672.7292656435; 46395.78; 4047.67
705; 0.19100631716584; 48418.8422389469; 46117.47; 4056.66
706; 0.193649005928612; 48048.9198116881; 45748.44; 3998.29
707; 0.189964514524034; 47787.5697861243; 45565.62; 3935.03
708; 0.187711292835392; 47536.6221473032; 45404.96; 3818.82
709; 0.189915166443445; 47213.1975651254; 45067.9; 3797.26
710; 0.189852000610515; 46971.483125654; 44868.29; 3722.61
711; 0.191874094233961; 46656.4313473681; 44507.27; 3763.08
712; 0.195587464306493; 46414.1947935389; 44234.63; 3743.06
713; 0.197003938386779; 46094.955064317; 43956.65; 3645.02
714; 0.198784774061235; 45813.6995607093; 43673.52; 3614.87
715; 0.205856917576231; 45415.511664346; 43250.26; 3530.39
716; 0.21015753950889; 45107.2593694917; 42906.92; 3513.11
717; 0.2135826812504; 44748.2783240154; 42561.47; 3434.15
718; 0.223736253361183; 44239.1950843889; 42001.83; 3352.76
719; 0.228248932401863; 43850.6373089702; 41637.91; 3248.89
720; 0.229192554625491; 43250.1376797464; 41084.95; 3164.74
721; 0.226966914372207; 42850.8750203775; 40719.31; 3144.99
722; 0.229595489636693; 42303.0736745223; 40173.84; 3104.44
723; 0.225953187057468; 41906.544104568; 39818.44; 3092.41
724; 0.225096249995592; 41403.1004096277; 39369.63; 3021.85
725; 0.226940050862853; 41146.9786546428; 39089.54; 3031.51
726; 0.224432398810259; 40847.6208157585; 38812.67; 3030.76
727; 0.223634395829436; 40735.0768392884; 38667.46; 3089.26
728; 0.227881959839336; 40658.8197137906; 38526.57; 3125.39
729; 0.233796443713068; 40582.2658429353; 38422.34; 3085.01
730; 0.228181683363627; 40513.1844599639; 38393.37; 3101.36
731; 0.236120693697959; 40578.3014239304; 38393.25; 3089.03
732; 0.235541362045368; 40598.7980876848; 38409.02; 3102.94
733; 0.231167222462517; 40633.3070865449; 38439.38; 3167.25
734; 0.23092696924287; 40585.4272921122; 38387.61; 3175.87
735; 0.231567265116109; 40520.1441366126; 38341.94; 3138.05
736; 0.227482902484609; 40402.4273712183; 38288.17; 3099.75
737; 0.234957289829829; 40357.7626481686; 38208.75; 3049.44
738; 0.242592528367119; 40304.1454275884; 38099.45; 3028.96
739; 0.247257317337844; 40234.295019261; 38012.51; 2993.74
740; 0.244176030673725; 40134.7685778041; 37957.1; 2970.22
741; 0.246861792346605; 40058.9052559928; 37899.45; 2912.34
742; 0.24093775035874; 40053.2116807192; 37944.75; 2912.58
743; 0.239686881773101; 40095.9674526275; 38010.17; 2895.32
744; 0.240534755293145; 40311.201434654; 38163.41; 2969.85
745; 0.241212504143995; 40439.7568079464; 38302.58; 2945.77
746; 0.234289278108657; 40695.3545589243; 38585.54; 2992.87
747; 0.232482844578711; 40901.4194140403; 38793.08; 3012.89
748; 0.244986986412089; 41255.3148981343; 39021.67; 3028
749; 0.24420800379666; 41342.0572747369; 39113.75; 3029.55
750; 0.251904951548976; 41403.7942961791; 39071.26; 3073.59
751; 0.253055530563918; 41323.370972868; 39000.42; 3046.95
752; 0.253617124948883; 41111.8893588456; 38784.12; 3046.32
753; 0.250351810807306; 40840.420662916; 38532.39; 3059.79
754; 0.256542542665178; 40295.7810245427; 38020.71; 2943.13
755; 0.259183297045636; 39876.5005572396; 37644.43; 2857.37
756; 0.256392071312312; 39194.12222671; 37039.5; 2787.47
757; 0.261423139721173; 38784.6869389587; 36626.49; 2737.25
758; 0.26232969018791; 38085.927428739; 36000.14; 2635.2
759; 0.266169620648311; 37641.2647877168; 35589.05; 2554.18
760; 0.266456695411656; 37212.7263973636; 35172.51; 2535.32
761; 0.270416096731603; 36620.1826445769; 34601.45; 2470.73
762; 0.268983267596333; 36220.9092979452; 34239.72; 2436.55
763; 0.275400472616823; 35744.8138412451; 33672.68; 2488
764; 0.274093831755798; 35380.8259071788; 33303.74; 2504.89
765; 0.2773927257593; 34925.3777591947; 32811.99; 2518.12
766; 0.281611618195381; 34674.9828065451; 32495.94; 2557.21
767; 0.279784192321904; 34217.4372800086; 32083.73; 2520.44
768; 0.272731070863966; 33877.3422696721; 31788.56; 2531.26
769; 0.266005880334158; 33457.0808584624; 31373.5; 2588.63
770; 0.264708255392876; 33185.7443039294; 31131.83; 2564.12
771; 0.268186237653191; 32821.0746480224; 30766.53; 2530.61
772; 0.264932306803589; 32583.962663951; 30557.52; 2525.62
773; 0.261852011642478; 32193.553843215; 30250.57; 2449.01
774; 0.259133095172231; 31910.1554663178; 30043.56; 2376.29
775; 0.264267504319785; 31606.9480996034; 29721.74; 2352.54
776; 0.268435121505974; 31386.4707157828; 29492.76; 2325.58
777; 0.264842141744261; 30979.9965597744; 29153.88; 2272.42
778; 0.257102824308347; 30725.396585736; 28972.74; 2246.02
779; 0.264629035383632; 30425.38911102; 28639.48; 2223.05
780; 0.262185956353139; 30191.4313110593; 28422.74; 2221.57
781; 0.263205685221961; 29908.7198063971; 28090.89; 2273.94
782; 0.269769645188705; 29730.1431286502; 27881.21; 2256
783; 0.266979556244339; 29343.6345243581; 27535.46; 2228.83
784; 0.273749053759317; 29195.5225819681; 27302.24; 2275.45
785; 0.286224294057992; 28909.1502827305; 26940.17; 2262.64
786; 0.283736409994198; 28668.2184625455; 26703.37; 2277.04
787; 0.283708532231913; 28295.5260891379; 26410.67; 2183.86
788; 0.284728048058177; 28065.4923097424; 26193.72; 2160.25
789; 0.285972703689669; 27734.4022912905; 25859.43; 2153.91
790; 0.283190462220131; 27545.2032883206; 25689.46; 2152.15
791; 0.29415689816587; 27310.7331382877; 25431.07; 2098.09
792; 0.292936784180795; 27128.2223128548; 25301.13; 2047.45
793; 0.301451671604532; 26904.0928014814; 25065.27; 2002.01
794; 0.310386423136326; 26789.524046694; 24914.42; 1982.43
795; 0.305291026657619; 26526.50375377; 24669.28; 1996.17
796; 0.309668719542789; 26289.5383167057; 24445.9; 1953.43
797; 0.313246376107228; 26108.3110227532; 24270.76; 1924.68
798; 0.306300611729051; 25824.4242826381; 24001.4; 1952.7
799; 0.307741162291567; 25645.3359602468; 23802.18; 1964.77
800; 0.293146971274906; 25349.9964875182; 23597.51; 1960.87
801; 0.283394633838273; 25122.4623033975; 23419.48; 1970.36
802; 0.281637737431651; 24852.4124571623; 23194.39; 1929.63
803; 0.281013838031956; 24683.3602052077; 23035.82; 1920.89
804; 0.276729668613235; 24453.3165836037; 22864.61; 1880.25
805; 0.274677243665; 24286.4200908244; 22701.51; 1889.29
806; 0.279513735598448; 24073.4676006097; 22505.05; 1836.81
807; 0.275329797693829; 23939.9622315058; 22388.34; 1844.46
808; 0.277558856146169; 23719.9576233402; 22182.43; 1812.68
809; 0.274140469915705; 23552.0400541856; 22076.21; 1761.3
810; 0.280298706698938; 23339.7517387719; 21830.98; 1760.66
811; 0.282304996555674; 23185.5323269232; 21674.26; 1750.54
812; 0.279265445781022; 22962.6387910182; 21450.09; 1770.52
813; 0.28610847048208; 22841.1373223655; 21326.57; 1729.98
814; 0.295154303098665; 22679.6831515439; 21178.66; 1661.43
815; 0.29725253621444; 22548.1571901052; 21055.41; 1640.29
816; 0.300407467937629; 22332.3737954718; 20829.34; 1633.88
817; 0.300351152978674; 22149.9764607929; 20672.04; 1606.64
818; 0.304693582834213; 22051.3823746353; 20564.39; 1593.19
819; 0.30870255847124; 21841.5249091427; 20383.83; 1541.22
820; 0.307646913598321; 21697.6397006271; 20226.51; 1560.41
821; 0.29330374537652; 21485.0726577325; 20023.8; 1625.28
822; 0.297454534004581; 21348.5287906879; 19906.78; 1580.73
823; 0.296526936159075; 21212.5047843495; 19737.53; 1621.8
824; 0.295402856822781; 21093.7495525801; 19657.41; 1584.92
825; 0.297451525477608; 20924.534724729; 19467.41; 1596.73
826; 0.298055764860725; 20793.6383819628; 19351.12; 1577.52
827; 0.301175362740118; 20618.670193618; 19210.18; 1524.5
828; 0.294742903451762; 20493.9719278584; 19127.55; 1511.39
829; 0.286051678365349; 20291.9191082891; 18978.28; 1497.01
830; 0.2875589718242; 20107.4598350201; 18828.55; 1449.7
831; 0.300556368176194; 20025.449387482; 18697.1; 1439.93
832; 0.290781978600211; 19831.7802093505; 18538.23; 1448.64
833; 0.289946741679411; 19724.8809766713; 18403.02; 1483.89
834; 0.286568340839237; 19558.6582194964; 18260.68; 1473.59
835; 0.285778966236915; 19445.1054943496; 18148.9; 1475.26
836; 0.299497004310856; 19334.9046891926; 18027.06; 1419.96
837; 0.297981590613997; 19231.533298139; 17917.72; 1433.88
838; 0.291312857622556; 19023.6037639532; 17743.73; 1429
839; 0.295974649299683; 18852.3721662755; 17601.7; 1375.38
840; 0.299920170427766; 18763.3964658287; 17526.81; 1342
841; 0.294950656196804; 18623.2040737997; 17435.5; 1312.15
842; 0.295574424318489; 18537.3472418714; 17379.08; 1276.64
843; 0.296164763995222; 18372.5133230429; 17210.56; 1277.82
844; 0.298669279850128; 18271.5358385174; 17103.94; 1272.97
845; 0.295931451124273; 18091.504981022; 16944.14; 1262.16
846; 0.305440495527952; 18023.935578655; 16847.44; 1253.63
847; 0.305470412682577; 17894.5607468284; 16669.25; 1305.18
848; 0.309588120472243; 17702.1658870967; 16495.05; 1268.41
849; 0.307606690857047; 17573.7340013888; 16379.33; 1262.81
850; 0.305435716468795; 17377.7909607563; 16192.74; 1261.5
851; 0.310588816770079; 17287.25709867; 16094.37; 1248.49
852; 0.314477115078466; 17130.3475790982; 15963.03; 1206.31
853; 0.308970411120408; 16988.5972831789; 15864.14; 1182.46
854; 0.315031644329136; 16819.3491500741; 15694.26; 1160.06
855; 0.312092512398825; 16664.9625323002; 15542.64; 1167.84
856; 0.317452012704955; 16573.3119275618; 15425.07; 1174.41
857; 0.322843536692706; 16410.986242536; 15269.87; 1147.37
858; 0.324444010867799; 16304.3765244224; 15156.53; 1148.22
859; 0.315349855055432; 16106.2780365592; 14966.85; 1172.44
860; 0.309896768739631; 15974.5442024253; 14838.22; 1189.55
861; 0.311198669028427; 15819.7096043758; 14677.89; 1190.07
862; 0.316634691316216; 15660.7570620672; 14467.12; 1222.48
863; 0.314863527663596; 15532.0694757901; 14361.95; 1204.9
864; 0.321741316355267; 15356.3230036276; 14177.91; 1187.23
865; 0.322861473737246; 15230.0099832894; 14026.99; 1207.58
866; 0.330186961119659; 15026.3728107918; 13850.63; 1153.79
867; 0.341751678757717; 14792.4849531858; 13648.72; 1084.18
868; 0.342135660116105; 14611.7288073719; 13521.48; 1032.09
869; 0.346687996080929; 14317.2412437859; 13329.47; 922.62
870; 0.339117905244804; 14119.3338481528; 13163.94; 912.12
871; 0.338991368878677; 13818.8657620003; 12889.74; 887.17
872; 0.331518346459659; 13603.0154823428; 12712.91; 868.9
873; 0.317955706262755; 13292.4787798458; 12432.42; 875.21
874; 0.320338703152586; 13018.7678266369; 12153.58; 873.68
875; 0.314273730864943; 12848.2799918561; 11959.66; 914.48
876; 0.308046665686709; 12591.3135620465; 11684.11; 952.29
877; 0.304928891392757; 12435.4767403077; 11525.8; 964.46
878; 0.310453743469807; 12234.1007227132; 11317.21; 954.59
879; 0.306127638945741; 12050.422585715; 11168.8; 930.66
880; 0.310856076966806; 11970.1576908532; 11086.47; 918.47
881; 0.299224768822092; 11816.7154116784; 10970.52; 913.48
882; 0.300232099266422; 11724.3129570482; 10893.36; 893.84
883; 0.307669991969275; 11618.9106796786; 10813.38; 845.38
884; 0.30080820886577; 11491.8277889303; 10725.52; 822.4
885; 0.294774893697388; 11398.4698712237; 10647.88; 821.83
886; 0.306114782087768; 11316.3196560569; 10579.02; 777.22
887; 0.300985860926442; 11247.7180887622; 10508.65; 792.23
888; 0.300451908145695; 11155.4453422308; 10447.87; 759.72
889; 0.30166618213269; 11101.1641562827; 10400.33; 749.33
890; 0.310976090260407; 11073.1964248707; 10369.11; 730.15
891; 0.312006229125029; 11028.1060709994; 10345.84; 705.07
892; 0.319318050163587; 11065.5075680859; 10355.45; 716.87
893; 0.313285853365351; 11117.5193438756; 10403.61; 734.54
894; 0.29894193140508; 11189.9020027517; 10493.42; 750.87
895; 0.298364863439554; 11273.2142066898; 10563.74; 766.23
896; 0.29593738105692; 11440.4399800397; 10706.65; 798.86
897; 0.287107349050912; 11549.6983972262; 10800.41; 840.71
898; 0.293191517824125; 11737.3900179465; 10977.65; 834.61
899; 0.287618449215896; 11947.733623284; 11155.61; 886.9
900; 0.283115917855121; 12069.5746196538; 11278.16; 900.05
901; 0.290980411002445; 12251.2838159609; 11413.41; 927.01
902; 0.293147868495347; 12379.1495430928; 11511.18; 953.05
903; 0.289756238160889; 12426.526796295; 11568.8; 952.67
904; 0.285125883058674; 12443.4409768246; 11603.65; 947.74
905; 0.284479343741066; 12431.7725004602; 11594.96; 946.4
906; 0.278432259620738; 12356.2398686055; 11527.23; 957.78
907; 0.283608573435404; 12226.2297947581; 11387.4; 951.28
908; 0.279506494419923; 12075.4945809061; 11255.71; 943.17
909; 0.271811790303428; 11796.0013320938; 11022.24; 915.3
910; 0.274376258003477; 11497.1450985091; 10744.29; 882.1
911; 0.270103207469643; 11257.9983976342; 10536.51; 858.58
912; 0.277438884787047; 10892.0289638133; 10192.08; 810.79
913; 0.272842431221307; 10595.9095757001; 9941.88; 770.26
914; 0.26186585667886; 10151.4064704302; 9570.46; 712.75
915; 0.280858345637044; 9753.85636367541; 9176.4; 660.45
916; 0.297217830331366; 9503.88043547757; 8929.38; 620.8
917; 0.292447539352744; 9116.89028930495; 8559.24; 612.34
918; 0.293124054277032; 8755.34277404357; 8211.41; 595.8
919; 0.293562070004481; 8524.11026753874; 7994.28; 579.41
920; 0.278446296134621; 8186.41877959956; 7686.77; 575.99
921; 0.278817810561154; 7883.37807245334; 7388.2; 570
922; 0.28122190783777; 7683.43981189186; 7199.05; 552.76
923; 0.278881973597795; 7395.51936311375; 6924.17; 542.32
924; 0.275709072544585; 7194.38792883797; 6746.85; 520.78
925; 0.28122476197262; 6912.07808533027; 6484.36; 487.89
926; 0.290318635956009; 6645.09834174145; 6230.74; 457.8
927; 0.304610020518012; 6481.02657841475; 6055.54; 447.98
928; 0.317976696647538; 6234.4216841966; 5799.08; 439.03
929; 0.318834788591917; 5954.85029162155; 5533.53; 423.69
930; 0.310890504944494; 5740.35261281518; 5344.2; 408.52
931; 0.320092239525739; 5431.21891455446; 5041.86; 389.92
932; 0.314574707602649; 5075.38532248887; 4693.06; 389.54
933; 0.314714010536237; 4789.51965072591; 4439.47; 356.45
934; 0.328946065104813; 4353.15505294322; 4025.96; 318.72
935; 0.313433117398679; 3843.31722116912; 3568.06; 281.37
936; 0.329161765391724; 3511.11698606849; 3261.67; 242.77
937; 0.317619487102653; 3028.96467874365; 2808.63; 222.2
938; 0.297348598394478; 2563.29762444467; 2396.02; 180.17
939; 0.300633497183853; 2290.46952239062; 2157.94; 141.17
940; 0.263762349990614; 1950.05217555563; 1833.58; 141.39
941; 0.199105206171358; 1689.23893475181; 1605.61; 134.47
942; 0.182279265255953; 1575.11159575713; 1508.26; 117.4
943; 0.112416422323669; 1447.79184007101; 1409.27; 109.68
944; 0.0953438031331496; 1394.09479110671; 1365.7; 95.31
945; 0.151704411740845; 1402.51042198275; 1355.67; 98.8
946; 0.152646571454764; 1424.44124246037; 1367.17; 120.04
947; 0.191101909098481; 1487.66935615275; 1416.54; 119.07
948; 0.219112181908469; 1544.46181666881; 1464.94; 116.09
949; 0.281811667448096; 1637.71740331068; 1531.25; 120.83
950; 0.333578498867967; 1745.21515423903; 1619.57; 120.45
951; 0.330289324714607; 1811.1118963106; 1685.78; 121.33
952; 0.301976365930429; 1903.89282070462; 1779.47; 131.73
953; 0.322910505879406; 2010.36716661242; 1882.17; 126.91
954; 0.296841201453808; 2072.53017372631; 1946.94; 135.23
955; 0.270806809492495; 2174.27745394616; 2037.35; 161.59
956; 0.240247600927482; 2258.58169465469; 2124.29; 178.62
957; 0.222260733986735; 2317.2879248148; 2187.74; 186.23
958; 0.230548544555411; 2404.40948045382; 2247.3; 217.71
959; 0.230644889897239; 2474.09580942533; 2317.73; 216.56
960; 0.250203191359105; 2527.41144270224; 2360.09; 213.59
961; 0.257447216728523; 2597.28587008325; 2424.74; 214.04
962; 0.26900023920239; 2642.07440349729; 2474.76; 198.61
963; 0.309232859489696; 2676.26952172084; 2512.71; 168.87
964; 0.334769694503195; 2712.56382403151; 2535.92; 168.45
965; 0.37419948263158; 2732.43125821203; 2566.69; 141.38
966; 0.392521235578986; 2763.41185064288; 2577.83; 150.9
967; 0.384612212642681; 2773.60211518367; 2583.13; 158.04
968; 0.358972866696363; 2778.23395029032; 2579.15; 176.96
969; 0.356251391035929; 2774.52710849729; 2572.79; 180.67
970; 0.331450976918692; 2773.20291448102; 2561.66; 203.6
971; 0.296650446600254; 2756.78337267743; 2563.25; 208.09
972; 0.278143365410169; 2752.01782652701; 2558.88; 221.46
973; 0.276142730267028; 2749.77096658493; 2551.45; 229.02
974; 0.261660239536388; 2719.32789574209; 2528.64; 232.37
975; 0.264401243171936; 2693.64033670235; 2523.86; 204.72
976; 0.263483607731235; 2679.60038874782; 2511.8; 203.01
977; 0.227373944120181; 2652.57447170613; 2510.21; 199.57
978; 0.244949611230506; 2631.9043162611; 2482.35; 194.58
979; 0.24935386952085; 2597.31362186755; 2458.6; 177.27
980; 0.277426287180022; 2575.32061840983; 2444.27; 150.51
981; 0.248549235756299; 2523.46979537862; 2419.05; 133.84
982; 0.238655457121222; 2487.79696180438; 2367.4; 160.7
983; 0.244649695325041; 2460.33536294838; 2336.46; 161.27
984; 0.296797111075356; 2431.81433070016; 2282.81; 159.88
985; 0.285307621478379; 2389.34681240532; 2251.06; 154.34
986; 0.30796178168714; 2360.0114824969; 2207.6; 157.57
987; 0.263839516539712; 2325.75472079797; 2186.34; 168.22
988; 0.286237539176798; 2306.35705025088; 2145.24; 179.17
989; 0.290126253621427; 2258.91368471595; 2108.12; 165.42
990; 0.282921828327922; 2229.7975348825; 2081.64; 166.65
991; 0.246999699726033; 2173.42880877672; 2041.03; 170.56
992; 0.253768690547202; 2130.47185999651; 1997.25; 167.02
993; 0.24099855129642; 2079.5281987973; 1966.49; 149.21
994; 0.238683647744296; 2047.72174132428; 1939.72; 143.93
995; 0.229533860325684; 1996.34796671826; 1900.4; 132.95
996; 0.285275086685406; 1970.91832208254; 1864.41; 118.73
997; 0.337432229809298; 1946.67259464207; 1824; 115.6
998; 0.360088425249795; 1919.89434075695; 1807.07; 99.62
999; 0.366466104332877; 1881.90864153354; 1765.18; 101.26
1000; 0.338606560206046; 1835.36962284551; 1720.09; 108.22
1001; 0.351744092773783; 1807.2211403678; 1685.52; 109.97
1002; 0.360032021949288; 1759.98128141088; 1645.32; 101.21
1003; 0.250903371637727; 1697.52389418588; 1611.79; 108.58
1004; 0.210302911474144; 1645.59487820815; 1578.38; 101.55
1005; 0.212770147370641; 1619.82499259351; 1549.12; 105.57
1006; 0.240210053487304; 1582.2957811708; 1516.9; 86.48
1007; 0.269868782432028; 1542.59629945397; 1481.6; 71.79
1008; 0.301973403201331; 1512.51694118202; 1453.64; 61.92
1009; 0.344214554143037; 1498.47721502922; 1434.1; 59.39
1010; 0.440829731972764; 1469.44272699839; 1395.29; 53.41
1011; 0.513147446461977; 1440.27704520461; 1360.61; 49.29
1012; 0.488599381145257; 1409.23360600625; 1324.04; 55.35
1013; 0.374680826063808; 1380.05776121527; 1288.94; 77.19
1014; 0.422833942447959; 1360.24164790904; 1240.43; 89.93
1015; 0.381897061423677; 1320.85520989121; 1208.26; 93.56
1016; 0.395761709221216; 1276.09679999763; 1185.47; 72.66
1017; 0.380534544561357; 1247.00319652324; 1156.76; 75.24
1018; 0.329447834637969; 1203.15564204147; 1123.75; 76.46
1019; 0.340060689074842; 1169.90878370452; 1094.23; 70.59
1020; 0.321577529407977; 1136.38012233455; 1067.91; 67.53
1021; 0.235790805097737; 1110.08857329303; 1061.87; 64.85
1022; 0.243566620330257; 1079.8931243972; 1032.33; 61.92
1023; 0.240602648301777; 1057.46781037682; 995.4; 81.79
1024; 0.349798509060598; 1044.97363789821; 986.13; 53.33
1025; 0.247793182247458; 1015.00868500743; 973.1; 53.61
1026; 0.217634812423283; 986.53604562875; 952.67; 49.32
1027; 0.209067249226124; 958.854688586114; 934.38; 37.1
1028; 0.168757320241383; 929.553360158201; 908.57; 39.4
1029; 0.264909167915676; 920.144107466863; 890.68; 35.24
1030; 0.395910910358589; 897.286135687795; 861.62; 28.54
1031; 0.323084533097382; 870.250141386642; 834.97; 34.59
1032; 0.492613303343208; 860.830013903189; 813.72; 30.29
1033; 0.438730556669223; 831.505272633973; 789.35; 30.43
1034; 0.495649577382442; 824.237898562342; 780.6; 27.88
1035; 0.657650771278964; 816.702177944465; 755.68; 29.38
1036; 0.927399939961242; 794.22299230968; 748.41; 15.64
1037; 0.711281970023452; 776.445598209198; 732.52; 19.55
1038; 0.668748631525885; 767.827636495094; 727.94; 18.88
1039; -0.167959513335206; 788.444837713425; 755.57; -61.95
1040; 0.264744139658691; 703.994722730918; 691.58; 14.84
1041; 0.195569766648986; 714.234920329251; 681.33; 53.24
