# 16/03/2019 14:40:35
# NanoCalc data
# Original file name: C:\SVA_DATA\StudentProjects\2018_Nathan\PS_160319\PSswelling_16_03_19_577.dat
# Fit Result : Fitness; Thickness 1; Thickness 2; Thickness 3 
# Fit Result : 7.59391445790934; 2; 282.4; -1
# comment:PS id: 348 slowslow swelling at 13:07
#
# WaveLength; Reflectance; Raw Intensity; Dark Intensity; Reference Intensity
400; 0.0252279264324463; 4154.65516566398; 4128.73; 498.3
401; 0.0125497953589138; 4293.98921424218; 4281.21; 491.63
402; 0.0117086527508869; 4404.34018402173; 4392.47; 487.32
403; 0.0336294762323534; 4528.92453012033; 4494.68; 487.45
404; 0.0192342166609185; 4635.07162499732; 4615.44; 486.53
405; 0.00939848234418096; 4800.17581573453; 4790.2; 504
406; 0.0369044316880086; 4932.50929770466; 4891.23; 529.04
407; 0.0506559229626479; 5062.74218167498; 5004.66; 540.18
408; 0.0752996556610857; 5194.05879577494; 5101.67; 575.74
409; 0.0690929029951589; 5306.87837766156; 5219.95; 588.19
410; 0.0794782880106594; 5478.85217042183; 5376.23; 601.39
411; 0.0788110611506606; 5577.75883094116; 5472.62; 619.16
412; 0.0757226709317971; 5672.74423073694; 5572.99; 609.24
413; 0.0998320463291119; 5788.81190523799; 5656.11; 612.69
414; 0.100608017906208; 5932.36116349107; 5797.98; 613.59
415; 0.115220207210043; 6043.62628644223; 5886.56; 624.16
416; 0.120142264922495; 6135.69390805652; 5971.21; 624.77
417; 0.133093620059249; 6251.61424516871; 6067.74; 628.37
418; 0.169828758698369; 6438.59919179419; 6202.36; 630.58
419; 0.165780520091121; 6544.13318220307; 6310.91; 635.83
420; 0.171489615447829; 6667.24765614324; 6423.12; 641.48
421; 0.174934946549279; 6804.1514108265; 6553.44; 643.92
422; 0.195678612167423; 7007.48770856889; 6719.62; 659.04
423; 0.205902909932504; 7144.49595786042; 6825.99; 690.92
424; 0.208532819921908; 7289.55488181643; 6954.73; 715.03
425; 0.21581598689413; 7451.87058111144; 7100.68; 722.7
426; 0.221538138278027; 7683.45198456877; 7291.52; 783.57
427; 0.23008038244448; 7860.25659433627; 7441.53; 803.85
428; 0.247780407182446; 8049.85114882415; 7580.19; 834.93
429; 0.254714355387616; 8210.44798432048; 7715.94; 853.06
430; 0.242831629251236; 8433.68015392166; 7945.72; 880.75
431; 0.240893647392444; 8589.00358030249; 8084.29; 916.06
432; 0.251059136596019; 8723.16815100922; 8199.59; 909.55
433; 0.248598046055665; 8851.50838851199; 8310.91; 946.14
434; 0.259357501192263; 9057.52937856037; 8484.39; 959.16
435; 0.256014275873951; 9168.57992890408; 8602.52; 957.61
436; 0.252312914940019; 9251.65149866323; 8688.3; 964.91
437; 0.241541836745991; 9354.02476783434; 8807.31; 975.92
438; 0.255884302426434; 9556.43387932061; 8973.36; 980.21
439; 0.258607459835199; 9661.01508009002; 9055.15; 1005.5
440; 0.253391314544025; 9768.24879965173; 9166.34; 1017.16
441; 0.250982355244535; 9886.38915998551; 9282.43; 1028.13
442; 0.260872897766481; 10088.1900115041; 9458.75; 1028.56
443; 0.250399812665624; 10177.1215475209; 9583.99; 1007.55
444; 0.255573912935317; 10357.9621230373; 9747.02; 1014.57
445; 0.257044120519558; 10501.9232178352; 9884.78; 1016.71
446; 0.260799247933081; 10712.6462535885; 10083.61; 1019.05
447; 0.256182197078458; 10896.582970782; 10250.15; 1063.82
448; 0.254531697332855; 11089.7519548129; 10438.6; 1076.19
449; 0.263099536555781; 11423.5636649948; 10729.27; 1107.78
450; 0.260754106449628; 11627.7173694821; 10918.08; 1140
451; 0.266251639975913; 11850.8206878692; 11119.59; 1148.12
452; 0.2670873895119; 12071.1040627111; 11317.34; 1177.39
453; 0.25444811955158; 12401.8970468735; 11649.5; 1231.2
454; 0.251860199651562; 12665.4125702028; 11910.85; 1244.96
455; 0.249614290342406; 12900.112762235; 12145.22; 1254.26
456; 0.250485389683292; 13159.8648443709; 12401.32; 1253.51
457; 0.229743393676762; 13492.3714749494; 12779.62; 1281.75
458; 0.219981005237528; 13768.2458543745; 13057.99; 1331.39
459; 0.211111062904714; 13994.4064658327; 13298.95; 1355.89
460; 0.206800875911823; 14264.1478968106; 13561.85; 1395.15
461; 0.197205245045108; 14608.2378882754; 13933.24; 1403.55
462; 0.190552579347731; 14812.7644211024; 14137.18; 1451.1
463; 0.188297266150643; 15030.2000661588; 14347.89; 1480.41
464; 0.180734952894611; 15374.3919484301; 14697.65; 1526.98
465; 0.183107723064379; 15639.0229309869; 14948.09; 1536.14
466; 0.172865651089867; 15876.24233062; 15217.68; 1548.2
467; 0.165059131839274; 16123.6875459754; 15491.31; 1554.34
468; 0.151125813914565; 16605.8081973791; 16005.76; 1608.14
469; 0.145670541349176; 16949.7758545551; 16367.5; 1616.28
470; 0.13859464890666; 17294.4303271688; 16726.43; 1654.44
471; 0.133905214504914; 17725.9957133093; 17152.92; 1724.85
472; 0.115331559006635; 18368.8481874221; 17848.48; 1815.49
473; 0.106463842120436; 18832.6885147671; 18337.26; 1869.44
474; 0.107708176748952; 19373.2094060641; 18857.85; 1919.08
475; 0.0941898157771767; 20221.2316351122; 19747.25; 2015.09
476; 0.0921296406744636; 20807.5583877557; 20330.81; 2068.81
477; 0.0807667635333676; 21427.1290243892; 21002.14; 2100.32
478; 0.0746784834953964; 22160.2748185996; 21749.8; 2190.43
479; 0.0605075720990771; 23200.4808727036; 22855.75; 2266.9
480; 0.0527377274447477; 23953.310571285; 23642.88; 2338.44
481; 0.0492769838451685; 24682.7050928663; 24387.3; 2377.96
482; 0.0351481183723227; 25789.0488233364; 25566.6; 2506.71
483; 0.0278174683156586; 26538.8026155408; 26359.04; 2555.76
484; 0.0226257922475578; 27282.5692414751; 27132.3; 2622.74
485; 0.0181878825485469; 28028.5356488095; 27904.38; 2691.67
486; 0.020233179468928; 29036.3956726603; 28891.56; 2818.29
487; 0.0185262087691029; 29694.8383107034; 29557.13; 2922.08
488; 0.0100932483149864; 30304.0234156822; 30228.25; 2946.77
489; 0.00882770510509613; 30895.9712467208; 30828.85; 2980.24
490; -0.000140095285887443; 31674.0950607887; 31675.19; 3059.02
491; -0.00818290835450984; 32137.8105876776; 32202.1; 3071.01
492; -0.0125970443734771; 32580.0964004102; 32681.91; 3155.14
493; -0.0197419732174474; 33205.8510556475; 33367.32; 3188.82
494; -0.0219472958194704; 33624.3783407239; 33806.15; 3225.04
495; -0.0310635602187761; 33979.9518317832; 34237.31; 3222.06
496; -0.0376418805066142; 34494.2643156231; 34809.18; 3249.64
497; -0.0388223400523645; 34844.9944206266; 35171.51; 3262.86
498; -0.0430607908751561; 35162.3267118257; 35529.07; 3300.04
499; -0.0431699106282718; 35587.012549112; 35957.07; 3317.25
500; -0.0368140378158902; 36139.2616164761; 36455.96; 3324.93
501; -0.0385608626379663; 36480.7288514019; 36819.54; 3391.56
502; -0.0385052073594591; 36834.7392076428; 37176.1; 3417.51
503; -0.0342371593344853; 37350.5793534045; 37664.75; 3532.88
504; -0.0330271495072178; 37775.5223132397; 38078.63; 3528.83
505; -0.0308826550818436; 38200.7518014126; 38492.74; 3631.1
506; -0.0310917666639989; 38644.4462349507; 38939.42; 3639.21
507; -0.0327128586397582; 39229.4222577721; 39542.79; 3670.33
508; -0.0401717636729301; 39593.4293013526; 39980.31; 3685.74
509; -0.0439657025645051; 40006.9582713756; 40433.11; 3705.42
510; -0.038725132679008; 40738.5041514974; 41112.62; 3688.99
511; -0.0383484687802891; 41196.0724221535; 41570.54; 3724.49
512; -0.0365714879497517; 41644.4463999481; 42009.35; 3801.38
513; -0.0372936282695252; 42278.9454039449; 42653.8; 3825.15
514; -0.0354872329011988; 42725.5209280057; 43089.63; 3900.16
515; -0.0304386384059412; 43260.3216161831; 43574.42; 3918.1
516; -0.0224489961417958; 43723.0904219844; 43959.13; 3987.71
517; -0.00792397608209399; 44522.9437277376; 44608.66; 4097.84
518; -0.00714570017858961; 45014.3133562375; 45093.66; 4201.72
519; -0.00248951413607786; 45557.8760326159; 45585.82; 4242.52
520; 0.00145363399395433; 46370.6524563891; 46354.32; 4241.93
521; 0.00791320525008559; 46925.5713991464; 46836.25; 4257.03
522; 0.0123125079151631; 47430.7870305494; 47290.23; 4300.76
523; 0.020299904558417; 48193.0012484405; 47955.64; 4400.48
524; 0.0252593845814899; 48772.042275955; 48473.51; 4443.21
525; 0.0304313238609009; 49281.8221633172; 48920.91; 4454.13
526; 0.0349053355299747; 49959.089064532; 49544.96; 4451.22
527; 0.0388238157111839; 50381.5224864899; 49917.2; 4482.6
528; 0.0454989283224879; 50789.1410712538; 50237.52; 4539.52
529; 0.0441443426208547; 51108.8475662378; 50576.77; 4508.6
530; 0.0487427198141377; 51584.3432443459; 50993.65; 4528.72
531; 0.0557268871346759; 51862.2851444362; 51174.87; 4605.53
532; 0.059868222696952; 52096.769672051; 51347.43; 4668.84
533; 0.0682564180962379; 52449.3348825315; 51578.11; 4756.79
534; 0.0745636076882812; 52680.9535155818; 51722.03; 4788.33
535; 0.0783422990411197; 52904.0925129635; 51885.84; 4834.27
536; 0.0914314832936733; 53286.9198561525; 52097.07; 4835.29
537; 0.0962144060790225; 53540.4570509488; 52264.71; 4921.33
538; 0.0977558430950242; 53744.3765501073; 52444.34; 4930.62
539; 0.106944820531768; 54190.3881901097; 52766.82; 4930.26
540; 0.112578053211516; 54454.946129634; 52950.34; 4945.18
541; 0.120170797418759; 54782.5091614681; 53157.19; 5000.24
542; 0.127082585956578; 55215.0947126504; 53506.74; 4965.7
543; 0.134243312447374; 55530.0393164959; 53737.46; 4928.71
544; 0.138875157945376; 55858.4463281374; 54002.84; 4927.96
545; 0.14812416700873; 56386.3290833309; 54398.29; 4945.97
546; 0.156969155596441; 56792.250741605; 54667.39; 4984.42
547; 0.161765088599746; 57137.8816163911; 54963; 4946.21
548; 0.168161431988332; 57747.4949277151; 55485.77; 4943.89
549; 0.170042428006402; 58067.2728194; 55780.6; 4938.83
550; 0.17264713259072; 58425.1694165289; 56082.81; 4978.56
551; 0.176107298974971; 58830.5166520461; 56442.1; 4972.49
552; 0.17851945054497; 59338.613600058; 56912.56; 4978.37
553; 0.185320662706043; 59692.6157129815; 57170.85; 4980.75
554; 0.190516656511063; 60086.393532042; 57462.94; 5035.98
555; 0.194031629979911; 60624.8671295075; 57899.63; 5132.21
556; 0.192831265006671; 60928.6397619289; 58218.74; 5130.57
557; 0.195285174098048; 61314.0458522171; 58560.38; 5143.51
558; 0.199481298609194; 61934.8987951561; 59102.67; 5174.53
559; 0.201994628395764; 62395.628189965; 59482.74; 5251.16
560; 0.202470111572268; 62886.2830754812; 59907.96; 5351.9
561; 0.199870985763463; 63672.4689539046; 60680.51; 5441.76
562; 0.199391764865462; 64244.2120099427; 61275.73; 5407.36
563; 0.203390543794494; 64900.8769310432; 61881.59; 5387.39
564; 0.211538963420479; 65957.1958975013; 62777.77; 5450.16
565; 0.215854246637974; 66610.2592343616; 63329.69; 5507.06
566; 0.214256064491422; 67157.8421861594; 63858.49; 5575.79
567; 0.211158025004025; 67898.5093248829; 64591.04; 5667.63
568; 0.215149026324037; 68305.4956995628; 64947.29; 5643.95
569; 0.216634698409434; 68551.4149538743; 65185.62; 5613.9
570; 0.216503812772754; 68711.6349196208; 65338.74; 5625.12
571; 0.216296161351021; 68717.490324543; 65313.57; 5677.94
572; 0.212063828790105; 68630.978744778; 65256.1; 5737.27
573; 0.214001044310062; 68394.1281234904; 65014.32; 5689.09
574; 0.215738919674485; 68175.9879472313; 64809.91; 5615.69
575; 0.220032839900859; 67868.0136235623; 64479.72; 5538
576; 0.217013465427921; 67673.705891619; 64344.84; 5512.29
577; 0.217241884693352; 67535.2211779906; 64163.52; 5573.02
578; 0.219133124543903; 67303.63527282; 63925.39; 5531.34
579; 0.219168780866352; 67158.8482841809; 63786.68; 5516.34
580; 0.220045703912322; 67009.1848375445; 63688.94; 5405.68
581; 0.216227962113148; 66770.7329935966; 63511.61; 5396.07
582; 0.215602546873033; 66659.1285377874; 63395.76; 5414.97
583; 0.213363904523069; 66537.6982116193; 63297.12; 5429.9
584; 0.216416981492864; 66428.5437304359; 63141.9; 5425.87
585; 0.218915209876507; 66371.0539741783; 63062.85; 5395.63
586; 0.220656541369906; 66282.346632001; 62944.34; 5397.76
587; 0.22322542945958; 66192.9584467518; 62792.76; 5431.66
588; 0.221856930135089; 66070.6448520087; 62654.36; 5487.59
589; 0.225776847580904; 66066.6138207917; 62566.82; 5520.82
590; 0.230801465794723; 66102.8413705036; 62512.58; 5536.76
591; 0.228218884173765; 66067.9640248581; 62505.81; 5552.09
592; 0.227810980713753; 66086.9913438918; 62513.67; 5575.96
593; 0.226594657565002; 66143.5148817816; 62611.92; 5536.94
594; 0.225208931994309; 66227.8443519529; 62693.31; 5572.13
595; 0.2199695924915; 66429.386407869; 62989.14; 5549.16
596; 0.220160125652497; 66683.7282483368; 63234.76; 5554.9
597; 0.213724827168932; 66940.683429409; 63610.07; 5522.3
598; 0.207969521792707; 67417.2755485635; 64126.97; 5602.89
599; 0.208638093267033; 67873.6881283157; 64545.09; 5646.35
600; 0.205864765005948; 68369.1572325028; 65063.58; 5679.23
601; 0.201038407535815; 69231.222687595; 65916.6; 5827.78
602; 0.20051053115812; 69933.6497466632; 66585.74; 5898.21
603; 0.20163771661152; 70620.0644667897; 67192.33; 6001.26
604; 0.202534614624294; 71628.7337054609; 68063.31; 6210.72
605; 0.205989352552834; 72271.3505087603; 68568.75; 6337.63
606; 0.20535905475589; 72903.6229193614; 69197.15; 6359.84
607; 0.202006093339876; 73584.1382185717; 69914.96; 6396.43
608; 0.200271929405149; 73970.095805796; 70317.9; 6418.02
609; 0.196366302760661; 74357.2345820249; 70777.29; 6412.24
610; 0.194157544941045; 74460.6090569676; 70888.42; 6467.16
611; 0.192184132100994; 74545.2732990769; 71003.56; 6474.02
612; 0.188143212459823; 74489.7052958919; 71007.29; 6498.34
613; 0.182447368997866; 74359.1700817863; 70998.27; 6463.39
614; 0.17616692072881; 74063.5066758233; 70832.33; 6431.65
615; 0.171256077789211; 73569.1521583566; 70445.1; 6392.96
616; 0.168500997705657; 73177.0101625907; 70072.58; 6452.68
617; 0.165055801539359; 72476.1296207138; 69438.15; 6442.73
618; 0.162219584723689; 72008.3837826963; 69078.18; 6319.07
619; 0.157338596945202; 71461.060349699; 68627.06; 6297.82
620; 0.150573939562983; 70693.8594360408; 68049.15; 6137.91
621; 0.146633556469275; 70106.7046893576; 67566.24; 6051.33
622; 0.144859362040654; 69633.1380568537; 67148.78; 5987.11
623; 0.146210537283716; 68995.7969542074; 66516.87; 5915.96
624; 0.142658643050456; 68529.5617384092; 66173.83; 5759.15
625; 0.138187956532851; 67897.7492087245; 65647.4; 5676.76
626; 0.132073341175782; 67467.0113847362; 65330.01; 5637.68
627; 0.127561189312813; 67086.9580669574; 65052.88; 5553.44
628; 0.123138545178925; 66485.8984315973; 64518.76; 5560.88
629; 0.119736934481447; 66149.6486228872; 64241.88; 5543.73
630; 0.119418286157668; 65830.1484336848; 63905.68; 5604.62
631; 0.114687677372906; 65316.5596240796; 63476.06; 5578.78
632; 0.113068209587623; 64995.6635597962; 63179.09; 5582.73
633; 0.113429322387518; 64561.1002878509; 62767.42; 5492.47
634; 0.112102083057978; 64262.5249002471; 62514; 5415.11
635; 0.112440091655526; 63985.4863910415; 62254.26; 5342.51
636; 0.108349833877759; 63613.4533685487; 61987.01; 5205.79
637; 0.107209850137477; 63373.9077216798; 61764.54; 5202.77
638; 0.103368429727925; 63099.6756126263; 61555.63; 5173.97
639; 0.0922829176293996; 62702.4459225647; 61337.24; 5121.28
640; 0.0893633408636902; 62511.6021605381; 61186.77; 5129.09
641; 0.08134964186882; 62142.4357370063; 60926.44; 5168.8
642; 0.078287000294558; 61922.7601255435; 60738.15; 5229.66
643; 0.0716332030187296; 61731.8182484654; 60655.06; 5192.52
644; 0.0682949750397493; 61413.7406780681; 60375.33; 5249.78
645; 0.0660466508161716; 61197.4099166243; 60187.65; 5276.42
646; 0.0636279542931687; 60910.6570396938; 59942.03; 5251.45
647; 0.0649274642399826; 60750.4729934984; 59767.67; 5219.54
648; 0.0640714672081394; 60540.2300442491; 59567.72; 5231.75
649; 0.0606172398729842; 60257.9815786494; 59337.46; 5231.98
650; 0.0586443855808568; 60058.2367606761; 59168.18; 5226.73
651; 0.0569795900262546; 59790.8677736947; 58909.88; 5322.15
652; 0.0527358856151569; 59605.5618545663; 58799.62; 5257.98
653; 0.0457435376967001; 59430.1014621687; 58744.82; 5151.64
654; 0.0385482992984896; 59196.414092647; 58622.74; 5115.21
655; 0.033727069650128; 59050.5271498395; 58553.86; 5059.56
656; 0.0279828544451077; 58793.6371142316; 58381.47; 5058.59
657; 0.0276748576271913; 58665.4034609323; 58256.17; 5076.7
658; 0.022486719556236; 58513.3617520841; 58185.35; 5006.18
659; 0.0207827171830846; 58351.2489468451; 58052.77; 4926.93
660; 0.018197206069079; 58214.0592306731; 57954.92; 4883.32
661; 0.0163568918365477; 57983.2345750561; 57747.73; 4934.5
662; 0.0162247359156767; 57857.9809206444; 57625.64; 4905.27
663; 0.0144628041287932; 57730.1505704007; 57524.13; 4876.89
664; 0.010423660473445; 57563.8644539371; 57417.09; 4818.06
665; 0.00451918217087375; 57398.191294907; 57335.16; 4770.59
666; 0.000909745205941486; 57210.6823165801; 57198.04; 4751.34
667; -0.00620745147088541; 56995.2259734662; 57082.23; 4790.65
668; -0.0115642114038847; 56775.2022725895; 56937.17; 4785.78
669; -0.00977420507840649; 56594.5632958309; 56731.7; 4792.32
670; -0.0114235295299434; 56441.2622160722; 56601.69; 4794.97
671; -0.0182942095412065; 56139.8434013895; 56396.69; 4790.96
672; -0.0196790027699269; 55979.6907797945; 56255.13; 4773.54
673; -0.0214886481375363; 55819.9396859142; 56121.1; 4776.93
674; -0.022511904636226; 55544.1389806071; 55860.44; 4786.34
675; -0.0205119123080763; 55352.7791725817; 55641.32; 4789.86
676; -0.0178338214676952; 55030.457807245; 55281.89; 4798.49
677; -0.0215918028670618; 54725.5751617704; 55029.44; 4788.26
678; -0.0265103365888196; 54279.3625779765; 54649.42; 4747.72
679; -0.0271076584326058; 53993.9378423989; 54370.61; 4724.41
680; -0.0324196949869209; 53601.6158993473; 54053.07; 4733.02
681; -0.0353454750452548; 53060.0120460943; 53553.6; 4744.7
682; -0.0406223092280718; 52709.1665122415; 53266; 4655.54
683; -0.0403131417366435; 52318.111851039; 52864.11; 4598.17
684; -0.0446086194655346; 52006.3628521475; 52608.7; 4582.53
685; -0.0445448360471155; 51643.5176560563; 52237.34; 4522.46
686; -0.0409455040002173; 51366.3161806679; 51913.98; 4535.94
687; -0.0400617689476266; 51115.4289379971; 51649.53; 4519.43
688; -0.037239834700981; 50810.5106989125; 51295.5; 4413.25
689; -0.0376369431144142; 50586.4133201649; 51070.3; 4355.19
690; -0.0402798988500149; 50183.8934739692; 50699.74; 4336.51
691; -0.0443044862905131; 49851.1197873791; 50413.55; 4296.94
692; -0.0418891382549779; 49596.7249325368; 50130.14; 4308.56
693; -0.0392895476680037; 49190.489668137; 49696.67; 4357.39
694; -0.0400602082977055; 48952.669810249; 49465.93; 4331.64
695; -0.0403277810890234; 48519.1293481748; 49036.92; 4339.05
696; -0.0409032905069325; 48236.802429464; 48764.73; 4359.91
697; -0.0391926009562156; 47861.6001123454; 48370.16; 4381.3
698; -0.0320446249917015; 47661.4130088426; 48079.54; 4403.87
699; -0.0289030853353829; 47344.3245019305; 47719.76; 4382.3
700; -0.031667042210851; 47060.5646525882; 47469.65; 4356.59
701; -0.0378105219703132; 46777.4503967916; 47257.62; 4281.45
702; -0.0380530666240533; 46432.0480542494; 46910.58; 4238.24
703; -0.0400245361041553; 46181.4802141985; 46677; 4171.26
704; -0.0423268699759286; 45887.1284398684; 46395.78; 4047.67
705; -0.039869851979356; 45637.0912780934; 46117.47; 4056.66
706; -0.0413077232119523; 45257.7192608968; 45748.44; 3998.29
707; -0.0467441563210374; 45018.8696324362; 45565.62; 3935.03
708; -0.0519680391127684; 44814.8074302055; 45404.96; 3818.82
709; -0.049185748429095; 44512.2936820853; 45067.9; 3797.26
710; -0.0511383650234203; 44301.7757814056; 44868.29; 3722.61
711; -0.0469639322363929; 43981.2319838424; 44507.27; 3763.08
712; -0.0447373511853504; 43736.0911189653; 44234.63; 3743.06
713; -0.0487859231772707; 43427.1215679718; 43956.65; 3645.02
714; -0.0459380740536401; 43178.9362090017; 43673.52; 3614.87
715; -0.0399487676191124; 42830.0694298006; 43250.26; 3530.39
716; -0.0342553071788725; 42548.2685750935; 42906.92; 3513.11
717; -0.0313517496438198; 42240.468939932; 42561.47; 3434.15
718; -0.0283728861211817; 41718.100815314; 42001.83; 3352.76
719; -0.0277991826976005; 41368.4147166059; 41637.91; 3248.89
720; -0.0237227935754867; 40860.8401877823; 41084.95; 3164.74
721; -0.0205829139220839; 40526.0050883343; 40719.31; 3144.99
722; -0.0246073052390378; 39945.6355912935; 40173.84; 3104.44
723; -0.0237454518840647; 39599.0008489544; 39818.44; 3092.41
724; -0.0275097765852842; 39121.1126805745; 39369.63; 3021.85
725; -0.0250939000257005; 38862.0386853915; 39089.54; 3031.51
726; -0.0242192476057707; 38593.0716802668; 38812.67; 3030.76
727; -0.0225363496494574; 38459.0996721601; 38667.46; 3089.26
728; -0.0194709475362571; 38344.3839140953; 38526.57; 3125.39
729; -0.0167472619016791; 38267.6206073294; 38422.34; 3085.01
730; -0.0150565604819278; 38253.4941162024; 38393.37; 3101.36
731; -0.0126998572400297; 38275.7260307475; 38393.25; 3089.03
732; -0.0110198201554853; 38306.5710691746; 38409.02; 3102.94
733; -0.00605782098232086; 38381.8873442637; 38439.38; 3167.25
734; -0.00218389092489817; 38366.825103136; 38387.61; 3175.87
735; -0.00537237549676699; 38291.4055234425; 38341.94; 3138.05
736; -0.00252465779572551; 38264.7054833435; 38288.17; 3099.75
737; -0.00198734938168068; 38190.5729135999; 38208.75; 3049.44
738; 0.00904270582019059; 38181.6306520959; 38099.45; 3028.96
739; 0.0127959626926683; 38127.4909377684; 38012.51; 2993.74
740; 0.0157928292115831; 38097.9473544017; 37957.1; 2970.22
741; 0.0161010597279097; 38040.2960893279; 37899.45; 2912.34
742; 0.0147639316639003; 38073.9501113306; 37944.75; 2912.58
743; 0.0191758703005517; 38177.0418001124; 38010.17; 2895.32
744; 0.0251501989591431; 38387.9820450604; 38163.41; 2969.85
745; 0.0283167489544403; 38553.4703896033; 38302.58; 2945.77
746; 0.0240217087444274; 38801.8595484162; 38585.54; 2992.87
747; 0.0223373792059492; 38995.6531278005; 38793.08; 3012.89
748; 0.0263331616149618; 39261.7600266354; 39021.67; 3028
749; 0.0295400189544393; 39383.2916944109; 39113.75; 3029.55
750; 0.0343219073753942; 39389.0664804646; 39071.26; 3073.59
751; 0.0380400440617895; 39349.612752928; 39000.42; 3046.95
752; 0.0392122062594203; 39144.0206661786; 38784.12; 3046.32
753; 0.0415299406950386; 38915.260713993; 38532.39; 3059.79
754; 0.0459642744690335; 38428.3304590562; 38020.71; 2943.13
755; 0.0447656122757761; 38029.9486899639; 37644.43; 2857.37
756; 0.0438471117153553; 37407.9745826787; 37039.5; 2787.47
757; 0.0462217666356191; 37008.07701396; 36626.49; 2737.25
758; 0.0522136963389421; 36415.2919080961; 36000.14; 2635.2
759; 0.0514890745724861; 35986.0398592715; 35589.05; 2554.18
760; 0.0561160255099807; 35602.1814527044; 35172.51; 2535.32
761; 0.0583586659921736; 35037.1139473622; 34601.45; 2470.73
762; 0.0576781715353921; 34664.5470801084; 34239.72; 2436.55
763; 0.065443225523021; 34165.0797442632; 33672.68; 2488
764; 0.074198383433057; 33866.0161211991; 33303.74; 2504.89
765; 0.0791235152335161; 33414.8128321462; 32811.99; 2518.12
766; 0.083242511348547; 33140.050483492; 32495.94; 2557.21
767; 0.0856538325841721; 32736.9484846784; 32083.73; 2520.44
768; 0.0863430313988075; 32449.8406986907; 31788.56; 2531.26
769; 0.085352884312875; 32042.055280603; 31373.5; 2588.63
770; 0.0885435743961692; 31818.8539604104; 31131.83; 2564.12
771; 0.0970190065990987; 31509.7817138422; 30766.53; 2530.61
772; 0.0987414755882999; 31312.784396584; 30557.52; 2525.62
773; 0.0954694406929086; 30958.9685325282; 30250.57; 2449.01
774; 0.0921443792519321; 30707.2972213843; 30043.56; 2376.29
775; 0.0933868537652516; 30387.9348602719; 29721.74; 2352.54
776; 0.0957781831341325; 30168.4397349086; 29492.76; 2325.58
777; 0.0918780978792959; 29787.3898897515; 29153.88; 2272.42
778; 0.0893996479999272; 29582.1727522503; 28972.74; 2246.02
779; 0.0882998186273897; 29235.3913683782; 28639.48; 2223.05
780; 0.0944382804659444; 29059.8151828771; 28422.74; 2221.57
781; 0.0996624112426811; 28779.2083453335; 28090.89; 2273.94
782; 0.106203571739473; 28609.1025026303; 27881.21; 2256
783; 0.106559219123559; 28257.1544550555; 27535.46; 2228.83
784; 0.118122840449715; 28119.1922900074; 27302.24; 2275.45
785; 0.126714214654044; 27811.8562802182; 26940.17; 2262.64
786; 0.131007106341648; 27610.5821250959; 26703.37; 2277.04
787; 0.132733225046834; 27292.5011719153; 26410.67; 2183.86
788; 0.141313172928296; 27122.6979700066; 26193.72; 2160.25
789; 0.142295191204044; 26792.3845696116; 25859.43; 2153.91
790; 0.141547535533511; 26617.0190956889; 25689.46; 2152.15
791; 0.152288167536543; 26404.1916799628; 25431.07; 2098.09
792; 0.154884866765274; 26267.1710188354; 25301.13; 2047.45
793; 0.156304958858326; 26018.7134518259; 25065.27; 2002.01
794; 0.157859345928458; 25868.0786535195; 24914.42; 1982.43
795; 0.159720220457146; 25640.9305284745; 24669.28; 1996.17
796; 0.15418747131565; 25363.8678544646; 24445.9; 1953.43
797; 0.158026181864794; 25197.7656870763; 24270.76; 1924.68
798; 0.164034107250176; 24977.6897925991; 24001.4; 1952.7
799; 0.16368865392283; 24782.5614213738; 23802.18; 1964.77
800; 0.153715356633111; 24516.4486615594; 23597.51; 1960.87
801; 0.157670015317845; 24366.9547006534; 23419.48; 1970.36
802; 0.15725269747141; 24120.1484094895; 23194.39; 1929.63
803; 0.158457075435273; 23964.8290637798; 23035.82; 1920.89
804; 0.158916074820101; 23776.9480791526; 22864.61; 1880.25
805; 0.160828958641472; 23629.5062040049; 22701.51; 1889.29
806; 0.158395543038583; 23393.8448101296; 22505.05; 1836.81
807; 0.15888552736265; 23283.7400568967; 22388.34; 1844.46
808; 0.159600076577647; 23066.52906941; 22182.43; 1812.68
809; 0.15686987300272; 22920.7160054245; 22076.21; 1761.3
810; 0.163735418490774; 22712.3232461542; 21830.98; 1760.66
811; 0.174471224805147; 22608.2623630804; 21674.26; 1750.54
812; 0.17229736443715; 22383.2816075267; 21450.09; 1770.52
813; 0.174065296478555; 22248.0163645906; 21326.57; 1729.98
814; 0.177410312346407; 22080.8897264816; 21178.66; 1661.43
815; 0.175406096940773; 21936.2669362274; 21055.41; 1640.29
816; 0.188714284791784; 21773.5373918878; 20829.34; 1633.88
817; 0.189507904408857; 21604.5506255017; 20672.04; 1606.64
818; 0.190102688341829; 21492.1458304068; 20564.39; 1593.19
819; 0.197564294336072; 21316.7295117768; 20383.83; 1541.22
820; 0.199049578600072; 21178.3406020069; 20226.51; 1560.41
821; 0.195044773730665; 20995.5352723211; 20023.8; 1625.28
822; 0.196367209808081; 20858.5630623056; 19906.78; 1580.73
823; 0.188649717446872; 20675.9053796974; 19737.53; 1621.8
824; 0.182506432881431; 20544.8124136644; 19657.41; 1584.92
825; 0.18671921309127; 20382.0907418129; 19467.41; 1596.73
826; 0.186973398949117; 20256.0263857168; 19351.12; 1577.52
827; 0.183911660858408; 20070.2695121511; 19210.18; 1524.5
828; 0.185282087081945; 19986.5138755105; 19127.55; 1511.39
829; 0.184860067196868; 19827.2154623559; 18978.28; 1497.01
830; 0.18670527269887; 19658.9160567081; 18828.55; 1449.7
831; 0.194831071240803; 19558.182184735; 18697.1; 1439.93
832; 0.190655517949717; 19386.3653842659; 18538.23; 1448.64
833; 0.191554630231302; 19276.3134508484; 18403.02; 1483.89
834; 0.195103087313153; 19144.3769120432; 18260.68; 1473.59
835; 0.199306133549039; 19052.8913215645; 18148.9; 1475.26
836; 0.196545912032688; 18885.3374569847; 18027.06; 1419.96
837; 0.196122251855463; 18782.4312125878; 17917.72; 1433.88
838; 0.193674927885816; 18594.634628651; 17743.73; 1429
839; 0.197710390218729; 18437.1461526185; 17601.7; 1375.38
840; 0.201763488980745; 18358.691361684; 17526.81; 1342
841; 0.197391555256251; 18230.3541540286; 17435.5; 1312.15
842; 0.192329793726853; 18132.762596941; 17379.08; 1276.64
843; 0.201966301565962; 18002.9412815593; 17210.56; 1277.82
844; 0.198712572155768; 17880.7723961091; 17103.94; 1272.97
845; 0.204122209190706; 17735.5485298622; 16944.14; 1262.16
846; 0.208974069170261; 17652.3662361476; 16847.44; 1253.63
847; 0.211053124432653; 17515.8317008201; 16669.25; 1305.18
848; 0.217853276376148; 17344.4823056342; 16495.05; 1268.41
849; 0.212879333164788; 17205.9177658141; 16379.33; 1262.81
850; 0.215893447136143; 17030.3785705887; 16192.74; 1261.5
851; 0.222829496679028; 16950.1974394931; 16094.37; 1248.49
852; 0.226006870629358; 16801.952072332; 15963.03; 1206.31
853; 0.226183959006765; 16687.3068499295; 15864.14; 1182.46
854; 0.233203153835141; 16527.1107401271; 15694.26; 1160.06
855; 0.224543504368769; 16350.1256794791; 15542.64; 1167.84
856; 0.221671135728302; 16226.8670653412; 15425.07; 1174.41
857; 0.224679473075608; 16064.017526438; 15269.87; 1147.37
858; 0.228067956737188; 15963.4088533734; 15156.53; 1148.22
859; 0.217662134642232; 15753.31092501; 14966.85; 1172.44
860; 0.210328009506586; 15609.4471690418; 14838.22; 1189.55
861; 0.206328817455312; 15434.9314406131; 14677.89; 1190.07
862; 0.203229816322701; 15233.2478044787; 14467.12; 1222.48
863; 0.202251663522467; 15113.5728133969; 14361.95; 1204.9
864; 0.207534737876028; 14938.0288326945; 14177.91; 1187.23
865; 0.20865677245713; 14804.4697779647; 14026.99; 1207.58
866; 0.212532590077073; 14607.4244657619; 13850.63; 1153.79
867; 0.219934955903153; 14384.7921546618; 13648.72; 1084.18
868; 0.209774157224297; 14189.9459080951; 13521.48; 1032.09
869; 0.20846472762146; 13923.4203692539; 13329.47; 922.62
870; 0.207185807042343; 13747.6427252511; 13163.94; 912.12
871; 0.206709619981023; 13456.3008354955; 12889.74; 887.17
872; 0.204575213398151; 13262.1813176865; 12712.91; 868.9
873; 0.209575349671299; 12999.3138030479; 12432.42; 875.21
874; 0.217883222362292; 12742.0506086435; 12153.58; 873.68
875; 0.22353238769813; 12591.7056628341; 11959.66; 914.48
876; 0.23018348544419; 12362.0049463833; 11684.11; 952.29
877; 0.229622648993608; 12210.8199791934; 11525.8; 964.46
878; 0.232594590483905; 12004.1523437592; 11317.21; 954.59
879; 0.225142920050644; 11817.1932127594; 11168.8; 930.66
880; 0.22132419582491; 11715.64048123; 11086.47; 918.47
881; 0.201592771049729; 11540.6161139057; 10970.52; 913.48
882; 0.196404577318679; 11436.9493253903; 10893.36; 893.84
883; 0.191800403612758; 11315.5450258965; 10813.38; 845.38
884; 0.181546349176465; 11188.0086466708; 10725.52; 822.4
885; 0.181518126202828; 11110.0824123642; 10647.88; 821.83
886; 0.189554934934555; 11035.5768097625; 10579.02; 777.22
887; 0.180058857820238; 10950.7829144973; 10508.65; 792.23
888; 0.180089249137739; 10871.9868341289; 10447.87; 759.72
889; 0.199377472880678; 10863.525914107; 10400.33; 749.33
890; 0.207897662330241; 10839.8147467428; 10369.11; 730.15
891; 0.214939364663413; 10815.8493207858; 10345.84; 705.07
892; 0.217536825364665; 10839.1798396017; 10355.45; 716.87
893; 0.212111762387878; 10886.9659111845; 10403.61; 734.54
894; 0.210960382113091; 10984.9205022708; 10493.42; 750.87
895; 0.207605695207348; 11057.4002930169; 10563.74; 766.23
896; 0.196390834332167; 11193.6098625557; 10706.65; 798.86
897; 0.180415936135612; 11271.2567688758; 10800.41; 840.71
898; 0.175464578693977; 11432.3270764559; 10977.65; 834.61
899; 0.178724426954541; 11647.8309998508; 11155.61; 886.9
900; 0.184027956572764; 11792.5867986063; 11278.16; 900.05
901; 0.193723672755599; 11971.2344678894; 11413.41; 927.01
902; 0.199746231623354; 12102.6004537339; 11511.18; 953.05
903; 0.193720829948466; 12142.2459692807; 11568.8; 952.67
904; 0.195948115091048; 12180.7826587891; 11603.65; 947.74
905; 0.197957248980302; 12177.262737081; 11594.96; 946.4
906; 0.188270085896444; 12087.7891801178; 11527.23; 957.78
907; 0.179147375012474; 11917.264644051; 11387.4; 951.28
908; 0.170669192932362; 11756.2778780094; 11255.71; 943.17
909; 0.168787505629297; 11502.7241064868; 11022.24; 915.3
910; 0.1714859942533; 11214.826722222; 10744.29; 882.1
911; 0.168319284771433; 10986.1174378322; 10536.51; 858.58
912; 0.171713312783008; 10625.2945274; 10192.08; 810.79
913; 0.169588320341438; 10348.3995310719; 9941.88; 770.26
914; 0.16867210196913; 9944.657169275; 9570.46; 712.75
915; 0.188327138911047; 9563.60837926428; 9176.4; 660.45
916; 0.193814836817977; 9304.00997435182; 8929.38; 620.8
917; 0.191756947873345; 8924.88957152477; 8559.24; 612.34
918; 0.19443176881768; 8572.20540328426; 8211.41; 595.8
919; 0.207812022026055; 8369.34582245503; 7994.28; 579.41
920; 0.192413475284455; 8032.04001952975; 7686.77; 575.99
921; 0.179973549799281; 7707.83150167068; 7388.2; 570
922; 0.189920523812564; 7526.17802324434; 7199.05; 552.76
923; 0.183169795050615; 7233.75245570687; 6924.17; 542.32
924; 0.185952825160567; 7048.69332153405; 6746.85; 520.78
925; 0.194885812117515; 6780.76414959282; 6484.36; 487.89
926; 0.201000625542222; 6517.61888262636; 6230.74; 457.8
927; 0.211868057959607; 6351.4823820113; 6055.54; 447.98
928; 0.21569360117071; 6094.38596611037; 5799.08; 439.03
929; 0.215776200744992; 5818.66479418091; 5533.53; 423.69
930; 0.206132515094923; 5606.86461388262; 5344.2; 408.52
931; 0.189707768148003; 5272.61976724114; 5041.86; 389.92
932; 0.178114193637044; 4909.53502127903; 4693.06; 389.54
933; 0.179214393435367; 4638.80632989588; 4439.47; 356.45
934; 0.173971868646127; 4199.00579932933; 4025.96; 318.72
935; 0.178188252442923; 3724.5450696681; 3568.06; 281.37
936; 0.178448493383952; 3396.90271389104; 3261.67; 242.77
937; 0.195228329462404; 2944.06114638887; 2808.63; 222.2
938; 0.204570146753557; 2511.10380522391; 2396.02; 180.17
939; 0.216396617762699; 2253.33502639487; 2157.94; 141.17
940; 0.202024639156778; 1922.79003789687; 1833.58; 141.39
941; 0.179879453529307; 1681.16366015617; 1605.61; 134.47
942; 0.178951281199709; 1573.89104527652; 1508.26; 117.4
943; 0.202366324199533; 1478.61505666911; 1409.27; 109.68
944; 0.198830250235004; 1424.91458170944; 1365.7; 95.31
945; 0.231623981958299; 1427.18647688919; 1355.67; 98.8
946; 0.190955451301378; 1438.81429470236; 1367.17; 120.04
947; 0.198870610853595; 1490.56091676871; 1416.54; 119.07
948; 0.192536079543132; 1534.81662067076; 1464.94; 116.09
949; 0.201441352555916; 1607.35379627014; 1531.25; 120.83
950; 0.186255235478686; 1689.72460489499; 1619.57; 120.45
951; 0.185877654370491; 1756.31330871093; 1685.78; 121.33
952; 0.190038209593677; 1857.77112799208; 1779.47; 131.73
953; 0.188372629884032; 1956.95492331086; 1882.17; 126.91
954; 0.163109046468216; 2015.94960305358; 1946.94; 135.23
955; 0.164091031310318; 2120.31898875929; 2037.35; 161.59
956; 0.152092055266133; 2209.30520833654; 2124.29; 178.62
957; 0.151444611089169; 2276.01171016252; 2187.74; 186.23
958; 0.170571664672618; 2363.53766989523; 2247.3; 217.71
959; 0.157255370414897; 2424.34135086219; 2317.73; 216.56
960; 0.160381460994444; 2467.34385751682; 2360.09; 213.59
961; 0.159393999128926; 2531.56879626837; 2424.74; 214.04
962; 0.178957447104317; 2586.06904047684; 2474.76; 198.61
963; 0.187067837589011; 2611.65396764917; 2512.71; 168.87
964; 0.185986039393292; 2634.0569752231; 2535.92; 168.45
965; 0.191575501006628; 2651.54304243646; 2566.69; 141.38
966; 0.209974575712397; 2677.104808129; 2577.83; 150.9
967; 0.20046342263622; 2682.40581826933; 2583.13; 158.04
968; 0.203378085556647; 2691.94212562143; 2579.15; 176.96
969; 0.186318072913775; 2678.29771235198; 2572.79; 180.67
970; 0.167807073218174; 2668.75999309434; 2561.66; 203.6
971; 0.152992966686247; 2663.06190043046; 2563.25; 208.09
972; 0.138019441508941; 2654.71825561397; 2558.88; 221.46
973; 0.141028124072071; 2652.73397678471; 2551.45; 229.02
974; 0.137745416029139; 2629.02354920585; 2528.64; 232.37
975; 0.128282578397754; 2606.23426984885; 2523.86; 204.72
976; 0.129761031023298; 2594.4387327755; 2511.8; 203.01
977; 0.115888208455874; 2582.77048461327; 2510.21; 199.57
978; 0.129955638067135; 2561.69459049668; 2482.35; 194.58
979; 0.119298114029785; 2524.96461471738; 2458.6; 177.27
980; 0.123676179591945; 2502.69214875468; 2444.27; 150.51
981; 0.106871201628374; 2463.94842413695; 2419.05; 133.84
982; 0.104043916467239; 2419.88809974004; 2367.4; 160.7
983; 0.105786374909378; 2390.02362929242; 2336.46; 161.27
984; 0.136873451776034; 2351.52609025645; 2282.81; 159.88
985; 0.111109691066605; 2304.9141694937; 2251.06; 154.34
986; 0.110200041222791; 2262.13842863868; 2207.6; 157.57
987; 0.0725267016521855; 2224.6636370118; 2186.34; 168.22
988; 0.092225241198513; 2197.15163557133; 2145.24; 179.17
989; 0.106824787712922; 2163.64239122506; 2108.12; 165.42
990; 0.0935799812139847; 2130.64498280021; 2081.64; 166.65
991; 0.0818045702182237; 2084.87955796059; 2041.03; 170.56
992; 0.0847754023222424; 2041.75484713054; 1997.25; 167.02
993; 0.0775839378298235; 2002.88004691401; 1966.49; 149.21
994; 0.085728462166866; 1978.51119195041; 1939.72; 143.93
995; 0.0667563062403001; 1928.30495415487; 1900.4; 132.95
996; 0.0594418557322181; 1886.60279779763; 1864.41; 118.73
997; 0.0698671181840708; 1849.40000601794; 1824; 115.6
998; 0.0525416810604676; 1823.5325689476; 1807.07; 99.62
999; 0.0521028810888435; 1781.77607384578; 1765.18; 101.26
1000; 0.038919859199154; 1733.34038323814; 1720.09; 108.22
1001; 0.0683991299923579; 1709.18564866688; 1685.52; 109.97
1002; 0.0609257396782593; 1664.72333902688; 1645.32; 101.21
1003; 0.0251559817392908; 1620.38582022553; 1611.79; 108.58
1004; 0.023998153722195; 1586.05004587978; 1578.38; 101.55
1005; 0.0359417453853161; 1561.06369075113; 1549.12; 105.57
1006; 0.0276731961150223; 1524.43386567782; 1516.9; 86.48
1007; 0.046315798653948; 1492.06839244868; 1481.6; 71.79
1008; -0.0114562670806176; 1451.406326584; 1453.64; 61.92
1009; -0.0169394817500215; 1430.93186940825; 1434.1; 59.39
1010; 0.0894084405692352; 1410.32954748064; 1395.29; 53.41
1011; 0.0520368777537896; 1368.68881695778; 1360.61; 49.29
1012; 0.0679265516521241; 1335.88387066813; 1324.04; 55.35
1013; 0.108196778170401; 1315.25212357772; 1288.94; 77.19
1014; 0.14394008147072; 1281.21598388135; 1240.43; 89.93
1015; 0.153366027163792; 1253.47710629119; 1208.26; 93.56
1016; 0.17229704525661; 1224.92487776314; 1185.47; 72.66
1017; 0.146704080347738; 1191.55065263008; 1156.76; 75.24
1018; 0.192248251565203; 1170.08691359259; 1123.75; 76.46
1019; 0.190759283263383; 1136.68251215892; 1094.23; 70.59
1020; 0.167932789788609; 1103.66616331768; 1067.91; 67.53
1021; 0.128236821112271; 1088.09407839484; 1061.87; 64.85
1022; 0.128807475050914; 1057.48322481721; 1032.33; 61.92
1023; 0.0959154821357565; 1020.14313561976; 995.4; 81.79
1024; 0.0161111530330913; 988.840242698712; 986.13; 53.33
1025; 0.0152412297432044; 975.677713763715; 973.1; 53.61
1026; -0.0516950651527424; 944.625756453894; 952.67; 49.32
1027; -0.17325799800718; 914.097360983246; 934.38; 37.1
1028; -0.183665327937507; 885.732971542956; 908.57; 39.4
1029; -0.162967415982041; 872.554204294733; 890.68; 35.24
1030; -0.0488684765198526; 857.217621412266; 861.62; 28.54
1031; 0.00902937064372054; 835.955988001; 834.97; 34.59
1032; 0.0412072606702367; 817.660767758224; 813.72; 30.29
1033; 0.195227796664216; 808.108394802929; 789.35; 30.43
1034; 0.188584034789406; 797.203284570679; 780.6; 27.88
1035; 0.20371835282098; 774.582642738819; 755.68; 29.38
1036; 0.210928907744789; 758.829759601025; 748.41; 15.64
1037; 0.0551696090813985; 735.927028694665; 732.52; 19.55
1038; 0.0345570193597404; 730.001159846309; 727.94; 18.88
1039; 0.0520833227391483; 745.37569335654; 755.57; -61.95
1040; -0.654487778432588; 660.888917241794; 691.58; 14.84
1041; 0.21332012057337; 717.221445249261; 681.33; 53.24
