# 06/03/2019 12:19:53
# NanoCalc data
# Original file name: C:\SVA_DATA\StudentProjects\2018_Nathan\PIswelling\PIslowslow_359.dat
# Fit Result : Fitness; Thickness 1; Thickness 2; Thickness 3 
# Fit Result : 1.28253828258092; 2; 398.6; -1
# comment:PI id:353 Slowslow swelling start 11:22
#
# WaveLength; Reflectance; Raw Intensity; Dark Intensity; Reference Intensity
400; 0.288024485629886; 4282.53707367883; 3854.36; 720.85
401; 0.294864336249207; 4429.450199108; 3985.6; 726.75
402; 0.300628669104119; 4532.24346814195; 4083.71; 717.18
403; 0.316993164084327; 4660.75454417097; 4177.83; 729.27
404; 0.316206167254223; 4777.77867772868; 4266.9; 770.15
405; 0.326031115547168; 4948.54156656209; 4419.01; 771.21
406; 0.318014415658174; 5058.20891509121; 4538.57; 772.84
407; 0.326269968030945; 5197.43162008451; 4650.31; 790.01
408; 0.341771006671678; 5331.59195052647; 4747.36; 802.14
409; 0.358727079484999; 5464.18766301483; 4845.27; 806.6
410; 0.363683123369856; 5644.58966417631; 4970.83; 862.87
411; 0.360111374230177; 5741.95591695763; 5045.16; 898.04
412; 0.368384336672343; 5840.45463146597; 5134.48; 886.28
413; 0.375214472683685; 5947.22942664291; 5205.72; 910.9
414; 0.384643078044854; 6115.28781746616; 5316.37; 954.15
415; 0.393707247184864; 6217.10626935865; 5386.19; 966.33
416; 0.379905002142184; 6277.67850486927; 5457.07; 985.72
417; 0.379467334118925; 6363.40378618853; 5520.71; 1010.06
418; 0.391519882184911; 6513.78273994164; 5645.41; 1005.43
419; 0.388439582571357; 6609.73599069096; 5742.25; 1009.35
420; 0.38166581393438; 6712.84277757333; 5841.72; 1028.49
421; 0.378622773328552; 6832.98062359342; 5953.97; 1043.09
422; 0.362106314826733; 6966.64189532814; 6112.25; 1057.02
423; 0.361709356091566; 7084.70017171469; 6213.11; 1076.28
424; 0.350022497952082; 7215.43615973783; 6341.27; 1112.19
425; 0.355924290316101; 7375.12532638191; 6476.56; 1121.22
426; 0.334305572491818; 7567.78501281345; 6672.57; 1186.04
427; 0.33326687418568; 7718.5583857969; 6816.49; 1195.56
428; 0.333534619981232; 7876.56378171089; 6935.77; 1242.47
429; 0.341105705217578; 8027.97226496984; 7065.26; 1240.13
430; 0.353807625054816; 8274.29204569003; 7250.62; 1268.14
431; 0.353971189226025; 8439.87873810018; 7391.86; 1294.51
432; 0.354042198074285; 8568.04469029429; 7498.99; 1316.94
433; 0.35434398409425; 8685.88240087678; 7596.6; 1337.5
434; 0.35651123887325; 8854.33140262919; 7741.1; 1355.32
435; 0.356852513937741; 8972.95807466387; 7839.02; 1376.23
436; 0.353319929599324; 9069.77059463508; 7932.9; 1390.56
437; 0.344291661596305; 9163.2183221995; 8022.45; 1428.62
438; 0.342075019671317; 9335.00910377499; 8192.53; 1436.7
439; 0.338974501030157; 9418.28944030219; 8266.28; 1458.6
440; 0.335921457136771; 9509.98342137842; 8353.7; 1473.93
441; 0.332662381068482; 9605.74128115391; 8471.61; 1456.61
442; 0.328386636538401; 9785.401770786; 8631.22; 1498.28
443; 0.318872692466735; 9883.85500390995; 8745.18; 1518.91
444; 0.314438280510381; 10017.2500535246; 8868.1; 1551.1
445; 0.315707108619331; 10139.3198864955; 8992.88; 1537.75
446; 0.313796871817365; 10324.4744147485; 9180.96; 1539.64
447; 0.31053641992147; 10513.3347726705; 9336.15; 1598.18
448; 0.308562756657585; 10686.020219308; 9503.28; 1612.48
449; 0.308356459086396; 10974.9525014462; 9759.68; 1654.44
450; 0.304814781833066; 11161.1034497721; 9952.86; 1660.42
451; 0.303252660863514; 11354.9942594795; 10135.12; 1681.65
452; 0.304617356563117; 11546.7900462526; 10315.84; 1685.87
453; 0.301870673990283; 11892.7297328093; 10632.34; 1738.46
454; 0.294822449306305; 12137.631912272; 10871.13; 1785.11
455; 0.284747246060779; 12332.5399993115; 11090.19; 1809.49
456; 0.274469283456933; 12555.8107231814; 11336.98; 1838.14
457; 0.262480972165469; 12898.8237961201; 11703.49; 1881.48
458; 0.257566171104916; 13158.5833614739; 11962.1; 1915.55
459; 0.255932612963886; 13390.7236801806; 12166.46; 1968.86
460; 0.247519088429102; 13629.3425648805; 12419.21; 2008.52
461; 0.240256294372772; 13951.9249229735; 12764.35; 2026.89
462; 0.234575816465365; 14139.4140392415; 12966.47; 2046.57
463; 0.234952246134028; 14343.9988746513; 13151.39; 2073.78
464; 0.233777016248546; 14708.046597462; 13494.02; 2117.77
465; 0.230076341567272; 14945.6785833646; 13718.51; 2171.37
466; 0.223316015110918; 15167.0292133523; 13951.52; 2211.96
467; 0.216482266060921; 15406.2799879598; 14196.36; 2267.48
468; 0.207976700833214; 15878.5641546777; 14670.32; 2352.97
469; 0.203179187037898; 16191.6607902435; 14971.26; 2428.75
470; 0.197491458114486; 16521.8094327718; 15302.08; 2493.24
471; 0.190220344030403; 16922.7268029915; 15703.48; 2583.28
472; 0.186209725613208; 17541.7083193892; 16286.71; 2711.89
473; 0.183510546712439; 17984.1273016856; 16704.77; 2800.68
474; 0.175123853159571; 18441.4874509537; 17202.51; 2837.59
475; 0.169174713010522; 19265.5676710668; 18016.84; 2955.76
476; 0.163113364187002; 19809.2901683433; 18568.46; 3041.26
477; 0.163438670653838; 20401.3875224635; 19133.22; 3097.15
478; 0.163644269476883; 21133.8357805021; 19813.99; 3214.11
479; 0.155170282671169; 22136.968728515; 20817.86; 3382.47
480; 0.149194009086901; 22844.1261626015; 21534.12; 3488.23
481; 0.145303915038539; 23566.6975372953; 22257.23; 3574.77
482; 0.141576783310351; 24656.9420117061; 23325.31; 3725.36
483; 0.14024516511322; 25375.2528543737; 24015.92; 3833.33
484; 0.133319625883039; 26039.1002743542; 24699.09; 3969.2
485; 0.128439181556174; 26753.1663791095; 25415.08; 4107.94
486; 0.119867643075063; 27669.9586958327; 26380.84; 4234.14
487; 0.122531617076284; 28322.683187235; 26980.79; 4305.15
488; 0.120338981681618; 28932.9772243528; 27586.14; 4393.08
489; 0.117892427611266; 29484.1188392319; 28142.46; 4460.62
490; 0.110161474825248; 30229.865637677; 28938.42; 4588.41
491; 0.10826817245179; 30730.1161853776; 29443.48; 4645.2
492; 0.108331418553045; 31195.7255805472; 29900.14; 4668.67
493; 0.103520893028624; 31801.9451224267; 30557.41; 4687.17
494; 0.101938740796269; 32201.5992141529; 30960.33; 4741.51
495; 0.0983039037403814; 32556.7125056545; 31346.74; 4786.87
496; 0.0938765105103226; 33049.1758458958; 31887.25; 4807.66
497; 0.0951075313193705; 33420.8240619334; 32230.59; 4855.05
498; 0.0960669558947358; 33768.2461306763; 32561.18; 4868.51
499; 0.0973238059475904; 34138.7535060855; 32899.81; 4926.32
500; 0.0943702092923389; 34618.9529951696; 33398.19; 4999.73
501; 0.0974667268974319; 34973.8362512787; 33710.56; 5003
502; 0.0990861178485705; 35347.2768584123; 34042.83; 5074.92
503; 0.099706619183216; 35844.6608451811; 34514.42; 5136.5
504; 0.0974120963431399; 36215.3031780671; 34900.59; 5189.47
505; 0.0934137118454353; 36566.0776665776; 35295.13; 5225.22
506; 0.0910569156945227; 36943.6068902709; 35692.76; 5269.39
507; 0.0909194011351071; 37519.9028633966; 36254.46; 5332.8
508; 0.0913026109344559; 37890.2936353766; 36587.86; 5459.35
509; 0.0887065129730367; 38269.9692839716; 36997.2; 5485.06
510; 0.0854841811202449; 38877.3570430395; 37643.04; 5513.6
511; 0.0847577248620295; 39340.1103420183; 38097.82; 5590.42
512; 0.0861203216365391; 39781.1558718325; 38503.77; 5650.96
513; 0.0906155782112074; 40442.5202357139; 39070.86; 5760.55
514; 0.0919742232165792; 40888.0089580425; 39482.84; 5807.45
515; 0.0947538730413285; 41360.2883425763; 39895.49; 5869.7
516; 0.0935175257281976; 41773.0769210862; 40324.14; 5876.14
517; 0.0964764984453957; 42479.774252636; 40949.65; 6008.14
518; 0.103281497323667; 42984.2627592994; 41302.36; 6162
519; 0.106408282408331; 43423.7969783186; 41667.33; 6239
520; 0.109750646583336; 44102.732579404; 42261.46; 6334
521; 0.111541091585001; 44543.4300220525; 42653.92; 6388.78
522; 0.11440806037833; 45017.751901163; 43048.19; 6485.63
523; 0.114183944614542; 45653.682998745; 43676.28; 6517.4
524; 0.117904513866856; 46137.1361402006; 44062.51; 6615.12
525; 0.120138436871321; 46569.3708046186; 44445.36; 6639.83
526; 0.12179779557406; 47180.5584144619; 45025.6; 6637.96
527; 0.124444927486328; 47597.5103010014; 45380.58; 6677.03
528; 0.125126013478913; 47931.5427303979; 45687.52; 6715.06
529; 0.127615139501593; 48262.0168575146; 45960.42; 6746.35
530; 0.130207529062572; 48672.2536899846; 46308.54; 6783.94
531; 0.131489211097251; 48922.3988507599; 46521.33; 6817.73
532; 0.134080573758093; 49177.0896433703; 46743.21; 6771.11
533; 0.136419348734593; 49513.7105366979; 47023.3; 6803.34
534; 0.136291145890764; 49684.2182217136; 47184.78; 6828.13
535; 0.137754068372801; 49884.9405765428; 47355.85; 6828.6
536; 0.141583312787072; 50227.3360441803; 47620.21; 6841.89
537; 0.143699461817331; 50469.2194388232; 47820.9; 6840.27
538; 0.146442220867659; 50722.6417319858; 48015.37; 6854.16
539; 0.152030080215428; 51131.1042333542; 48327.27; 6830.84
540; 0.156982594590729; 51393.0598758455; 48482.08; 6861.21
541; 0.160367716583984; 51665.5830900649; 48678.04; 6887.29
542; 0.16546409190158; 52100.4851652994; 49016.37; 6885.18
543; 0.172104653176274; 52453.9530934424; 49216.43; 6943.33
544; 0.175671278552782; 52767.1509141276; 49448.15; 6968.07
545; 0.177851701014332; 53227.1852691244; 49847.83; 7002.1
546; 0.181035297893418; 53541.6597568053; 50082.68; 7035.31
547; 0.184089330500048; 53894.0829430591; 50337.31; 7108.03
548; 0.184111082463465; 54403.5723939126; 50827.53; 7139.67
549; 0.188827135297527; 54783.9483743577; 51105.64; 7154.2
550; 0.190618884790938; 55146.0175851828; 51394.15; 7222.56
551; 0.19189926954172; 55525.465914953; 51751.08; 7211.31
552; 0.195046719017318; 56070.4371496451; 52223.98; 7224.28
553; 0.197257087545456; 56421.3397388974; 52501.9; 7272.86
554; 0.200194828764199; 56784.3762588207; 52772.9; 7328.16
555; 0.203702669577312; 57342.9063205275; 53239.39; 7360.92
556; 0.207554217368766; 57746.2582224926; 53536.31; 7405.17
557; 0.209552277438553; 58132.426710637; 53848.91; 7456.34
558; 0.212744191867087; 58772.8271382679; 54409.22; 7475.37
559; 0.214399501074812; 59212.6050074069; 54757.43; 7566.8
560; 0.216261802018354; 59654.4606781712; 55133.58; 7605.72
561; 0.220262542583259; 60470.556167712; 55812.27; 7688.1
562; 0.221021476440814; 61064.9788628152; 56365.63; 7722.56
563; 0.222744998702943; 61686.9416182595; 56875.89; 7838.57
564; 0.226150263525598; 62652.8143138678; 57717.65; 7913.26
565; 0.228830738125368; 63260.4513043028; 58242.66; 7945.65
566; 0.231369274614824; 63841.5103101687; 58702.52; 8042.35
567; 0.235353737026815; 64596.4842611878; 59350.08; 8065.92
568; 0.236201400878036; 64992.6314877318; 59726.5; 8061.66
569; 0.237193630373498; 65253.5756632257; 59972.48; 8045
570; 0.244516522241115; 65556.204379593; 60078.28; 8089.14
571; 0.246579183570552; 65597.7127757618; 60110.31; 8029.17
572; 0.253054033202641; 65640.8867781248; 60034.61; 7986.84
573; 0.256829052464066; 65481.6326786929; 59836.69; 7917.39
574; 0.257027171467872; 65278.122779181; 59666.57; 7857.99
575; 0.260329514899559; 65043.8396601638; 59389.9; 7810.65
576; 0.264773537231014; 64951.9628884192; 59206.26; 7798.14
577; 0.26827985397048; 64842.7466139111; 59038.27; 7768.91
578; 0.273610506797142; 64688.1836772904; 58845.98; 7661.1
579; 0.277514162511872; 64623.8176619145; 58714.81; 7633.96
580; 0.277570167794521; 64498.660994967; 58552.61; 7674.48
581; 0.27724361207025; 64352.7094783763; 58397.54; 7689.91
582; 0.28153140580341; 64332.4824126453; 58313.45; 7648.63
583; 0.284973435369854; 64296.0742769191; 58250.26; 7584.74
584; 0.287747414302944; 64221.005405795; 58147.02; 7541.72
585; 0.288408094129821; 64185.2306894743; 58099.9; 7533.6
586; 0.289539166324015; 64113.4874370103; 57970.68; 7570.12
587; 0.293946228432792; 64101.7835159031; 57840.8; 7595.33
588; 0.297518109581249; 64068.7197487288; 57794.5; 7515.31
589; 0.304025745609261; 64098.5533716092; 57715.84; 7477.14
590; 0.311820519510596; 64159.6896416223; 57668.65; 7409.31
591; 0.314918227802928; 64174.3896791404; 57609.86; 7414.83
592; 0.314272861804041; 64234.8523211038; 57660.39; 7436.62
593; 0.316048230708454; 64377.2869865767; 57691.3; 7515.55
594; 0.31713109934019; 64481.4007122451; 57857.39; 7415.78
595; 0.319491675422348; 64785.4494337528; 58098.84; 7425.86
596; 0.319158014561524; 65068.7381269639; 58297.75; 7522.67
597; 0.31891822550419; 65369.4797511556; 58525.37; 7604.81
598; 0.321797227786177; 65977.1827629504; 59022.55; 7653.63
599; 0.322088052816907; 66474.9229229359; 59424.96; 7746.62
600; 0.324526180382389; 67050.6219689574; 59833.61; 7865.6
601; 0.328891185822155; 68040.4438582024; 60613.83; 7981.54
602; 0.330317957640567; 68765.9164575912; 61165.89; 8127.68
603; 0.332071775486701; 69419.8497510483; 61696.52; 8210.69
604; 0.334015710275473; 70359.5452379406; 62521.1; 8279.29
605; 0.330596156290279; 70916.3426794583; 63100.41; 8335.81
606; 0.328505870416336; 71525.7638061927; 63663.49; 8433.43
607; 0.328149083107239; 72338.9598001594; 64323.42; 8601.91
608; 0.328804035003027; 72722.8128501265; 64658.21; 8632.03
609; 0.332276993549248; 73202.7521158766; 65073.97; 8604.5
610; 0.332589160665214; 73352.0932280047; 65172.71; 8644.62
611; 0.330687831916559; 73448.407569386; 65272.37; 8685.66
612; 0.33412986578703; 73574.8659173623; 65299.8; 8694.94
613; 0.336733863865939; 73622.7737742176; 65236.33; 8738.43
614; 0.338472048012285; 73456.9144501478; 65021.77; 8738.88
615; 0.343136132617525; 73033.5573257688; 64611.67; 8601.47
616; 0.346732684813013; 72733.7485696573; 64327.71; 8490.97
617; 0.343410471310189; 72069.7282199574; 63750.78; 8479.51
618; 0.343071906664125; 71644.7370747493; 63409.58; 8397.41
619; 0.343699583171751; 71152.1717342217; 63031.1; 8261.52
620; 0.340621013718091; 70414.5079125492; 62439.89; 8181.46
621; 0.34281269499011; 69890.0533008534; 62031.97; 8006.28
622; 0.340801323484165; 69415.9423987373; 61627.93; 7977.65
623; 0.338890914762571; 68805.3761166754; 61089.51; 7944.47
624; 0.338548303660245; 68396.1357434669; 60775.51; 7850.56
625; 0.343011760194489; 67860.1876174764; 60333.15; 7649.55
626; 0.343073244654462; 67556.047921542; 60001.55; 7672.37
627; 0.34317337844288; 67253.403292233; 59663.53; 7702.54
628; 0.342487347616474; 66736.0768470536; 59161.71; 7698.47
629; 0.340589202157628; 66439.1544500239; 58904.24; 7697.54
630; 0.344243347042706; 66187.0579460039; 58673.32; 7590.96
631; 0.343239579652704; 65728.7644645035; 58286.63; 7537.38
632; 0.340653534370459; 65440.0911480293; 58034.98; 7553.58
633; 0.339038089973117; 65019.534744934; 57665.6; 7533.89
634; 0.339527816324006; 64727.8376689755; 57491.66; 7399.17
635; 0.339932410023085; 64462.4196682763; 57331.41; 7278.99
636; 0.338654351748292; 64163.5700168609; 57129.43; 7203.28
637; 0.336466066665118; 63898.0094611277; 56921.59; 7186.3
638; 0.333584038948961; 63653.9586799589; 56746.86; 7172.03
639; 0.332748565438017; 63328.4409390016; 56474.9; 7130.18
640; 0.332352198582813; 63128.1159312227; 56308.98; 7098.55
641; 0.329664970051714; 62817.3314058916; 56025.04; 7124.54
642; 0.328703850974228; 62615.8833419448; 55851.63; 7112.18
643; 0.327872600884263; 62433.9210102581; 55692.95; 7102.18
644; 0.327411296011388; 62153.644016888; 55477.42; 7040.41
645; 0.327814140315367; 61994.7483282608; 55315.46; 7031.93
646; 0.327423545683548; 61746.1225781865; 55086.22; 7016.63
647; 0.326672367073725; 61541.8981857185; 54921.49; 6988.22
648; 0.328965228121037; 61371.3546428171; 54777.47; 6908.9
649; 0.330538945944919; 61156.249517841; 54584.21; 6850.24
650; 0.329230880277884; 61019.3612779995; 54434.91; 6887.44
651; 0.327944623094579; 60853.1062028558; 54281.94; 6897.29
652; 0.328439906854308; 60707.6445770136; 54181.24; 6836.59
653; 0.328725344886746; 60574.1810130428; 54066.57; 6807.61
654; 0.321921237383928; 60240.6704437968; 53933.75; 6733.97
655; 0.322436864876392; 60138.5771349477; 53818.85; 6734.1
656; 0.315221197213667; 59904.2563739582; 53659.37; 6803.89
657; 0.312253533321065; 59744.3531845658; 53572.96; 6785.34
658; 0.31026061870928; 59571.8988878434; 53491.61; 6725.75
659; 0.311248490313547; 59390.7972722643; 53290.37; 6723.85
660; 0.308655542242967; 59255.40431561; 53130.56; 6804.68
661; 0.310353049808999; 59083.5399171789; 52944.07; 6779.84
662; 0.313626938239619; 59030.8244994165; 52776.31; 6831.17
663; 0.312347811565291; 58888.3720215634; 52691.11; 6792.76
664; 0.31131040477291; 58660.2743043152; 52498.6; 6772.47
665; 0.31143204124629; 58511.8394375475; 52365.21; 6750.71
666; 0.313158290711766; 58347.6022933403; 52168.7; 6746.16
667; 0.313349024195706; 58195.1305553817; 52068.84; 6682.48
668; 0.309746423227895; 57978.9595176839; 51924.09; 6679.42
669; 0.306099377107233; 57732.9018049227; 51789.98; 6631.49
670; 0.300689862562381; 57542.5198458109; 51718.39; 6613.31
671; 0.299135850347873; 57339.7954922882; 51538.43; 6617.96
672; 0.298543147481091; 57216.9876835322; 51396.58; 6649.12
673; 0.294013859408884; 57037.8651138323; 51260.48; 6697.67
674; 0.289996402501159; 56733.7205492786; 50991.09; 6745.8
675; 0.286839843429655; 56451.0879485786; 50777.7; 6734.8
676; 0.289297939095547; 56180.3439135337; 50449.76; 6741.89
677; 0.288153514567288; 55936.94165454; 50220.53; 6749.72
678; 0.28886601888495; 55543.3757914248; 49854.15; 6698.66
679; 0.287229730183371; 55236.5465279514; 49569.83; 6707.77
680; 0.286576733244277; 54903.5899996071; 49265.17; 6687.29
681; 0.285258950371659; 54408.3269358809; 48896.52; 6564.97
682; 0.284116240040905; 54056.3692059931; 48676.53; 6431.06
683; 0.28239092460945; 53633.4583092421; 48337.61; 6366.86
684; 0.282120683042671; 53325.1567514209; 48088.67; 6299.26
685; 0.280811870713556; 52853.1411605965; 47686.4; 6241.9
686; 0.276842203781133; 52464.3486942391; 47417.69; 6182.03
687; 0.274285808092837; 52158.4861187492; 47194.51; 6135.03
688; 0.272133607107841; 51733.8799248481; 46880.57; 6043.52
689; 0.272665447869437; 51491.4071838021; 46645.93; 6019.83
690; 0.270739526432717; 51113.9322726362; 46281.98; 6043.37
691; 0.264649620607327; 50767.7772521816; 46019.78; 6072.64
692; 0.261643639518755; 50456.3610754; 45801.47; 6019.6
693; 0.25827163977394; 49995.5185805627; 45480.32; 5912.87
694; 0.257327748627144; 49751.364683773; 45216.95; 5957.48
695; 0.25473784191159; 49281.6132250247; 44856.77; 5870.15
696; 0.255207455034025; 49012.71535055; 44601.15; 5839.3
697; 0.249680035768376; 48493.4710417563; 44212.6; 5789.13
698; 0.243989825245506; 48112.7413052418; 43970.67; 5729.64
699; 0.240330789008813; 47707.505010529; 43685.73; 5645.72
700; 0.23632329560251; 47414.622921929; 43480.78; 5613.72
701; 0.235486112208004; 47128.8772993326; 43262.21; 5535.8
702; 0.232630739624912; 46725.4954412449; 43047.86; 5328.02
703; 0.229347797818718; 46451.5279576683; 42844.93; 5298.29
704; 0.227103864968831; 46112.1928493342; 42562.73; 5264.28
705; 0.224999031481253; 45882.8203847333; 42395.58; 5218.32
706; 0.227015620137108; 45585.0077028533; 42117.78; 5140.41
707; 0.224595175542143; 45330.289749796; 41925.34; 5100.31
708; 0.224353343561704; 45083.7145605992; 41719.61; 5042.41
709; 0.220906502439615; 44768.8191411783; 41441.44; 5063.33
710; 0.215885219744111; 44508.7776196277; 41250.92; 5070.99
711; 0.212827988538537; 44131.5058713008; 40971.05; 4988.98
712; 0.210912024889989; 43842.0580548763; 40745.44; 4931.56
713; 0.209594692457229; 43465.107548345; 40453.58; 4825.16
714; 0.205981961879586; 43118.2722391335; 40162.51; 4817.99
715; 0.203963914559407; 42649.8996714384; 39741.68; 4785.79
716; 0.201499597257207; 42304.7077598008; 39438.32; 4773.18
717; 0.19562164833305; 41870.7017638459; 39110.62; 4732.38
718; 0.193894812362046; 41284.6747388794; 38587.23; 4664.32
719; 0.191310112439739; 40888.8772145336; 38255.66; 4612.8
720; 0.186020498084871; 40274.271737694; 37744.76; 4555.32
721; 0.183352716844244; 39897.4228631385; 37408.22; 4546.28
722; 0.183976789788705; 39330.9932782395; 36879.41; 4460.74
723; 0.180188322320725; 38962.393697629; 36550.41; 4479.31
724; 0.18316160259083; 38505.4433693946; 36067.83; 4451.78
725; 0.184723299362557; 38254.390161643; 35820.25; 4406.23
726; 0.183999006606423; 37968.7603408995; 35556.79; 4381.67
727; 0.184845776211285; 37838.6237085756; 35416.12; 4379.03
728; 0.18720088635183; 37721.089199453; 35290.02; 4337.76
729; 0.186198643051155; 37583.4570173608; 35184.36; 4302.56
730; 0.179833807869091; 37490.775670083; 35167.28; 4313.26
731; 0.175123763098699; 37462.5509781664; 35185.56; 4340.21
732; 0.168289490157725; 37454.906738655; 35258.87; 4355.35
733; 0.164069411695526; 37457.4940448334; 35317.69; 4352.44
734; 0.160435823373186; 37394.1065848103; 35320.05; 4313.85
735; 0.155775460294425; 37306.2559874317; 35287.77; 4322.8
736; 0.151708005228989; 37208.5208723667; 35255.22; 4294.16
737; 0.151414500893111; 37133.6011281697; 35198.54; 4260.86
738; 0.14844772948867; 37024.8085968806; 35153.14; 4202.21
739; 0.145643080179469; 36884.0173110364; 35082.98; 4119.97
740; 0.145694988777402; 36796.3955879842; 35003.05; 4099.39
741; 0.14662078204077; 36736.8849401319; 34937.5; 4085.83
742; 0.145724363529618; 36719.3606999244; 34942.34; 4058.61
743; 0.147471731634442; 36764.6392954793; 34952.47; 4088.45
744; 0.142664688796022; 36907.652880974; 35132.25; 4139.05
745; 0.139099647752964; 37023.3813008106; 35282.64; 4160.7
746; 0.134091014116563; 37226.495531076; 35543.95; 4170.26
747; 0.131586634244549; 37425.9817346756; 35776.2; 4165.32
748; 0.123842765584551; 37581.9342568386; 36018.91; 4191.6
749; 0.121943035141051; 37639.0902342559; 36058.63; 4303.18
750; 0.118597188090955; 37622.5069630699; 36077.01; 4325.62
751; 0.118583691942412; 37542.1799926828; 35972.11; 4394.76
752; 0.121908643040516; 37316.3394845902; 35724.03; 4335.18
753; 0.121429487904867; 37055.4804925457; 35464.2; 4349.34
754; 0.124760599178304; 36558.3206441008; 34948.18; 4283.12
755; 0.130328727854875; 36187.1432237351; 34532.21; 4213.14
756; 0.124516905153877; 35511.9070434038; 33962.17; 4128.32
757; 0.119277983227747; 35042.0862773577; 33587.64; 4043.01
758; 0.115554149369009; 34363.0271979958; 32986.28; 3948.75
759; 0.11202941114248; 33954.4655538499; 32637.24; 3895.07
760; 0.105610533143004; 33503.9572955909; 32259.49; 3901.75
761; 0.106227503715226; 32908.6448152685; 31671.34; 3854.95
762; 0.10384196923208; 32527.5216850826; 31326.86; 3824.92
763; 0.101225557075266; 32015.4552093507; 30858.15; 3780.55
764; 0.104649580902018; 31730.6572758098; 30552.62; 3720.96
765; 0.101153602291245; 31266.1584776142; 30138.48; 3684.65
766; 0.101159610181283; 30990.7669551693; 29870.46; 3660
767; 0.10086992524993; 30554.7667102348; 29455.42; 3601.95
768; 0.0983061129023155; 30257.6995293239; 29204.38; 3541.26
769; 0.0928092179578986; 29836.2163622008; 28843.31; 3535.64
770; 0.0882210252385523; 29548.4310200796; 28611.77; 3508.6
771; 0.0848103436199708; 29184.3333579106; 28287.46; 3493.24
772; 0.0867189530176047; 28963.0770713266; 28045.07; 3495.43
773; 0.0832166191100691; 28581.1010631368; 27721.45; 3409.49
774; 0.0770414905563775; 28277.2524108563; 27494.01; 3353.85
775; 0.0731971578648826; 27904.4469356056; 27168.28; 3316.68
776; 0.0738490894764593; 27679.2038579632; 26952.81; 3242.53
777; 0.0725557034834857; 27357.2705605137; 26651.39; 3206.32
778; 0.0677851178624492; 27124.3637895829; 26475.12; 3155.71
779; 0.0581606534160325; 26740.8380534743; 26196.88; 3080.8
780; 0.0604414392499241; 26550.088059516; 25989.04; 3056.91
781; 0.0615026316177345; 26268.8618010641; 25702.91; 3029.75
782; 0.0601395250963573; 26110.3368929564; 25564.84; 2985.68
783; 0.0563861973641962; 25773.2976773035; 25265.45; 2963.98
784; 0.0634409310300083; 25625.063583105; 25057.13; 2945.32
785; 0.0705975051588329; 25393.0460858035; 24774.1; 2883.66
786; 0.0713189199560523; 25222.295666035; 24595.43; 2890.19
787; 0.0733620938477133; 24958.0453308514; 24317.46; 2870.28
788; 0.069071952604108; 24752.5183425855; 24145.77; 2886.61
789; 0.0701808243093598; 24464.1875710695; 23839.99; 2921.87
790; 0.0686390604744586; 24293.0656055888; 23681.33; 2927.02
791; 0.0640879409262992; 24017.112188842; 23459.54; 2856.59
792; 0.0573896325450539; 23816.6462015593; 23322.97; 2823.81
793; 0.0543681967865468; 23507.3441789118; 23037.1; 2838.72
794; 0.0566712357123533; 23356.203747634; 22868.76; 2822.52
795; 0.0583596304699173; 23112.7005054257; 22607.09; 2842.83
796; 0.0662466582105245; 22923.6153309518; 22354.82; 2817.16
797; 0.0733375410268273; 22796.0239168176; 22177.05; 2769.18
798; 0.072048041460291; 22558.4868782362; 21947.57; 2781.96
799; 0.0741778648429187; 22411.6731994036; 21776.97; 2806.93
800; 0.0712984702123075; 22204.0874889653; 21599.88; 2779.62
801; 0.0719254263360242; 22036.4909898984; 21427.25; 2777.37
802; 0.0723350305398249; 21840.4427239034; 21246.22; 2692.62
803; 0.0671884101466312; 21664.8094682424; 21118.69; 2663.1
804; 0.0598200492371646; 21434.8058860075; 20955.5; 2624.18
805; 0.0630779200436393; 21308.454753435; 20811.88; 2577.65
806; 0.0645041224345224; 21083.4593996013; 20577.48; 2567.74
807; 0.0645484409832137; 20939.0364869426; 20444.88; 2505.62
808; 0.063281985142063; 20710.2027993935; 20233.34; 2465.85
809; 0.0584919150763991; 20550.5214365509; 20117.91; 2419.76
810; 0.0503792074704846; 20310.7780141541; 19941.99; 2394.41
811; 0.0468706743583243; 20183.2199722513; 19840.25; 2392.78
812; 0.0506041511562484; 19991.5854957225; 19616.34; 2424.03
813; 0.0497843438897055; 19877.9835096662; 19507.44; 2432.37
814; 0.0474297810562377; 19728.972402931; 19384.56; 2372.31
815; 0.046723252259504; 19605.5011275148; 19269.86; 2346.4
816; 0.0476091801099145; 19440.2526617043; 19099.36; 2338.24
817; 0.0479851345520646; 19252.6381231482; 18911.16; 2323.53
818; 0.0481227295096211; 19119.3751073908; 18779.83; 2303.4
819; 0.0411919531283963; 18873.4267110072; 18588.73; 2255.84
820; 0.0363978607613361; 18716.7886585927; 18471.08; 2202.85
821; 0.0303126527595304; 18504.9858765036; 18304.05; 2162.46
822; 0.025967519741632; 18386.4351392895; 18214.57; 2158.47
823; 0.0249133401212457; 18234.6543431337; 18072.01; 2128.55
824; 0.0292846638672365; 18139.9145540678; 17950.02; 2113.67
825; 0.0350246185727884; 18047.1817839542; 17823.05; 2085.84
826; 0.0380705710637889; 17964.462911384; 17718.64; 2104.67
827; 0.0433745715754213; 17842.7277244102; 17567.1; 2071.48
828; 0.0447062674357115; 17734.9986499407; 17446.36; 2104.85
829; 0.0412507419934487; 17580.140581449; 17319.63; 2058.67
830; 0.0372915525370733; 17401.9249640238; 17167.7; 2047.33
831; 0.0341221665329403; 17286.1776498846; 17070.99; 2054.64
832; 0.0294900918911273; 17133.3603077934; 16949.8; 2026.97
833; 0.0231338737229782; 17004.7340854725; 16862.72; 1998.1
834; 0.0239594338678109; 16891.9586096875; 16745.5; 1988.73
835; 0.0213747752453516; 16794.1780193819; 16665.86; 1952.59
836; 0.0296298436065656; 16691.1899325166; 16511.91; 1967.5
837; 0.0311226269165208; 16613.4936784396; 16426.18; 1957.32
838; 0.0328109134611343; 16486.355833763; 16291.25; 1934.09
839; 0.0316846358634875; 16329.5708518489; 16142.26; 1924.19
840; 0.0357515806384864; 16264.8145602798; 16052.59; 1932.12
841; 0.0381872803414885; 16161.559285741; 15937.23; 1914.22
842; 0.0427934780474701; 16090.6517195204; 15840.72; 1902.7
843; 0.0410995548830263; 15960.1566409709; 15720.73; 1897.36
844; 0.0407486712045639; 15865.817860995; 15632.51; 1864.37
845; 0.0437490514556143; 15715.9550976886; 15468.07; 1844.53
846; 0.0445373049269205; 15631.7867136964; 15382.36; 1822.74
847; 0.0523434732274511; 15546.8411148412; 15250.27; 1843.57
848; 0.0535376227825636; 15418.4673077216; 15118.86; 1820.49
849; 0.0434372009791373; 15282.718380512; 15039.5; 1821.03
850; 0.0433454615155353; 15139.9392669429; 14899.55; 1803.19
851; 0.039177762209491; 15014.8721627597; 14798.65; 1794.04
852; 0.0349655385368224; 14862.9158854342; 14672.91; 1765.98
853; 0.0302279456963619; 14762.9027885389; 14599.06; 1761.08
854; 0.0329444350360526; 14604.4771852507; 14426.29; 1756.88
855; 0.0328500662278619; 14426.4609452108; 14252.44; 1720.34
856; 0.0352076218705801; 14327.978841957; 14145.41; 1683.66
857; 0.040180242009182; 14188.7144545858; 13982.24; 1668.09
858; 0.0419329098122392; 14090.3151901126; 13875.99; 1658.82
859; 0.0493830325871917; 13979.5275401088; 13730.38; 1637.1
860; 0.0560362657554039; 13884.5793086469; 13604.73; 1620.14
861; 0.0571386367577608; 13735.4770952357; 13458.69; 1571.19
862; 0.0541336783266686; 13558.52904884; 13294.88; 1579.38
863; 0.0557371213360026; 13440.7759287642; 13172.94; 1558
864; 0.0572707138680294; 13262.6591532661; 12984.52; 1574.25
865; 0.0633093044612733; 13163.326060282; 12852.86; 1589.3
866; 0.0614580402673793; 12954.4050024414; 12661.71; 1543.16
867; 0.0537571267810956; 12728.911406018; 12478.66; 1508.05
868; 0.0526875231126238; 12583.7143644469; 12339.72; 1499.9
869; 0.0508916257149661; 12370.5427968785; 12143.73; 1443.2
870; 0.0466608011184721; 12211.0545205658; 12003.74; 1438.46
871; 0.0469915634695657; 11991.4507714935; 11795.11; 1352.42
872; 0.0501872411251001; 11831.1862256758; 11621.28; 1353.53
873; 0.0454544301084815; 11575.089786794; 11391.77; 1304.92
874; 0.0468313287733138; 11347.0229856015; 11157.91; 1306.28
875; 0.0508200393102572; 11190.0144234365; 10988.42; 1282.95
876; 0.0465731598338034; 10949.41646091; 10764.51; 1283.8
877; 0.047361961297563; 10804.6185832952; 10619.45; 1263.96
878; 0.0473869621151257; 10608.5371718342; 10426.64; 1240.69
879; 0.0445524124072632; 10447.7488421246; 10281.91; 1202.89
880; 0.0475208870636778; 10356.4710629984; 10176.64; 1222.66
881; 0.0461843559346617; 10224.3051683422; 10049.07; 1225.61
882; 0.0478684641585952; 10147.9789343171; 9964.16; 1240.17
883; 0.0447251149329634; 10040.7016363065; 9871.87; 1218.87
884; 0.0536963060617992; 9964.02819632909; 9759.58; 1229.16
885; 0.0531560820905992; 9907.47908793412; 9705.01; 1229.35
886; 0.0590511094091239; 9847.38897386601; 9624.7; 1216.9
887; 0.0585182625561372; 9797.79300802026; 9581.9; 1190.31
888; 0.0601854217663536; 9717.87259383167; 9500.49; 1165.17
889; 0.0681853307457322; 9698.33119607554; 9458.44; 1134.77
890; 0.0732005249563986; 9698.8396973528; 9437.48; 1151.43
891; 0.0752099285317952; 9679.67494802903; 9410.91; 1152.23
892; 0.0755042466261268; 9712.1663189215; 9440.9; 1158.23
893; 0.0796721943143576; 9747.91521358822; 9456.13; 1180.51
894; 0.0885986593006536; 9851.10244234921; 9516.2; 1218.24
895; 0.0871496347597762; 9930.0937175546; 9601.35; 1215.52
896; 0.0879054978878855; 10060.5757136967; 9716.85; 1259.78
897; 0.0842812613003435; 10137.4328864613; 9809.8; 1252.27
898; 0.0799964116123716; 10317.6559884631; 10009.86; 1239.26
899; 0.0721658631372833; 10492.2832888213; 10218.36; 1222.35
900; 0.0714547675340799; 10608.9467954675; 10337.8; 1221.8
901; 0.0635383696830452; 10731.1912587194; 10488.16; 1231.39
902; 0.068618868987008; 10862.9029905842; 10593.25; 1264.91
903; 0.0766143615886325; 10945.9861976265; 10645.88; 1260.64
904; 0.0738031086136808; 10971.8753824489; 10679.41; 1275.13
905; 0.0766169232564272; 10953.0625817445; 10655.26; 1250.55
906; 0.0900179823949658; 10891.6871602812; 10541.38; 1251.83
907; 0.0853273586731497; 10742.3757115948; 10411.05; 1248.88
908; 0.0885932152437806; 10630.3768108808; 10286.47; 1248.31
909; 0.0876086066457747; 10407.1913051581; 10069.8; 1238.26
910; 0.0843932941174384; 10134.6449209082; 9823.06; 1186.92
911; 0.0908649972894754; 9956.79912795523; 9629.07; 1159.31
912; 0.0973028162860833; 9632.24544484094; 9285.22; 1146.16
913; 0.102203054790786; 9403.15012366437; 9042.21; 1134.81
914; 0.106451099446671; 9041.63109189557; 8674.98; 1106.58
915; 0.0984938573340266; 8676.14764733244; 8362.8; 1021.94
916; 0.0971171352271564; 8437.24899524265; 8140.9; 980.04
917; 0.0996712258052782; 8096.45813970505; 7802.17; 948.16
918; 0.086912886559241; 7749.24384437119; 7504.64; 903.62
919; 0.0825849096328167; 7551.74859511419; 7335.11; 842.14
920; 0.0804551335923405; 7277.76143880141; 7076.67; 802.29
921; 0.0835094691549184; 7024.30277278321; 6827.49; 756.4
922; 0.0897930030682916; 6855.53471039138; 6642.23; 762.34
923; 0.101305507571135; 6611.86290187999; 6379.21; 736.9
924; 0.0956291578906315; 6442.91921537379; 6235.64; 695.41
925; 0.110708090686006; 6212.17163128955; 5975.99; 684.36
926; 0.109917929388682; 5960.71156560548; 5733.56; 662.86
927; 0.110146616229045; 5798.35389614041; 5578.53; 640.06
928; 0.106408023042629; 5548.70947578998; 5344.84; 614.38
929; 0.107606499290921; 5289.77802991899; 5096.11; 577.06
930; 0.106925983622081; 5105.84414478855; 4916.24; 568.49
931; 0.116346460924255; 4815.22437447949; 4622.43; 531.18
932; 0.11209787481868; 4485.70612135111; 4320.37; 472.73
933; 0.118499672337232; 4249.2370825111; 4082.87; 449.92
934; 0.10375793299304; 3840.30294646258; 3709.57; 403.73
935; 0.102064912516223; 3405.83847925869; 3289.86; 364.07
936; 0.106009495767317; 3126.24574425647; 3013.38; 341.07
937; 0.0987655451763587; 2694.99876485452; 2607.66; 283.25
938; 0.0795361437553642; 2280.52167629574; 2217.03; 255.66
939; 0.0683235216399861; 2038.73444985507; 1987.35; 240.84
940; 0.072920060081255; 1754.00724867647; 1708.3; 200.7
941; 0.0870824097749998; 1537.8636029661; 1492.92; 165.23
942; 0.0879537155506048; 1442.16409524775; 1401.15; 149.27
943; 0.0901277687130038; 1338.64809010547; 1302.09; 129.83
944; 0.0946443045848254; 1297.57595965816; 1262.49; 118.64
945; 0.0847784999805314; 1293.55985143731; 1262.09; 118.78
946; 0.112861798586319; 1318.19090515553; 1273.61; 126.38
947; 0.100673901457927; 1363.5642256124; 1321.41; 133.95
948; 0.0927896113776133; 1403.44865644721; 1363.71; 136.99
949; 0.0822893282225863; 1464.98475833906; 1428.21; 142.93
950; 0.0778908644214453; 1552.3848671124; 1513.54; 159.48
951; 0.094529574752486; 1613.84507389374; 1560.05; 181.96
952; 0.117292755268902; 1716.78322785974; 1643.42; 199.97
953; 0.111106750251466; 1810.9845475136; 1744.87; 190.22
954; 0.113215281985442; 1875.7902330398; 1804.25; 201.97
955; 0.119826116658753; 1969.08296308461; 1886.52; 220.2
956; 0.139524751859698; 2074.8252330711; 1973.27; 232.59
957; 0.141183681022672; 2122.73443996574; 2017.89; 237.27
958; 0.15112772893606; 2203.33032997174; 2093.11; 233
959; 0.155867828256481; 2274.82879128209; 2164.83; 225.43
960; 0.161967229185335; 2317.76504665807; 2197.28; 237.59
961; 0.149238517475144; 2358.01961219566; 2240.09; 252.36
962; 0.160634578900759; 2410.33242268056; 2283.29; 252.54
963; 0.155577905971929; 2422.2825201868; 2296.84; 257.43
964; 0.156451681524178; 2459.96641842602; 2337.1; 250.71
965; 0.144821684593324; 2474.958259058; 2355.82; 262.59
966; 0.15046065933609; 2495.77346976052; 2365.12; 277.15
967; 0.157136360270745; 2512.74842666596; 2373.35; 283.1
968; 0.193687723058853; 2547.49449546187; 2376.54; 281.63
969; 0.184924241432897; 2538.47435663236; 2370.7; 289.46
970; 0.187789695119235; 2542.32126249582; 2366.85; 298.08
971; 0.190819216698859; 2536.08913271059; 2360.21; 293.99
972; 0.195082481441678; 2533.57167312348; 2353.17; 294.93
973; 0.198407052281291; 2527.86907801091; 2347.33; 290.17
974; 0.18600816873935; 2501.08717996544; 2331.79; 290.21
975; 0.160298177966339; 2466.87474810018; 2324.88; 282.41
976; 0.159442775934855; 2457.31875586226; 2322.23; 270.08
977; 0.151269478879599; 2437.94161251318; 2313.59; 262.02
978; 0.148959777938695; 2409.94247438738; 2288.88; 259.01
979; 0.160067130644392; 2389.37197881624; 2262.7; 252.18
980; 0.155058369918495; 2364.944844403; 2245.69; 245.05
981; 0.160709116005474; 2339.71949587113; 2220.96; 235.42
982; 0.172561406031792; 2313.42233779378; 2183.47; 239.89
983; 0.194230790864493; 2292.69802148553; 2140.37; 249.79
984; 0.203432901508177; 2263.86250569876; 2104.59; 249.33
985; 0.198411586427257; 2222.6537026693; 2072.4; 241.14
986; 0.188932408695535; 2173.32912752869; 2037.13; 229.52
987; 0.190305365993923; 2153.12182067615; 2018.37; 225.42
988; 0.175694146439777; 2106.30092060301; 1985.88; 218.17
989; 0.188559307695734; 2067.05413002953; 1950.05; 197.49
990; 0.168815021412067; 2040.29777091663; 1942.59; 184.19
991; 0.184718536917353; 2001.15981634327; 1902.07; 170.69
992; 0.194872940378013; 1972.12711912774; 1866.89; 171.81
993; 0.200637951494306; 1933.349231977; 1826.88; 168.81
994; 0.200271905906956; 1908.44016448892; 1801.55; 169.77
995; 0.235937700162368; 1871.3831648154; 1753.79; 158.52
996; 0.236525498139882; 1833.39253670941; 1712.27; 162.85
997; 0.243230667937693; 1796.17649007373; 1669.42; 165.71
998; 0.216201023088592; 1766.03011017741; 1649.52; 171.34
999; 0.212124262821237; 1722.39686592299; 1609.99; 168.46
1000; 0.235382129588311; 1689.15393483363; 1572.97; 156.9
1001; 0.250016751219107; 1661.12162470922; 1537.56; 157.08
1002; 0.220696185100442; 1622.65114230688; 1507.6; 165.67
1003; 0.204054763556378; 1580.969723794; 1483.4; 151.94
1004; 0.217897139220063; 1550.63129748765; 1452.09; 143.69
1005; 0.235129638697668; 1525.49497853949; 1426.54; 133.7
1006; 0.262699675588348; 1491.79697210356; 1392.69; 119.84
1007; 0.236890387832709; 1455.27515870831; 1360.28; 127.37
1008; 0.231300837470045; 1418.75024371128; 1330.15; 121.65
1009; 0.251352640867992; 1398.13557338616; 1305.09; 117.55
1010; 0.227022288570252; 1363.45902380457; 1276.43; 121.72
1011; 0.234223698063119; 1327.70857403115; 1247.08; 109.29
1012; 0.232180548776878; 1291.93694541988; 1226.3; 89.74
1013; 0.227670001790441; 1272.77902459258; 1203.11; 97.13
1014; 0.228662057978436; 1243.69337343439; 1183.93; 82.95
1015; 0.215357206239012; 1215.54432705885; 1162.61; 78
1016; 0.193860567916058; 1184.70343260048; 1136.04; 79.65
1017; 0.189794940465389; 1161.75789088928; 1118.19; 72.83
1018; 0.18214731009568; 1131.84278757384; 1089.33; 74.04
1019; 0.155831476575938; 1098.95579322351; 1053.08; 93.38
1020; 0.148898247572787; 1071.70915197872; 1031.33; 86.01
1021; 0.126041164456771; 1046.86848613504; 1012.25; 87.1
1022; 0.140368636427171; 1022.83637911914; 982.3; 91.57
1023; 0.143240564936004; 993.552121578338; 955.81; 83.54
1024; 0.185407453357873; 980.787148138441; 931.76; 83.83
1025; 0.180405002808189; 963.04779362942; 909.97; 93.26
1026; 0.190142502941051; 944.762551852645; 889.93; 91.4
1027; 0.190838525269599; 919.623230223306; 860.61; 98
1028; 0.233536627018637; 906.443155054013; 835.58; 96.15
1029; 0.220001202803795; 882.507072571188; 814.05; 98.59
1030; 0.206601453401406; 858.690432991459; 791.84; 102.51
1031; 0.207769321259435; 833.938294881971; 762.89; 108.32
1032; 0.206277352316699; 813.080289048637; 750.5; 96.09
1033; 0.200831412547816; 789.252459412929; 735.82; 84.26
1034; 0.188247603346419; 772.553723996314; 719.26; 89.65
1035; 0.172264329508778; 745.623605153475; 702.41; 79.43
1036; 0.184846306654718; 726.093406853714; 683; 73.81
1037; 0.191654841263505; 711.001754000136; 662.23; 80.56
1038; 0.182924380178269; 695.645047311959; 654.69; 70.87
1039; 0.378798496384764; 720.581178266352; 573.11; 123.22
1040; 0.199767758018355; 646.320433616687; 578.24; 107.85
1041; 0.676559002933576; 692.419889944493; 598.75; 43.81
