# 06/03/2019 12:46:13
# NanoCalc data
# Original file name: C:\SVA_DATA\StudentProjects\2018_Nathan\PIswelling\PIslowslow_517.dat
# Fit Result : Fitness; Thickness 1; Thickness 2; Thickness 3 
# Fit Result : 4.63753306996165; 2; 94.2; -1
# comment:PI id:353 Slowslow swelling start 11:22
#
# WaveLength; Reflectance; Raw Intensity; Dark Intensity; Reference Intensity
400; 0.220887787201947; 4182.73168731917; 3854.36; 720.85
401; 0.229321771104292; 4330.79099549026; 3985.6; 726.75
402; 0.228413021015096; 4424.49880364267; 4083.71; 717.18
403; 0.241895861132709; 4546.3472480353; 4177.83; 729.27
404; 0.23966570446208; 4654.11603457551; 4266.9; 770.15
405; 0.244623981902541; 4816.32214040142; 4419.01; 771.21
406; 0.241283142189088; 4932.82920355669; 4538.57; 772.84
407; 0.232323975607593; 5039.89372628046; 4650.31; 790.01
408; 0.233063864592277; 5145.765229086; 4747.36; 802.14
409; 0.239761286389404; 5258.93404584398; 4845.27; 806.6
410; 0.243782056585854; 5422.46084570866; 4970.83; 862.87
411; 0.244851815098807; 5518.93494083667; 5045.16; 898.04
412; 0.240563018620003; 5595.49685524608; 5134.48; 886.28
413; 0.238309137046057; 5676.67323991875; 5205.72; 910.9
414; 0.23678394924774; 5808.17896977421; 5316.37; 954.15
415; 0.238422451699395; 5889.37884276058; 5386.19; 966.33
416; 0.238201805267419; 5971.59448947882; 5457.07; 985.72
417; 0.239734593340003; 6053.09535699291; 5520.71; 1010.06
418; 0.24065191572255; 6179.16466467243; 5645.41; 1005.43
419; 0.230569561424912; 6257.17142765632; 5742.25; 1009.35
420; 0.225879292063272; 6357.27205919566; 5841.72; 1028.49
421; 0.222922161704552; 6471.50608651182; 5953.97; 1043.09
422; 0.222658476718609; 6637.61393358817; 6112.25; 1057.02
423; 0.218570973831851; 6739.78786830962; 6213.11; 1076.28
424; 0.217180998058916; 6883.67021756311; 6341.27; 1112.19
425; 0.219617869867706; 7031.0065727296; 6476.56; 1121.22
426; 0.209745835832413; 7234.23464624779; 6672.57; 1186.04
427; 0.210016446298987; 7384.95092839751; 6816.49; 1195.56
428; 0.21214561407631; 7534.1644771654; 6935.77; 1242.47
429; 0.210883387056672; 7660.44213882803; 7065.26; 1240.13
430; 0.213210974638599; 7867.50358055609; 7250.62; 1268.14
431; 0.207093527112853; 8005.01130598083; 7391.86; 1294.51
432; 0.205686989677361; 8120.07596727489; 7498.99; 1316.94
433; 0.199597446617925; 8210.17888272492; 7596.6; 1337.5
434; 0.201192610015319; 8369.3380666423; 7741.1; 1355.32
435; 0.194942283776852; 8458.47052732645; 7839.02; 1376.23
436; 0.185090210153801; 8528.46113213685; 7932.9; 1390.56
437; 0.179275413123505; 8616.45716036022; 8022.45; 1428.62
438; 0.172866471487629; 8769.87800865522; 8192.53; 1436.7
439; 0.170033371397771; 8844.14071937964; 8266.28; 1458.6
440; 0.165244616912784; 8922.49251667001; 8353.7; 1473.93
441; 0.165439369585242; 9035.63519448804; 8471.61; 1456.61
442; 0.156213910924212; 9180.26563179699; 8631.22; 1498.28
443; 0.156821686025617; 9305.18070927056; 8745.18; 1518.91
444; 0.156466005731359; 9439.92261195782; 8868.1; 1551.1
445; 0.164249753423961; 9589.3267176421; 8992.88; 1537.75
446; 0.164330150483877; 9779.79928978575; 9180.96; 1539.64
447; 0.166507073466884; 9967.34678998266; 9336.15; 1598.18
448; 0.17052479767985; 10156.9121453374; 9503.28; 1612.48
449; 0.168399967362058; 10423.3659502988; 9759.68; 1654.44
450; 0.172997051258308; 10638.5962781285; 9952.86; 1660.42
451; 0.173025486916545; 10831.138089742; 10135.12; 1681.65
452; 0.173566020035564; 11017.2153346205; 10315.84; 1685.87
453; 0.170480410339623; 11344.1407059013; 10632.34; 1738.46
454; 0.168935488452336; 11596.8451539135; 10871.13; 1785.11
455; 0.170420470392469; 11833.7331745301; 11090.19; 1809.49
456; 0.161819586457199; 12055.5692756465; 11336.98; 1838.14
457; 0.162515845985781; 12443.5843447794; 11703.49; 1881.48
458; 0.162333010547264; 12716.1926096954; 11962.1; 1915.55
459; 0.163958450780528; 12950.7616723218; 12166.46; 1968.86
460; 0.163915436367808; 13220.6003440505; 12419.21; 2008.52
461; 0.172633561533663; 13617.6691152232; 12764.35; 2026.89
462; 0.179217287186143; 13862.606063391; 12966.47; 2046.57
463; 0.184850083604881; 14089.6821585753; 13151.39; 2073.78
464; 0.189354627777686; 14477.3568487783; 13494.02; 2117.77
465; 0.189185813105803; 14727.5789232984; 13718.51; 2171.37
466; 0.189410012163974; 14982.4788175847; 13951.52; 2211.96
467; 0.186795982573085; 15240.3632668642; 14196.36; 2267.48
468; 0.191184048057189; 15781.0069548718; 14670.32; 2352.97
469; 0.193633113033465; 16134.3220616632; 14971.26; 2428.75
470; 0.190959096654817; 16481.4648345095; 15302.08; 2493.24
471; 0.190305898948301; 16923.2751805095; 15703.48; 2583.28
472; 0.197920526329806; 17620.635642705; 16286.71; 2711.89
473; 0.201280739915332; 18108.0135133163; 16704.77; 2800.68
474; 0.204719357760906; 18650.8716221507; 17202.51; 2837.59
475; 0.211892187259806; 19580.8777501201; 18016.84; 2955.76
476; 0.211450963051204; 20177.0022269777; 18568.46; 3041.26
477; 0.215684842568428; 20806.780555398; 19133.22; 3097.15
478; 0.211715858119423; 21521.5492252485; 19813.99; 3214.11
479; 0.207027765252218; 22577.8112450968; 20817.86; 3382.47
480; 0.205361230805547; 23337.3055270945; 21534.12; 3488.23
481; 0.202110805762533; 24078.6368011343; 22257.23; 3574.77
482; 0.201823044624612; 25223.6016593957; 23325.31; 3725.36
483; 0.20173366735338; 25971.2330522922; 24015.92; 3833.33
484; 0.20039325775942; 26713.2647513191; 24699.09; 3969.2
485; 0.196713606597399; 27464.4530525554; 25415.08; 4107.94
486; 0.19951635320459; 28526.5421631713; 26380.84; 4234.14
487; 0.203575323538213; 29210.2255225478; 26980.79; 4305.15
488; 0.203026903648471; 29858.4227429461; 27586.14; 4393.08
489; 0.203421731520823; 30457.4735230627; 28142.46; 4460.62
490; 0.201883273679236; 31305.1391595482; 28938.42; 4588.41
491; 0.203175374822655; 31857.9734130193; 29443.48; 4645.2
492; 0.205546610769062; 32358.3670646843; 29900.14; 4668.67
493; 0.203776069965602; 33007.2195868643; 30557.41; 4687.17
494; 0.20355737424195; 33438.9706030393; 30960.33; 4741.51
495; 0.202481767811318; 33838.9845866955; 31346.74; 4786.87
496; 0.204294573407414; 34415.8393534808; 31887.25; 4807.66
497; 0.20443896437104; 34789.0647664589; 32230.59; 4855.05
498; 0.208691931189563; 35183.361160402; 32561.18; 4868.51
499; 0.20981984655105; 35570.8413453243; 32899.81; 4926.32
500; 0.205589481727697; 36057.67367998; 33398.19; 4999.73
501; 0.208852216259032; 36417.515011474; 33710.56; 5003
502; 0.209293213548687; 36798.1289341841; 34042.83; 5074.92
503; 0.21193923885132; 37342.0179521335; 34514.42; 5136.5
504; 0.207914582624939; 37706.6895702878; 34900.59; 5189.47
505; 0.205573886785304; 38092.081823854; 35295.13; 5225.22
506; 0.202677335229029; 38476.9341900212; 35692.76; 5269.39
507; 0.202849160952032; 39077.7740547339; 36254.46; 5332.8
508; 0.200394131812474; 39446.4864394127; 36587.86; 5459.35
509; 0.198602562468876; 39846.7680052858; 36997.2; 5485.06
510; 0.197174498850747; 40490.0678500055; 37643.04; 5513.6
511; 0.191513372792794; 40904.8232999956; 38097.82; 5590.42
512; 0.189434463726428; 41313.5703235932; 38503.77; 5650.96
513; 0.190018174927398; 41947.1907563225; 39070.86; 5760.55
514; 0.188931014211895; 42369.3008702037; 39482.84; 5807.45
515; 0.188517739719751; 42809.7821953943; 39895.49; 5869.7
516; 0.18607901738548; 43207.2012917719; 40324.14; 5876.14
517; 0.1827886500818; 43848.6912287306; 40949.65; 6008.14
518; 0.181223793977692; 44253.5255721507; 41302.36; 6162
519; 0.180349666765261; 44644.3373067089; 41667.33; 6239
520; 0.180295712494797; 45286.25813956; 42261.46; 6334
521; 0.17847835683158; 45677.3496541355; 42653.92; 6388.78
522; 0.177805557638534; 46109.154856688; 43048.19; 6485.63
523; 0.173271973950768; 46676.9516097026; 43676.28; 6517.4
524; 0.173048882889428; 47107.4463149942; 44062.51; 6615.12
525; 0.174435319930015; 47529.3230836491; 44445.36; 6639.83
526; 0.173157685413364; 48089.2647358973; 45025.6; 6637.96
527; 0.170819562624564; 48423.6535268643; 45380.58; 6677.03
528; 0.168816043054863; 48715.084191796; 45687.52; 6715.06
529; 0.16888391107463; 49006.3178498338; 45960.42; 6746.35
530; 0.169896487201037; 49392.7445430752; 46308.54; 6783.94
531; 0.16714591051214; 49573.5107524252; 46521.33; 6817.73
532; 0.16558253934362; 49748.9248512289; 46743.21; 6771.11
533; 0.16148329363646; 49971.2666902334; 47023.3; 6803.34
534; 0.157284960226608; 50069.2229968046; 47184.78; 6828.13
535; 0.154777352649782; 50197.4789164647; 47355.85; 6828.6
536; 0.151246144741729; 50405.2681772376; 47620.21; 6841.89
537; 0.148375454521639; 50555.3959785123; 47820.9; 6840.27
538; 0.145562500706453; 50706.3783790376; 48015.37; 6854.16
539; 0.143685074282946; 50977.2003922335; 48327.27; 6830.84
540; 0.14200477976395; 51115.3213299987; 48482.08; 6861.21
541; 0.14026591358558; 51291.0999713614; 48678.04; 6887.29
542; 0.13790652773074; 51586.8347375767; 49016.37; 6885.18
543; 0.138001468226432; 51812.4257041628; 49216.43; 6943.33
544; 0.137925108637143; 52054.0031902259; 49448.15; 6968.07
545; 0.136589681562678; 52443.1667747642; 49847.83; 7002.1
546; 0.136608345878673; 52692.8091212456; 50082.68; 7035.31
547; 0.137001319423386; 52984.2998324084; 50337.31; 7108.03
548; 0.133771028039068; 53425.8030694113; 50827.53; 7139.67
549; 0.135203739626809; 53739.3771847015; 51105.64; 7154.2
550; 0.133540324556196; 54022.5654141741; 51394.15; 7222.56
551; 0.133094105356265; 54368.8519061653; 51751.08; 7211.31
552; 0.133697795931511; 54860.5936566844; 52223.98; 7224.28
553; 0.130789382802171; 55100.6461883343; 52501.9; 7272.86
554; 0.128961205144226; 55357.0067720801; 52772.9; 7328.16
555; 0.125047371301782; 55758.4238940609; 53239.39; 7360.92
556; 0.126603194827439; 56104.2794770002; 53536.31; 7405.17
557; 0.125555848996854; 56415.4322247653; 53848.91; 7456.34
558; 0.12430053740398; 56958.7547607206; 54409.22; 7475.37
559; 0.125065598125706; 57356.2659313468; 54757.43; 7566.8
560; 0.125046115579098; 57747.6272451715; 55133.58; 7605.72
561; 0.124238209780167; 58439.757757713; 55812.27; 7688.1
562; 0.124809107922844; 59019.3157360251; 56365.63; 7722.56
563; 0.125202162588626; 59580.1216121087; 56875.89; 7838.57
564; 0.126194978124632; 60471.5400150763; 57717.65; 7913.26
565; 0.126497842969036; 61016.4996583563; 58242.66; 7945.65
566; 0.126475724274767; 61511.6981962044; 58702.52; 8042.35
567; 0.124883707390146; 62133.9338825918; 59350.08; 8065.92
568; 0.12227277833355; 62452.5825959591; 59726.5; 8061.66
569; 0.120166677059414; 62647.9806704161; 59972.48; 8045
570; 0.121773147965425; 62806.3741586508; 60078.28; 8089.14
571; 0.12081164423249; 62798.866845335; 60110.31; 8029.17
572; 0.122967411468385; 62758.8872409372; 60034.61; 7986.84
573; 0.122699079090526; 62533.539369451; 59836.69; 7917.39
574; 0.121432683541075; 62317.7523980194; 59666.57; 7857.99
575; 0.122871262420979; 62058.4668121972; 59389.9; 7810.65
576; 0.125888336974504; 61938.0926028239; 59206.26; 7798.14
577; 0.127097641096693; 61788.1421000131; 59038.27; 7768.91
578; 0.128385245464096; 61587.2956093317; 58845.98; 7661.1
579; 0.129646623249376; 61475.3281774791; 58714.81; 7633.96
580; 0.131166436033048; 61362.4303912819; 58552.61; 7674.48
581; 0.131633227821774; 61225.0106667209; 58397.54; 7689.91
582; 0.133880302249704; 61175.7590072531; 58313.45; 7648.63
583; 0.134640473885287; 61106.7062445784; 58250.26; 7584.74
584; 0.13525271978402; 61002.0345204687; 58147.02; 7541.72
585; 0.135953648800792; 60968.484232664; 58099.9; 7533.6
586; 0.138262998208876; 60904.0412597004; 57970.68; 7570.12
587; 0.144393240500797; 60916.341072268; 57840.8; 7595.33
588; 0.145204469714124; 60856.6488983186; 57794.5; 7515.31
589; 0.148126986614908; 60825.6164311654; 57715.84; 7477.14
590; 0.153032316935931; 60854.2608675577; 57668.65; 7409.31
591; 0.158988178885916; 60923.9984867128; 57609.86; 7414.83
592; 0.15982927241197; 61003.9543257582; 57660.39; 7436.62
593; 0.160865165541083; 61094.3957901275; 57691.3; 7515.55
594; 0.162390455143145; 61249.2872837182; 57857.39; 7415.78
595; 0.162732148496046; 61504.6449176714; 58098.84; 7425.86
596; 0.162833112062899; 61752.2804148768; 58297.75; 7522.67
597; 0.16468693807127; 62059.6160499384; 58525.37; 7604.81
598; 0.168558139306586; 62665.4028802071; 59022.55; 7653.63
599; 0.168467771168181; 63112.4346829572; 59424.96; 7746.62
600; 0.171573250657082; 63649.1610353157; 59833.61; 7865.6
601; 0.17384744022243; 64539.4378132391; 60613.83; 7981.54
602; 0.174376888544751; 65177.9908739544; 61165.89; 8127.68
603; 0.177176324818735; 65817.2893085278; 61696.52; 8210.69
604; 0.177769672985624; 66692.8733741183; 62521.1; 8279.29
605; 0.176656808749137; 67276.9187048951; 63100.41; 8335.81
606; 0.175986171774343; 67875.4435545589; 63663.49; 8433.43
607; 0.17580868156473; 68617.814093538; 64323.42; 8601.91
608; 0.176128700151508; 68978.1327078155; 64658.21; 8632.03
609; 0.182301747904159; 69533.7767781564; 65073.97; 8604.5
610; 0.18443417089763; 69708.5095464848; 65172.71; 8644.62
611; 0.184698782146966; 69838.925028957; 65272.37; 8685.66
612; 0.18673079514446; 69924.3780363938; 65299.8; 8694.94
613; 0.187205024288213; 69898.7194384118; 65236.33; 8738.43
614; 0.187734328765676; 69700.3429890834; 65021.77; 8738.88
615; 0.191933074251885; 69322.4496929085; 64611.67; 8601.47
616; 0.195800122742804; 69074.6042381571; 64327.71; 8490.97
617; 0.193095858138266; 68428.4313226631; 63750.78; 8479.51
618; 0.191744970791398; 68012.2592695279; 63409.58; 8397.41
619; 0.193771056821348; 67609.6003226953; 63031.1; 8261.52
620; 0.194627263662746; 66996.5027765679; 62439.89; 8181.46
621; 0.197690921796905; 66563.5166842539; 62031.97; 8006.28
622; 0.200869366470373; 66218.2088774541; 61627.93; 7977.65
623; 0.198601514737472; 65611.2679803131; 61089.51; 7944.47
624; 0.197818448250329; 65228.3468418056; 60775.51; 7850.56
625; 0.20150452547563; 64754.9579942414; 60333.15; 7649.55
626; 0.203378391817364; 64479.9570521683; 60001.55; 7672.37
627; 0.202997387471534; 64153.1686093647; 59663.53; 7702.54
628; 0.204411334746973; 63682.4213426078; 59161.71; 7698.47
629; 0.204824471507037; 63435.6075838807; 58904.24; 7697.54
630; 0.206351894561396; 63177.3258833828; 58673.32; 7590.96
631; 0.208701930108815; 62811.7136993879; 58286.63; 7537.38
632; 0.207660907178341; 62549.1034233722; 58034.98; 7553.58
633; 0.209562602505117; 62211.1355884154; 57665.6; 7533.89
634; 0.209017598491425; 61946.342078782; 57491.66; 7399.17
635; 0.210405129174318; 61745.2315896951; 57331.41; 7278.99
636; 0.20931689316724; 61477.1205784073; 57129.43; 7203.28
637; 0.209140870627711; 61257.9988819588; 56921.59; 7186.3
638; 0.207630023763006; 61045.9897412545; 56746.86; 7172.03
639; 0.208163574898779; 60762.3943148131; 56474.9; 7130.18
640; 0.208863419297436; 60594.3978588931; 56308.98; 7098.55
641; 0.204946696964943; 60247.6836380016; 56025.04; 7124.54
642; 0.20465484878847; 60063.1329707125; 55851.63; 7112.18
643; 0.20385589448298; 59884.1714417242; 55692.95; 7102.18
644; 0.204897363926261; 59655.4698067909; 55477.42; 7040.41
645; 0.202951956088259; 59450.6526740985; 55315.46; 7031.93
646; 0.202698677925056; 59209.1777576342; 55086.22; 7016.63
647; 0.203855408433589; 59052.8648903412; 54921.49; 6988.22
648; 0.204514926522353; 58876.8328442896; 54777.47; 6908.9
649; 0.209196534946032; 58743.6227152866; 54584.21; 6850.24
650; 0.210191057795041; 58638.6249673034; 54434.91; 6887.44
651; 0.209609591249182; 58481.9767281942; 54281.94; 6897.29
652; 0.209508036830949; 58344.3583725222; 54181.24; 6836.59
653; 0.212151544926163; 58266.4278803566; 54066.57; 6807.61
654; 0.211900239213929; 58085.1938798889; 53933.75; 6733.97
655; 0.211272850786564; 57959.774669099; 53818.85; 6734.1
656; 0.210354991692974; 57826.7389235661; 53659.37; 6803.89
657; 0.208501848144647; 57693.8001100339; 53572.96; 6785.34
658; 0.206591085103243; 57540.24976713; 53491.61; 6725.75
659; 0.207818729981337; 57363.5883047324; 53290.37; 6723.85
660; 0.208119172154878; 57260.3984577162; 53130.56; 6804.68
661; 0.212686731347585; 57151.4840714752; 52944.07; 6779.84
662; 0.213783036001462; 57039.6845235839; 52776.31; 6831.17
663; 0.213074331822211; 56918.6967333739; 52691.11; 6792.76
664; 0.212351910302263; 56701.6182387774; 52498.6; 6772.47
665; 0.212023560407011; 56549.8476905731; 52365.21; 6750.71
666; 0.213431366923138; 56379.8979841081; 52168.7; 6746.16
667; 0.212665494600988; 56226.6656526368; 52068.84; 6682.48
668; 0.210491239267439; 56038.7363455438; 51924.09; 6679.42
669; 0.204563777911652; 55761.5873509769; 51789.98; 6631.49
670; 0.201104996721677; 55613.6380923943; 51718.39; 6613.31
671; 0.200459551869984; 55426.0921624111; 51538.43; 6617.96
672; 0.200423926047774; 55304.0518980312; 51396.58; 6649.12
673; 0.197611332254543; 55143.551266053; 51260.48; 6697.67
674; 0.196758260189776; 54887.3796989186; 50991.09; 6745.8
675; 0.195112299050303; 54636.8143852822; 50777.7; 6734.8
676; 0.197011400734339; 54352.2778242216; 50449.76; 6741.89
677; 0.198379374692717; 54155.9953411628; 50220.53; 6749.72
678; 0.197376914830389; 53741.494862575; 49854.15; 6698.66
679; 0.194285828019164; 53402.8688434375; 49569.83; 6707.77
680; 0.192674889123738; 53056.063754558; 49265.17; 6687.29
681; 0.191473141417546; 52596.186522383; 48896.52; 6564.97
682; 0.191151691057611; 52296.0533390938; 48676.53; 6431.06
683; 0.18999610074701; 51900.7221300914; 48337.61; 6366.86
684; 0.188964551333518; 51596.0710131916; 48088.67; 6299.26
685; 0.187487133965509; 51136.031561801; 47686.4; 6241.9
686; 0.187673395442497; 50838.857581573; 47417.69; 6182.03
687; 0.186355233509186; 50567.1341075893; 47194.51; 6135.03
688; 0.184561854417559; 50172.0998088786; 46880.57; 6043.52
689; 0.184299286665259; 49921.0717368992; 46645.93; 6019.83
690; 0.181496244026925; 49521.186333689; 46281.98; 6043.37
691; 0.17714518284212; 49197.8871117406; 46019.78; 6072.64
692; 0.175000724843374; 48914.900594989; 45801.47; 6019.6
693; 0.169802253236543; 48448.8646433881; 45480.32; 5912.87
694; 0.166926792585125; 48158.3945330956; 45216.95; 5957.48
695; 0.167155386989984; 47760.2898543675; 44856.77; 5870.15
696; 0.164823495391712; 47450.3207702256; 44601.15; 5839.3
697; 0.159768792378442; 46951.9043042646; 44212.6; 5789.13
698; 0.15857021011938; 46662.6228982028; 43970.67; 5729.64
699; 0.152770580511897; 46242.2434853538; 43685.73; 5645.72
700; 0.149554612279347; 45970.2694574697; 43480.78; 5613.72
701; 0.150277171666367; 45729.7518013835; 43262.21; 5535.8
702; 0.147328359831191; 45376.958890754; 43047.86; 5328.02
703; 0.144903013940377; 45123.5954988963; 42844.93; 5298.29
704; 0.144776688030143; 44825.4809033506; 42562.73; 5264.28
705; 0.141791536904574; 44593.1946761691; 42395.58; 5218.32
706; 0.140303268578279; 44260.643029961; 42117.78; 5140.41
707; 0.138552847344761; 44025.8547673421; 41925.34; 5100.31
708; 0.139072369791402; 43804.9544216218; 41719.61; 5042.41
709; 0.134406910312794; 43465.9288442216; 41441.44; 5063.33
710; 0.13091132072605; 43226.4625787296; 41250.92; 5070.99
711; 0.122536220231518; 42790.6899793892; 40971.05; 4988.98
712; 0.119964468263356; 42506.762705814; 40745.44; 4931.56
713; 0.121099805227451; 42193.5830280638; 40453.58; 4825.16
714; 0.119811818320898; 41881.7636917474; 40162.51; 4817.99
715; 0.120958077510885; 41466.3608642421; 39741.68; 4785.79
716; 0.116917063994563; 41101.4977219787; 39438.32; 4773.18
717; 0.115721430361934; 40743.3667453109; 39110.62; 4732.38
718; 0.116548227823893; 40208.6369893848; 38587.23; 4664.32
719; 0.114902052568689; 39837.186762755; 38255.66; 4612.8
720; 0.112624539887529; 39276.2315234657; 37744.76; 4555.32
721; 0.110678495448534; 38910.7951049677; 37408.22; 4546.28
722; 0.112512222020298; 38378.6919606176; 36879.41; 4460.74
723; 0.110231913891165; 38025.9638862873; 36550.41; 4479.31
724; 0.114412004331147; 37590.4866454535; 36067.83; 4451.78
725; 0.112547348470967; 37303.3115409371; 35820.25; 4406.23
726; 0.113180648543203; 37040.4304417873; 35556.79; 4381.67
727; 0.112615217294857; 36892.0032315812; 35416.12; 4379.03
728; 0.112372466843547; 36749.3359697784; 35290.02; 4337.76
729; 0.111739220908399; 36624.0763545919; 35184.36; 4302.56
730; 0.107563834918857; 36557.0303903905; 35167.28; 4313.26
731; 0.105597803769997; 36558.5618259313; 35185.56; 4340.21
732; 0.0951102992811273; 36499.9796572345; 35258.87; 4355.35
733; 0.0914552748489474; 36510.4557021548; 35317.69; 4352.44
734; 0.0901800524406925; 36485.8652627677; 35320.05; 4313.85
735; 0.0874765741932309; 36421.2620076875; 35287.77; 4322.8
736; 0.0865599072404502; 36369.713213918; 35255.22; 4294.16
737; 0.0858236770847062; 36295.3574146044; 35198.54; 4260.86
738; 0.0828457221684463; 36197.6809781792; 35153.14; 4202.21
739; 0.0836322471357396; 36117.1849708896; 35082.98; 4119.97
740; 0.0848629367991621; 36047.6197176633; 35003.05; 4099.39
741; 0.0891431250023208; 36031.4976885464; 34937.5; 4085.83
742; 0.0896154504489016; 36035.1463545694; 34942.34; 4058.61
743; 0.0936700172522823; 36103.5104556202; 34952.47; 4088.45
744; 0.0907154189520164; 36261.1657640574; 35132.25; 4139.05
745; 0.0862766241324249; 36362.3356379685; 35282.64; 4160.7
746; 0.0829803779831148; 36585.1701373995; 35543.95; 4170.26
747; 0.0776780024079379; 36750.0964013666; 35776.2; 4165.32
748; 0.0733720496014061; 36944.9414299318; 36018.91; 4191.6
749; 0.0721522398123866; 36993.7694747889; 36058.63; 4303.18
750; 0.0702953794237852; 36993.0628775268; 36077.01; 4325.62
751; 0.0709599336523225; 36911.6326332165; 35972.11; 4394.76
752; 0.0701463533417965; 36640.246446593; 35724.03; 4335.18
753; 0.0730936976423726; 36422.0610368304; 35464.2; 4349.34
754; 0.0746474430260589; 35911.5681432605; 34948.18; 4283.12
755; 0.0790650197750464; 35536.1891703231; 34532.21; 4213.14
756; 0.0751255932692193; 34897.1829177489; 33962.17; 4128.32
757; 0.0741399982214593; 34491.6848329061; 33587.64; 4043.01
758; 0.0718484493817697; 33842.3042267962; 32986.28; 3948.75
759; 0.0679135752962733; 33435.7579598935; 32637.24; 3895.07
760; 0.0678112371945889; 33058.5472952411; 32259.49; 3901.75
761; 0.070777374403578; 32495.7327711638; 31671.34; 3854.95
762; 0.0718715068392075; 32157.8666262142; 31326.86; 3824.92
763; 0.072185126851342; 31683.4378596715; 30858.15; 3780.55
764; 0.0749570652247639; 31396.409494033; 30552.62; 3720.96
765; 0.0698679876278804; 30917.3808412703; 30138.48; 3684.65
766; 0.070059065183112; 30646.3394034165; 29870.46; 3660
767; 0.0701643282371068; 30220.1169424452; 29455.42; 3601.95
768; 0.0703706195852545; 29958.3793771641; 29204.38; 3541.26
769; 0.0668933864244858; 29558.9594843019; 28843.31; 3535.64
770; 0.0660492797815483; 29313.0289754928; 28611.77; 3508.6
771; 0.0648599443631551; 28973.3569509137; 28287.46; 3493.24
772; 0.0653395567705296; 28736.7547247973; 28045.07; 3495.43
773; 0.0652617355152473; 28395.6220694472; 27721.45; 3409.49
774; 0.0629980293395515; 28134.4795446929; 27494.01; 3353.85
775; 0.0634144311542545; 27806.0589632512; 27168.28; 3316.68
776; 0.0640247941503122; 27582.5701982347; 26952.81; 3242.53
777; 0.0614322716655648; 27249.0528200812; 26651.39; 3206.32
778; 0.0569098843765994; 27020.201135248; 26475.12; 3155.71
779; 0.054715278241775; 26708.6145576365; 26196.88; 3080.8
780; 0.0573532881159868; 26521.4222761943; 25989.04; 3056.91
781; 0.0626303145079323; 26279.2388230865; 25702.91; 3029.75
782; 0.0597404385742895; 26106.7169698283; 25564.84; 2985.68
783; 0.0648554669616088; 25849.5769636281; 25265.45; 2963.98
784; 0.0731989042109001; 25712.4185538233; 25057.13; 2945.32
785; 0.07865152396638; 25463.6576945948; 24774.1; 2883.66
786; 0.0838467217295683; 25332.4101883461; 24595.43; 2890.19
787; 0.0838501216835786; 25049.6250067964; 24317.46; 2870.28
788; 0.0843304503208279; 24886.5534733575; 24145.77; 2886.61
789; 0.0881887283295853; 24624.3522607848; 23839.99; 2921.87
790; 0.0857193147665862; 24445.290878353; 23681.33; 2927.02
791; 0.0857013317226304; 24205.151084154; 23459.54; 2856.59
792; 0.0801241683804401; 24012.212870968; 23322.97; 2823.81
793; 0.079087927491133; 23721.1513337405; 23037.1; 2838.72
794; 0.0794974010111459; 23552.5374152786; 22868.76; 2822.52
795; 0.0892870415101079; 23380.6464091545; 22607.09; 2842.83
796; 0.0945197364587142; 23166.3686310217; 22354.82; 2817.16
797; 0.0984111891721566; 23007.647240754; 22177.05; 2769.18
798; 0.102204071232604; 22814.1888681182; 21947.57; 2781.96
799; 0.101777693310599; 22647.8312428916; 21776.97; 2806.93
800; 0.10113334015443; 22456.9183252743; 21599.88; 2779.62
801; 0.105409724245465; 22320.1181832791; 21427.25; 2777.37
802; 0.102804360478917; 22090.7442458189; 21246.22; 2692.62
803; 0.0964669563364138; 21902.7907516391; 21118.69; 2663.1
804; 0.0939694106403111; 21708.4263549415; 20955.5; 2624.18
805; 0.0937955017643877; 21550.2759098484; 20811.88; 2577.65
806; 0.092930531121337; 21306.4401434255; 20577.48; 2567.74
807; 0.0959825279927772; 21179.6830117894; 20444.88; 2505.62
808; 0.102135102196477; 21002.9813227305; 20233.34; 2465.85
809; 0.099918092306967; 20856.9131493051; 20117.91; 2419.76
810; 0.0994437274753; 20669.9421972867; 19941.99; 2394.41
811; 0.0974263825608744; 20553.1546931989; 19840.25; 2392.78
812; 0.100375729649261; 20360.6572065953; 19616.34; 2424.03
813; 0.0986920200648658; 20242.0020055153; 19507.44; 2432.37
814; 0.0995062021308116; 20107.1264850061; 19384.56; 2372.31
815; 0.103005913483652; 20009.8132196586; 19269.86; 2346.4
816; 0.0997340765838571; 19813.4788894831; 19099.36; 2338.24
817; 0.103808128151242; 19649.8930492978; 18911.16; 2323.53
818; 0.106657695430755; 19532.3870352747; 18779.83; 2303.4
819; 0.104351491644694; 19309.9516028538; 18588.73; 2255.84
820; 0.101324200103612; 19155.0826520702; 18471.08; 2202.85
821; 0.100217162905259; 18968.3674264166; 18304.05; 2162.46
822; 0.0957239417274471; 18848.1156270762; 18214.57; 2158.47
823; 0.0986012750816392; 18715.7189342398; 18072.01; 2128.55
824; 0.0996507049938869; 18596.1987054528; 17950.02; 2113.67
825; 0.107115075276466; 18508.5076548838; 17823.05; 2085.84
826; 0.110043256014846; 18429.1928710462; 17718.64; 2104.67
827; 0.119251011274235; 18324.8915741249; 17567.1; 2071.48
828; 0.121420983081282; 18230.2945720697; 17446.36; 2104.85
829; 0.127157778998658; 18122.6688143797; 17319.63; 2058.67
830; 0.123287992862399; 17942.0610476944; 17167.7; 2047.33
831; 0.121019241409905; 17834.1843922633; 17070.99; 2054.64
832; 0.11265404022276; 17651.0121350385; 16949.8; 2026.97
833; 0.109869574825204; 17537.1866879786; 16862.72; 1998.1
834; 0.102102991626217; 17369.6325350594; 16745.5; 1988.73
835; 0.10342184893487; 17286.7267302373; 16665.86; 1952.59
836; 0.108978789488104; 17171.3029513973; 16511.91; 1967.5
837; 0.107015080456726; 17070.2576487996; 16426.18; 1957.32
838; 0.110585312023628; 16948.8311895597; 16291.25; 1934.09
839; 0.111599113986878; 16802.0032647332; 16142.26; 1924.19
840; 0.11314777363811; 16724.2452409192; 16052.59; 1932.12
841; 0.117170573787369; 16625.5427285454; 15937.23; 1914.22
842; 0.121393808902328; 16549.7103598028; 15840.72; 1902.7
843; 0.126407240126966; 16457.1190189113; 15720.73; 1897.36
844; 0.128249391420125; 16366.806120625; 15632.51; 1864.37
845; 0.13295783995597; 16221.4181538312; 15468.07; 1844.53
846; 0.136339886263858; 16145.9178720431; 15382.36; 1822.74
847; 0.145814816959392; 16076.4372403376; 15250.27; 1843.57
848; 0.148040530167561; 15947.3245894218; 15118.86; 1820.49
849; 0.147403571347282; 15864.8583816783; 15039.5; 1821.03
850; 0.138265908552861; 15666.3578557269; 14899.55; 1803.19
851; 0.1398015214896; 15570.2149294091; 14798.65; 1794.04
852; 0.138455967014495; 15425.2921942148; 14672.91; 1765.98
853; 0.133954472393979; 15325.1256914881; 14599.06; 1761.08
854; 0.130821694772455; 15133.8677604237; 14426.29; 1756.88
855; 0.130139695024173; 14941.8459993812; 14252.44; 1720.34
856; 0.132760713057535; 14833.839617013; 14145.41; 1683.66
857; 0.140543947679812; 14704.4540408188; 13982.24; 1668.09
858; 0.141818526386501; 14600.845078395; 13875.99; 1658.82
859; 0.140450282542459; 14438.9805166098; 13730.38; 1637.1
860; 0.152326643712036; 14365.4606689097; 13604.73; 1620.14
861; 0.164657468731413; 14256.3125031801; 13458.69; 1571.19
862; 0.166903588537579; 14107.7560824337; 13294.88; 1579.38
863; 0.17384078597573; 14008.304425949; 13172.94; 1558
864; 0.170948524015685; 13814.7432416971; 12984.52; 1574.25
865; 0.17772575682607; 13724.419338741; 12852.86; 1589.3
866; 0.186444638126603; 13549.6558826581; 12661.71; 1543.16
867; 0.177087185489481; 13303.0403158785; 12478.66; 1508.05
868; 0.168356726563028; 13119.3750316154; 12339.72; 1499.9
869; 0.172699769788427; 12913.414938449; 12143.73; 1443.2
870; 0.17393797249676; 12776.5485783353; 12003.74; 1438.46
871; 0.17363887010958; 12520.610221772; 11795.11; 1352.42
872; 0.171860686620745; 12340.0807800764; 11621.28; 1353.53
873; 0.169184700160479; 12074.0996010577; 11391.77; 1304.92
874; 0.170743850730383; 11847.4031284358; 11157.91; 1306.28
875; 0.175297870270639; 11683.7967365488; 10988.42; 1282.95
876; 0.171928204444252; 11447.1056393736; 10764.51; 1283.8
877; 0.169864528322813; 11283.5604633321; 10619.45; 1263.96
878; 0.172460355409108; 11088.6375094885; 10426.64; 1240.69
879; 0.175461270969727; 10935.0349924097; 10281.91; 1202.89
880; 0.175792306008909; 10841.8825745791; 10176.64; 1222.66
881; 0.173699475230944; 10708.1298952187; 10049.07; 1225.61
882; 0.174606121012433; 10634.6622117153; 9964.16; 1240.17
883; 0.186408415628461; 10575.5381264885; 9871.87; 1218.87
884; 0.190740742020991; 10485.8236382082; 9759.58; 1229.16
885; 0.191552861940574; 10434.6260989099; 9705.01; 1229.35
886; 0.186054969450414; 10326.3361020845; 9624.7; 1216.9
887; 0.187274286723472; 10272.8160887474; 9581.9; 1190.31
888; 0.19107765085969; 10190.6397762763; 9500.49; 1165.17
889; 0.18998184412909; 10126.8384857493; 9458.44; 1134.77
890; 0.186338772981802; 10102.7955198084; 9437.48; 1151.43
891; 0.184331224504519; 10069.6231904153; 9410.91; 1152.23
892; 0.174927471750312; 10069.3670526536; 9440.9; 1158.23
893; 0.182436178821289; 10124.2699936539; 9456.13; 1180.51
894; 0.19215551892067; 10242.546799211; 9516.2; 1218.24
895; 0.190342040740321; 10319.3535837486; 9601.35; 1215.52
896; 0.198540000806788; 10493.1757715882; 9716.85; 1259.78
897; 0.204159246871389; 10603.4435966694; 9809.8; 1252.27
898; 0.201599973399582; 10785.5405816157; 10009.86; 1239.26
899; 0.209119430359223; 11012.1242484988; 10218.36; 1222.35
900; 0.211823686780926; 11141.5996043774; 10337.8; 1221.8
901; 0.204129398785219; 11268.9452951827; 10488.16; 1231.39
902; 0.203566718969694; 11393.2103514884; 10593.25; 1264.91
903; 0.204510891861105; 11446.9698329897; 10645.88; 1260.64
904; 0.202937083204015; 11483.6047387745; 10679.41; 1275.13
905; 0.201828889621497; 11439.7494031928; 10655.26; 1250.55
906; 0.21347995857038; 11372.1424329506; 10541.38; 1251.83
907; 0.202809782841441; 11198.5593834291; 10411.05; 1248.88
908; 0.204034197181776; 11078.5030001606; 10286.47; 1248.31
909; 0.200486722948988; 10841.8985381737; 10069.8; 1238.26
910; 0.196250500645097; 10547.6281942052; 9823.06; 1186.92
911; 0.197322566355392; 10340.7670728731; 9629.07; 1159.31
912; 0.20270347029367; 10008.1514076855; 9285.22; 1146.16
913; 0.204018588923482; 9762.7216800727; 9042.21; 1134.81
914; 0.202258954539012; 9371.6235002819; 8674.98; 1106.58
915; 0.203711351910984; 9010.8858256951; 8362.8; 1021.94
916; 0.201536279885855; 8755.87977580803; 8140.9; 980.04
917; 0.208079014482873; 8416.54175663373; 7802.17; 948.16
918; 0.203755843437322; 8078.08157570802; 7504.64; 903.62
919; 0.202433373374672; 7866.13778470183; 7335.11; 842.14
920; 0.193111078613585; 7559.33633728634; 7076.67; 802.29
921; 0.205749682555552; 7312.39507642796; 6827.49; 756.4
922; 0.207671627711353; 7135.55726261295; 6642.23; 762.34
923; 0.209153680926097; 6859.54134597513; 6379.21; 736.9
924; 0.206566275893372; 6683.37891702395; 6235.64; 695.41
925; 0.217309514933386; 6439.59221203053; 5975.99; 684.36
926; 0.230073008598548; 6209.01877544617; 5733.56; 662.86
927; 0.239925330479009; 6057.35833567032; 5578.53; 640.06
928; 0.240442014196347; 5805.50815255518; 5344.84; 614.38
929; 0.246579799465377; 5539.89940208037; 5096.11; 577.06
930; 0.256752379233539; 5371.52050000512; 4916.24; 568.49
931; 0.275676309752301; 5079.24528492825; 4622.43; 531.18
932; 0.281322196049803; 4735.29954991418; 4320.37; 472.73
933; 0.277431853809471; 4472.36920454274; 4082.87; 449.92
934; 0.270462922285749; 4050.34794072543; 3709.57; 403.73
935; 0.254893737715927; 3579.50104650712; 3289.86; 364.07
936; 0.244673485437989; 3273.87793779225; 3013.38; 341.07
937; 0.229461627684078; 2810.57383100908; 2607.66; 283.25
938; 0.212945035706684; 2387.01859433591; 2217.03; 255.66
939; 0.195735962331069; 2134.55823077931; 1987.35; 240.84
940; 0.204377134610993; 1836.40626465528; 1708.3; 200.7
941; 0.232132113718804; 1612.72437359984; 1492.92; 165.23
942; 0.227381545825352; 1507.18131794581; 1401.15; 149.27
943; 0.231033722806418; 1395.80308949914; 1302.09; 129.83
944; 0.258649571044068; 1358.37499228836; 1262.49; 118.64
945; 0.216875362520883; 1342.59431937948; 1262.09; 118.78
946; 0.231203000821682; 1364.93619877064; 1273.61; 126.38
947; 0.208416572605777; 1408.67828995159; 1321.41; 133.95
948; 0.195863990233676; 1447.59193142226; 1363.71; 136.99
949; 0.231236523043549; 1531.548639867; 1428.21; 142.93
950; 0.231136560363815; 1628.80985916562; 1513.54; 159.48
951; 0.220531561482875; 1685.55052908771; 1560.05; 181.96
952; 0.21547229027595; 1778.19168894817; 1643.42; 199.97
953; 0.227667987001516; 1880.34481057514; 1744.87; 190.22
954; 0.223131508311032; 1945.24580748424; 1804.25; 201.97
955; 0.221706181558864; 2039.28068184538; 1886.52; 220.2
956; 0.214650894609433; 2129.50694964819; 1973.27; 232.59
957; 0.22409812758199; 2184.30755274769; 2017.89; 237.27
958; 0.231481314267688; 2261.93372957295; 2093.11; 233
959; 0.248890619523914; 2340.47668485681; 2164.83; 225.43
960; 0.240881921963226; 2376.46852938834; 2197.28; 237.59
961; 0.243314368076799; 2432.35919132125; 2240.09; 252.36
962; 0.253080148154521; 2483.44562884358; 2283.29; 252.54
963; 0.273712485422194; 2517.53447305807; 2296.84; 257.43
964; 0.260998400858148; 2542.0702401147; 2337.1; 250.71
965; 0.229460893830051; 2544.58711377562; 2355.82; 262.59
966; 0.226215565481782; 2561.555723959; 2365.12; 277.15
967; 0.226802695957138; 2574.55065734976; 2373.35; 283.1
968; 0.236804354745079; 2585.55050592824; 2376.54; 281.63
969; 0.234917636824125; 2583.83136165581; 2370.7; 289.46
970; 0.222853738734477; 2575.08521153716; 2366.85; 298.08
971; 0.22478488834168; 2567.39548106386; 2360.21; 293.99
972; 0.226497793380559; 2562.62284570232; 2353.17; 294.93
973; 0.229027430905444; 2555.73187251134; 2347.33; 290.17
974; 0.222887958948511; 2534.65368686911; 2331.79; 290.21
975; 0.202383999075834; 2504.15505685258; 2324.88; 282.41
976; 0.198131889111154; 2490.09831664046; 2322.23; 270.08
977; 0.173561185832636; 2456.26658940748; 2313.59; 262.02
978; 0.183434631552622; 2437.96085049131; 2288.88; 259.01
979; 0.195123496131007; 2417.11445891455; 2262.7; 252.18
980; 0.194762054424823; 2395.48080786319; 2245.69; 245.05
981; 0.189098568631236; 2360.6984992139; 2220.96; 235.42
982; 0.194252074163735; 2329.75712027426; 2183.47; 239.89
983; 0.214056909766414; 2308.24691284629; 2140.37; 249.79
984; 0.230081079688684; 2284.72600457063; 2104.59; 249.33
985; 0.229151222943277; 2245.93230392646; 2072.4; 241.14
986; 0.245029122138903; 2213.76858141045; 2037.13; 229.52
987; 0.246483286712219; 2192.90040000866; 2018.37; 225.42
988; 0.243433457451758; 2152.72950321872; 1985.88; 218.17
989; 0.265954925698748; 2115.07937504768; 1950.05; 197.49
990; 0.255045041052668; 2090.20649903043; 1942.59; 184.19
991; 0.281762580067224; 2053.21780994481; 1902.07; 170.69
992; 0.27157674982305; 2013.54943213056; 1866.89; 171.81
993; 0.27196434649087; 1971.19883340291; 1826.88; 168.81
994; 0.254962071553831; 1937.62968448399; 1801.55; 169.77
995; 0.303618554668182; 1905.11582336582; 1753.79; 158.52
996; 0.283892342558899; 1857.64866299208; 1712.27; 162.85
997; 0.266025370196008; 1808.05565183832; 1669.42; 165.71
998; 0.23873458599253; 1778.17338248538; 1649.52; 171.34
999; 0.243116602107818; 1738.82003072504; 1609.99; 168.46
1000; 0.282755280246804; 1712.53718426976; 1572.97; 156.9
1001; 0.313259077284153; 1692.37682869409; 1537.56; 157.08
1002; 0.26504224319947; 1645.76918867809; 1507.6; 165.67
1003; 0.275303777915808; 1615.03776773713; 1483.4; 151.94
1004; 0.268693703229791; 1573.60341792645; 1452.09; 143.69
1005; 0.289402946870412; 1548.33605495694; 1426.54; 133.7
1006; 0.302356406820468; 1506.75800525724; 1392.69; 119.84
1007; 0.25292584184111; 1461.7055188104; 1360.28; 127.37
1008; 0.244242442358315; 1423.7075510849; 1330.15; 121.65
1009; 0.217685448473611; 1385.67267182356; 1305.09; 117.55
1010; 0.203961980969242; 1354.61885189111; 1276.43; 121.72
1011; 0.215538872309467; 1321.27655682284; 1247.08; 109.29
1012; 0.229819971463008; 1291.26961525323; 1226.3; 89.74
1013; 0.208821906975493; 1267.01134167055; 1203.11; 97.13
1014; 0.178429262311432; 1230.5644732896; 1183.93; 82.95
1015; 0.169579317120194; 1204.29222272021; 1162.61; 78
1016; 0.186936803520054; 1182.96540951693; 1136.04; 79.65
1017; 0.186944310481363; 1161.10352183284; 1118.19; 72.83
1018; 0.166080638836315; 1128.09286130862; 1089.33; 74.04
1019; 0.116666542899348; 1087.42588643934; 1053.08; 93.38
1020; 0.0969365186657976; 1057.61784746161; 1031.33; 86.01
1021; 0.0786319963378267; 1033.84707653229; 1012.25; 87.1
1022; 0.0734221575485018; 1003.50322950972; 982.3; 91.57
1023; 0.0912694644504455; 979.85837781265; 955.81; 83.54
1024; 0.0939805751009956; 956.611210100593; 931.76; 83.83
1025; 0.116955176716838; 944.379925650836; 909.97; 93.26
1026; 0.144057410849459; 931.472713112437; 889.93; 91.4
1027; 0.172191422843404; 913.856963967999; 860.61; 98
1028; 0.199458150497309; 896.10255710771; 835.58; 96.15
1029; 0.205770654736192; 878.078998318065; 814.05; 98.59
1030; 0.20081593324027; 856.8184010116; 791.84; 102.51
1031; 0.221178331707254; 838.523607682711; 762.89; 108.32
1032; 0.24179431256792; 823.855401360714; 750.5; 96.09
1033; 0.223632754291428; 795.31889967653; 735.82; 84.26
1034; 0.222527648429574; 782.258555445779; 719.26; 89.65
1035; 0.261408029006782; 767.985870417628; 702.41; 79.43
1036; 0.287121821987927; 749.937001422579; 683; 73.81
1037; 0.24780658667994; 725.291083171651; 662.23; 80.56
1038; 0.294276980108883; 720.575846552735; 654.69; 70.87
1039; 0.254910762943565; 672.350073344637; 573.11; 123.22
1040; 0.118293762031743; 618.554266391928; 578.24; 107.85
1041; 1.30807683893251; 779.853810621789; 598.75; 43.81
