# 06/03/2019 11:22:44
# NanoCalc data
# Original file name: C:\SVA_DATA\StudentProjects\2018_Nathan\PIswelling\PIslowslow_16.dat
# Fit Result : Fitness; Thickness 1; Thickness 2; Thickness 3 
# Fit Result : 1.17242502918653; 2; 317.7; -1
# comment:PI id:353 Slowslow swelling start 11:22
#
# WaveLength; Reflectance; Raw Intensity; Dark Intensity; Reference Intensity
400; 0.30412163467372; 4306.46708836868; 3854.36; 720.85
401; 0.312122069937584; 4455.42773383185; 3985.6; 726.75
402; 0.322094584618778; 4564.27029233449; 4083.71; 717.18
403; 0.32748194363647; 4676.73371867071; 4177.83; 729.27
404; 0.33155219336641; 4802.57249372747; 4266.9; 770.15
405; 0.364355145104806; 5010.78649485542; 4419.01; 771.21
406; 0.361979395990945; 5130.04815745652; 4538.57; 772.84
407; 0.357769628322612; 5250.25335318762; 4650.31; 790.01
408; 0.368534108363003; 5377.34146935058; 4747.36; 802.14
409; 0.376467531753757; 5494.7955537678; 4845.27; 806.6
410; 0.380365713354705; 5675.49584459412; 4970.83; 862.87
411; 0.379974291421359; 5780.38958106299; 5045.16; 898.04
412; 0.382009956118985; 5866.56687541812; 5134.48; 886.28
413; 0.379613895535283; 5955.9236902008; 5205.72; 910.9
414; 0.379884553341023; 6105.40418667247; 5316.37; 954.15
415; 0.388749195379395; 6206.64233723918; 5386.19; 966.33
416; 0.387764728619786; 6294.65579750058; 5457.07; 985.72
417; 0.393982011702412; 6395.63693910677; 5520.71; 1010.06
418; 0.39942892384701; 6531.32462348559; 5645.41; 1005.43
419; 0.394373811705182; 6622.98865821023; 5742.25; 1009.35
420; 0.389118482537081; 6729.85291874001; 5841.72; 1028.49
421; 0.386269461648526; 6850.73317505638; 5953.97; 1043.09
422; 0.386651956143212; 7024.5574746697; 6112.25; 1057.02
423; 0.384818895660237; 7140.38589623824; 6213.11; 1076.28
424; 0.374932611686006; 7277.64809922407; 6341.27; 1112.19
425; 0.37370500529452; 7420.01446261843; 6476.56; 1121.22
426; 0.365584228199197; 7651.5440777945; 6672.57; 1186.04
427; 0.37119513649065; 7821.22051336996; 6816.49; 1195.56
428; 0.371842472390769; 7984.61790016978; 6935.77; 1242.47
429; 0.379674542842167; 8136.82618461665; 7065.26; 1240.13
430; 0.388646232438524; 8375.09063216466; 7250.62; 1268.14
431; 0.38621537819665; 8535.34558756311; 7391.86; 1294.51
432; 0.381169944532626; 8649.95878060937; 7498.99; 1316.94
433; 0.383825683172821; 8776.51155614893; 7596.6; 1337.5
434; 0.383343020020747; 8938.1155252736; 7741.1; 1355.32
435; 0.379993527945271; 9046.49118945103; 7839.02; 1376.23
436; 0.37535058385392; 9140.6581979215; 7932.9; 1390.56
437; 0.370611669481617; 9250.4264500304; 8022.45; 1428.62
438; 0.374157606942601; 9442.16011874152; 8192.53; 1436.7
439; 0.375748865460276; 9543.26761670148; 8266.28; 1458.6
440; 0.379323013618563; 9659.37697500748; 8353.7; 1473.93
441; 0.382420085995951; 9775.37804457578; 8471.61; 1456.61
442; 0.38496322287317; 9984.25171574487; 8631.22; 1498.28
443; 0.385069595708948; 10120.2401219803; 8745.18; 1518.91
444; 0.387075587962777; 10282.7112614008; 8868.1; 1551.1
445; 0.391296334557172; 10413.8100745164; 8992.88; 1537.75
446; 0.394011730946986; 10616.7872321469; 9180.96; 1539.64
447; 0.387277886719559; 10804.2471434963; 9336.15; 1598.18
448; 0.391435797349897; 11003.6777337303; 9503.28; 1612.48
449; 0.393175378944275; 11309.2347837471; 9759.68; 1654.44
450; 0.397006487716467; 11526.5385644574; 9952.86; 1660.42
451; 0.394490072426578; 11722.0089117183; 10135.12; 1681.65
452; 0.39741338748213; 11921.7761594558; 10315.84; 1685.87
453; 0.396085743450364; 12286.1025127939; 10632.34; 1738.46
454; 0.38950728774079; 12544.3802084842; 10871.13; 1785.11
455; 0.390355910699718; 12793.3097741084; 11090.19; 1809.49
456; 0.387069182973427; 13055.8310359439; 11336.98; 1838.14
457; 0.38302349113886; 13447.7723374547; 11703.49; 1881.48
458; 0.381189710668589; 13732.8571783339; 11962.1; 1915.55
459; 0.380911242523468; 13988.5638506716; 12166.46; 1968.86
460; 0.379370557155664; 14273.9706501161; 12419.21; 2008.52
461; 0.378537803814274; 14635.4435519125; 12764.35; 2026.89
462; 0.379960728352023; 14866.3788575363; 12966.47; 2046.57
463; 0.382091233946353; 15090.8709116697; 13151.39; 2073.78
464; 0.378358181406093; 15458.8705356318; 13494.02; 2117.77
465; 0.37448151591248; 15715.8989894463; 13718.51; 2171.37
466; 0.371595477390723; 15974.1144215606; 13951.52; 2211.96
467; 0.367851558425117; 16252.2833845763; 14196.36; 2267.48
468; 0.367635268790615; 16806.1033006778; 14670.32; 2352.97
469; 0.365758005547055; 17168.1944671324; 14971.26; 2428.75
470; 0.360783191072569; 17530.3175207613; 15302.08; 2493.24
471; 0.355856071444313; 17984.3946920912; 15703.48; 2583.28
472; 0.360590393396389; 18716.9822975939; 16286.71; 2711.89
473; 0.35525240056255; 19181.4382936933; 16704.77; 2800.68
474; 0.357258678831654; 19730.0665792091; 17202.51; 2837.59
475; 0.354991444218847; 20637.1349099165; 18016.84; 2955.76
476; 0.350672199713609; 21236.081054674; 18568.46; 3041.26
477; 0.351930785926149; 21863.9519074559; 19133.22; 3097.15
478; 0.352616663702114; 22657.9613606208; 19813.99; 3214.11
479; 0.348512469455199; 23780.5783281537; 20817.86; 3382.47
480; 0.34204745990086; 24537.4864428933; 21534.12; 3488.23
481; 0.337672779575189; 25300.3107247328; 22257.23; 3574.77
482; 0.332186649833136; 26449.7656235574; 23325.31; 3725.36
483; 0.332108775156904; 27234.8999122997; 24015.92; 3833.33
484; 0.328499990711326; 28000.8796634709; 24699.09; 3969.2
485; 0.318345884950686; 28731.6247438777; 25415.08; 4107.94
486; 0.315146506605094; 29770.0887010577; 26380.84; 4234.14
487; 0.314654307532455; 30426.6963030979; 26980.79; 4305.15
488; 0.31047181908023; 31060.9492198095; 27586.14; 4393.08
489; 0.308676094833593; 31655.3065795838; 28142.46; 4460.62
490; 0.304693363869085; 32510.403002425; 28938.42; 4588.41
491; 0.301108724478755; 33021.7927383975; 29443.48; 4645.2
492; 0.301523148204566; 33506.1949029342; 29900.14; 4668.67
493; 0.298475873848486; 34145.7069836701; 30557.41; 4687.17
494; 0.293428873815936; 34533.3016177208; 30960.33; 4741.51
495; 0.289572447839279; 34910.9392530217; 31346.74; 4786.87
496; 0.286534176353028; 35433.7331769651; 31887.25; 4807.66
497; 0.283421285402873; 35777.4980427572; 32230.59; 4855.05
498; 0.281108636956997; 36093.265632891; 32561.18; 4868.51
499; 0.280474610989834; 36470.2848136836; 32899.81; 4926.32
500; 0.271979776729982; 36916.4914783608; 33398.19; 4999.73
501; 0.275112469820034; 37276.3209588144; 33710.56; 5003
502; 0.271949286394861; 37622.9822956767; 34042.83; 5074.92
503; 0.268704090940021; 38099.3490645273; 34514.42; 5136.5
504; 0.265332942528923; 38481.6310535596; 34900.59; 5189.47
505; 0.263627690449799; 38881.9374547428; 35295.13; 5225.22
506; 0.261356156484767; 39283.0038941472; 35692.76; 5269.39
507; 0.259490819859481; 39866.1292587993; 36254.46; 5332.8
508; 0.255350288350439; 40230.4371502796; 36587.86; 5459.35
509; 0.252923863553495; 40626.1750766346; 36997.2; 5485.06
510; 0.24922666068225; 41241.6556833767; 37643.04; 5513.6
511; 0.243789706904057; 41671.0352893836; 38097.82; 5590.42
512; 0.242333819464316; 42098.2038266333; 38503.77; 5650.96
513; 0.237370534463312; 42663.9698126924; 39070.86; 5760.55
514; 0.233513560462146; 43050.4266016364; 39482.84; 5807.45
515; 0.231616562914785; 43476.0460931828; 39895.49; 5869.7
516; 0.229644858309489; 43882.199426308; 40324.14; 5876.14
517; 0.227112106173764; 44551.664452467; 40949.65; 6008.14
518; 0.226256618479004; 44986.8692372841; 41302.36; 6162
519; 0.227372998073417; 45420.5450114471; 41667.33; 6239
520; 0.226936167142285; 46068.739089849; 42261.46; 6334
521; 0.227142965775934; 46501.7298445477; 42653.92; 6388.78
522; 0.224035497374558; 46905.0142366656; 43048.19; 6485.63
523; 0.218125120275602; 47453.7048243973; 43676.28; 6517.4
524; 0.216754893869183; 47876.489245487; 44062.51; 6615.12
525; 0.216872547712058; 48279.6002861373; 44445.36; 6639.83
526; 0.214464035187832; 48820.0945969605; 45025.6; 6637.96
527; 0.21070087868912; 49134.1211996993; 45380.58; 6677.03
528; 0.211824361994695; 49486.3997848837; 45687.52; 6715.06
529; 0.208929828875718; 49728.5641203566; 45960.42; 6746.35
530; 0.209286343896518; 50107.8056780799; 46308.54; 6783.94
531; 0.207135559125969; 50303.7448061414; 46521.33; 6817.73
532; 0.207710682506228; 50513.6503232534; 46743.21; 6771.11
533; 0.202407170447878; 50718.3546580258; 47023.3; 6803.34
534; 0.197846555620504; 50813.0805760963; 47184.78; 6828.13
535; 0.197337270210167; 50978.8561034463; 47355.85; 6828.6
536; 0.190976898536222; 51136.8733426592; 47620.21; 6841.89
537; 0.186525387793692; 51258.4828836158; 47820.9; 6840.27
538; 0.183187985963532; 51401.9592848392; 48015.37; 6854.16
539; 0.182222354907781; 51687.9291277783; 48327.27; 6830.84
540; 0.180420609258262; 51827.6786895098; 48482.08; 6861.21
541; 0.178311416755198; 51999.8621993433; 48678.04; 6887.29
542; 0.177594532889704; 52326.5866510254; 49016.37; 6885.18
543; 0.176224523180764; 52531.4534633357; 49216.43; 6943.33
544; 0.174389909898062; 52742.9416992156; 49448.15; 6968.07
545; 0.173647704177557; 53147.3052410971; 49847.83; 7002.1
546; 0.173864316086927; 53404.6462506344; 50082.68; 7035.31
547; 0.171728237425355; 53655.2554060407; 50337.31; 7108.03
548; 0.166974171905165; 54070.7172619065; 50827.53; 7139.67
549; 0.166007927429155; 54339.4355490893; 51105.64; 7154.2
550; 0.164105743423153; 54624.1710966344; 51394.15; 7222.56
551; 0.161173358985225; 54921.1309203202; 51751.08; 7211.31
552; 0.160957130731088; 55398.1667251403; 52223.98; 7224.28
553; 0.159349199326976; 55668.1212596528; 52501.9; 7272.86
554; 0.157875852600873; 55936.3944741527; 52772.9; 7328.16
555; 0.152159767634622; 56304.5932745176; 53239.39; 7360.92
556; 0.152025440042715; 56619.9343136623; 53536.31; 7405.17
557; 0.152782520351604; 56971.9802286747; 53848.91; 7456.34
558; 0.148342359293437; 57451.8778147184; 54409.22; 7475.37
559; 0.146843439710795; 57808.8047435117; 54757.43; 7566.8
560; 0.144297132634724; 58150.0633213979; 55133.58; 7605.72
561; 0.142727987001681; 58830.7941657418; 55812.27; 7688.1
562; 0.139659543716884; 59335.0650454806; 56365.63; 7722.56
563; 0.137444303984229; 59844.5386563307; 56875.89; 7838.57
564; 0.137190511506332; 60711.490051443; 57717.65; 7913.26
565; 0.136720730346728; 61240.6667252848; 58242.66; 7945.65
566; 0.136147198736012; 61726.513294813; 58702.52; 8042.35
567; 0.133470660395284; 62325.3505450417; 59350.08; 8065.92
568; 0.131263613118236; 62653.0340665457; 59726.5; 8061.66
569; 0.128656489407215; 62837.0056079785; 59972.48; 8045
570; 0.128954474072009; 62967.2580162997; 60078.28; 8089.14
571; 0.129608200878186; 62994.6264737665; 60110.31; 8029.17
572; 0.128982878123443; 62892.1566877467; 60034.61; 7986.84
573; 0.125318094042199; 62591.1036875645; 59836.69; 7917.39
574; 0.123179793276699; 62355.896219299; 59666.57; 7857.99
575; 0.120604449649543; 62009.2352733318; 59389.9; 7810.65
576; 0.122419899951601; 61862.8259850599; 59206.26; 7798.14
577; 0.122122061559882; 61680.4909490428; 59038.27; 7768.91
578; 0.121490945027015; 61440.0866887484; 58845.98; 7661.1
579; 0.121516970744417; 61302.2264571716; 58714.81; 7633.96
580; 0.122625035280717; 61179.4582626654; 58552.61; 7674.48
581; 0.122280639717497; 61024.1178605476; 58397.54; 7689.91
582; 0.123326751853113; 60950.1281874008; 58313.45; 7648.63
583; 0.12622657554224; 60928.202354695; 58250.26; 7584.74
584; 0.126330965416051; 60813.7075255714; 58147.02; 7541.72
585; 0.126003515813957; 60758.5391899916; 58099.9; 7533.6
586; 0.129375249276775; 60715.480482478; 57970.68; 7570.12
587; 0.132404285570738; 60660.9792341856; 57840.8; 7595.33
588; 0.133331773483817; 60606.2711809296; 57794.5; 7515.31
589; 0.1370770286719; 60593.6337279334; 57715.84; 7477.14
590; 0.141280620597602; 60609.6306331263; 57668.65; 7409.31
591; 0.142848341703077; 60587.5605455291; 57609.86; 7414.83
592; 0.139366929376764; 60575.8903099402; 57660.39; 7436.62
593; 0.139002144708252; 60631.8845068088; 57691.3; 7515.55
594; 0.137257289951507; 60724.3234570597; 57857.39; 7415.78
595; 0.137043029805244; 60966.9999128191; 58098.84; 7425.86
596; 0.134891111143305; 61159.4864136667; 58297.75; 7522.67
597; 0.135166315581376; 61426.0919547762; 58525.37; 7604.81
598; 0.134193952929878; 61922.7293087418; 59022.55; 7653.63
599; 0.133374628980594; 62344.3051323326; 59424.96; 7746.62
600; 0.137149932226038; 62883.634196047; 59833.61; 7865.6
601; 0.139532430890706; 63764.5787266075; 60613.83; 7981.54
602; 0.139507992671863; 64375.7198346387; 61165.89; 8127.68
603; 0.139991629972836; 64952.4471834599; 61696.52; 8210.69
604; 0.139529468571432; 65795.4792128045; 62521.1; 8279.29
605; 0.136119407104698; 66318.536109621; 63100.41; 8335.81
606; 0.134989397276675; 66894.2499282079; 63663.49; 8433.43
607; 0.135373449213398; 67630.1221238643; 64323.42; 8601.91
608; 0.135836253965482; 67989.8766593536; 64658.21; 8632.03
609; 0.136363674406973; 68409.953589879; 65073.97; 8604.5
610; 0.136413449114583; 68527.5333367871; 65172.71; 8644.62
611; 0.133732986158537; 68578.8294870678; 65272.37; 8685.66
612; 0.133149534317591; 68597.3836229092; 65299.8; 8694.94
613; 0.134490847375871; 68585.8592594441; 65236.33; 8738.43
614; 0.135701044026684; 68403.6088109833; 65021.77; 8738.88
615; 0.137983988644109; 67998.3305543875; 64611.67; 8601.47
616; 0.138028488471595; 67674.0135030269; 64327.71; 8490.97
617; 0.137335483796995; 67077.6639302167; 63750.78; 8479.51
618; 0.137503251112471; 66710.2316978043; 63409.58; 8397.41
619; 0.140020162437445; 66339.5526111387; 63031.1; 8261.52
620; 0.141746182379573; 65758.4510972761; 62439.89; 8181.46
621; 0.142701839737484; 65303.0359792646; 62031.97; 8006.28
622; 0.142539238485112; 64885.2452747167; 61627.93; 7977.65
623; 0.144317790458272; 64375.3365032292; 61089.51; 7944.47
624; 0.144610379473596; 64030.6483914035; 60775.51; 7850.56
625; 0.148483304683619; 63591.4622493733; 60333.15; 7649.55
626; 0.150221561151662; 63309.4397558276; 60001.55; 7672.37
627; 0.153197656925615; 63051.7613657553; 59663.53; 7702.54
628; 0.154768271341768; 62584.5274313161; 59161.71; 7698.47
629; 0.154381156636452; 62319.6413121445; 58904.24; 7697.54
630; 0.159348993709246; 62151.4019759522; 58673.32; 7590.96
631; 0.159766364831228; 61750.690791538; 58286.63; 7537.38
632; 0.159754352790486; 61507.7129072962; 58034.98; 7553.58
633; 0.160413008159453; 61145.0521003133; 57665.6; 7533.89
634; 0.161718280396559; 60938.2766040251; 57491.66; 7399.17
635; 0.161354704820917; 60716.2651246458; 57331.41; 7278.99
636; 0.163729165487051; 60530.2245533082; 57129.43; 7203.28
637; 0.165392826904973; 60350.9097759499; 56921.59; 7186.3
638; 0.161578989571494; 60092.469787251; 56746.86; 7172.03
639; 0.16186938931228; 59808.8842801803; 56474.9; 7130.18
640; 0.162987111980251; 59653.1169618435; 56308.98; 7098.55
641; 0.163312619810627; 59389.8709792798; 56025.04; 7124.54
642; 0.162812497897109; 59202.0774612841; 55851.63; 7112.18
643; 0.163223799637893; 59048.7866834428; 55692.95; 7102.18
644; 0.164305889959683; 58827.771505975; 55477.42; 7040.41
645; 0.164908031203371; 58675.4989751141; 55315.46; 7031.93
646; 0.163865590798665; 58419.2999969128; 55086.22; 7016.63
647; 0.165547875851015; 58276.5166961057; 54921.49; 6988.22
648; 0.166930485834908; 58123.4782491144; 54777.47; 6908.9
649; 0.170259129691309; 57969.4381019586; 54584.21; 6850.24
650; 0.171167527838932; 57858.1740828825; 54434.91; 6887.44
651; 0.171450383954434; 57717.3644258584; 54281.94; 6897.29
652; 0.169601854131057; 57551.3856308168; 54181.24; 6836.59
653; 0.171256680587879; 57456.8527329447; 54066.57; 6807.61
654; 0.173878007672358; 57340.2812690371; 53933.75; 6733.97
655; 0.174897893517261; 57246.8295020645; 53818.85; 6734.1
656; 0.17395738214009; 57105.6613502601; 53659.37; 6803.89
657; 0.172709992278911; 56986.408225614; 53572.96; 6785.34
658; 0.171021914334724; 56843.1879399689; 53491.61; 6725.75
659; 0.177718378469009; 56773.6255868874; 53290.37; 6723.85
660; 0.182034016570836; 56742.7744560874; 53130.56; 6804.68
661; 0.188231591437801; 56667.7073021187; 52944.07; 6779.84
662; 0.194145291453978; 56648.058221655; 52776.31; 6831.17
663; 0.195497027883318; 56569.9471852465; 52691.11; 6792.76
664; 0.199900641687035; 56455.1739802292; 52498.6; 6772.47
665; 0.200992524559206; 56332.131846701; 52365.21; 6750.71
666; 0.204232306852485; 56198.3920331146; 52168.7; 6746.16
667; 0.203068815121522; 56039.0408562648; 52068.84; 6682.48
668; 0.201136869323838; 55855.8787395111; 51924.09; 6679.42
669; 0.200509972682317; 55682.8826906865; 51789.98; 6631.49
670; 0.19708516144005; 55535.776995118; 51718.39; 6613.31
671; 0.197576024667257; 55370.169760631; 51538.43; 6617.96
672; 0.200957316875945; 55314.4509043417; 51396.58; 6649.12
673; 0.202093115593081; 55231.6185034123; 51260.48; 6697.67
674; 0.205439991455975; 55059.2989874335; 50991.09; 6745.8
675; 0.207722383744213; 54886.2284892559; 50777.7; 6734.8
676; 0.212724651703675; 54663.5351512378; 50449.76; 6741.89
677; 0.213871939791458; 54463.3380429242; 50220.53; 6749.72
678; 0.219029236897588; 54167.9380614824; 49854.15; 6698.66
679; 0.221857170366849; 53946.8201303732; 49569.83; 6707.77
680; 0.223067038804513; 53654.0317146612; 49265.17; 6687.29
681; 0.224557486031506; 53235.4461139741; 48896.52; 6564.97
682; 0.225987552826328; 52955.6824222145; 48676.53; 6431.06
683; 0.224184681369402; 52541.8813215027; 48337.61; 6366.86
684; 0.225681086995885; 52277.572456051; 48088.67; 6299.26
685; 0.226406956572424; 51852.128957952; 47686.4; 6241.9
686; 0.228722419389092; 51587.1553871846; 47417.69; 6182.03
687; 0.229068981306097; 51340.1599723996; 47194.51; 6135.03
688; 0.230044754637001; 50983.2550843768; 46880.57; 6043.52
689; 0.231466009320438; 50759.2611013611; 46645.93; 6019.83
690; 0.235224630018582; 50480.0895282766; 46281.98; 6043.37
691; 0.236215689091321; 50257.6528529971; 46019.78; 6072.64
692; 0.235910954056926; 49998.5519418676; 45801.47; 6019.6
693; 0.237089151017392; 49625.1986211198; 45480.32; 5912.87
694; 0.23502587611706; 49358.3797113988; 45216.95; 5957.48
695; 0.234191722940871; 48924.7233548511; 44856.77; 5870.15
696; 0.233351822052615; 48634.914658316; 44601.15; 5839.3
697; 0.232987781763983; 48207.275204876; 44212.6; 5789.13
698; 0.232510373634428; 47917.861428303; 43970.67; 5729.64
699; 0.234032385400204; 47602.1054387812; 43685.73; 5645.72
700; 0.232926989252444; 47358.0879296344; 43480.78; 5613.72
701; 0.235927624022465; 47136.1268958342; 43262.21; 5535.8
702; 0.238371715328104; 46816.2539357905; 43047.86; 5328.02
703; 0.240804684540108; 46631.6926884553; 42844.93; 5298.29
704; 0.240938679407689; 46328.4206087556; 42562.73; 5264.28
705; 0.241109686777633; 46132.5180274485; 42395.58; 5218.32
706; 0.245536984261151; 45867.8859768096; 42117.78; 5140.41
707; 0.248368841772171; 45690.7077271024; 41925.34; 5100.31
708; 0.249102456119232; 45454.8193594125; 41719.61; 5042.41
709; 0.248950457930765; 45191.2280404495; 41441.44; 5063.33
710; 0.246974405956378; 44977.9349908906; 41250.92; 5070.99
711; 0.247048374602146; 44639.672211619; 40971.05; 4988.98
712; 0.252035220967369; 44445.8303220757; 40745.44; 4931.56
713; 0.255497253428413; 44124.6510953865; 40453.58; 4825.16
714; 0.25368894635131; 43802.8491892593; 40162.51; 4817.99
715; 0.252721861198398; 43345.1149003713; 39741.68; 4785.79
716; 0.251357755933799; 43013.9539205977; 39438.32; 4773.18
717; 0.250450483831425; 42644.2974792563; 39110.62; 4732.38
718; 0.252083721773206; 42094.1928772975; 38587.23; 4664.32
719; 0.253005066744311; 41738.0545719293; 38255.66; 4612.8
720; 0.247728977085002; 41113.3852953561; 37744.76; 4555.32
721; 0.249801760333439; 40799.5373894623; 37408.22; 4546.28
722; 0.258732302656562; 40327.1480949071; 36879.41; 4460.74
723; 0.255117862891259; 39965.3933815112; 36550.41; 4479.31
724; 0.261460204978214; 39547.4833891621; 36067.83; 4451.78
725; 0.265486548201122; 39318.6255248111; 35820.25; 4406.23
726; 0.266982390530217; 39056.5567616694; 35556.79; 4381.67
727; 0.269612863754859; 38949.5421625886; 35416.12; 4379.03
728; 0.274492282435836; 38854.6918683967; 35290.02; 4337.76
729; 0.273754636098545; 38711.5818969516; 35184.36; 4302.56
730; 0.266526275807375; 38610.8630233466; 35167.28; 4313.26
731; 0.267941676174069; 38669.3863438828; 35185.56; 4340.21
732; 0.261945340590022; 38677.0370579432; 35258.87; 4355.35
733; 0.259185729204844; 38698.0073058537; 35317.69; 4352.44
734; 0.259913129260118; 38680.1133941129; 35320.05; 4313.85
735; 0.259601476451138; 38651.5985615899; 35287.77; 4322.8
736; 0.260077559248854; 38603.821958064; 35255.22; 4294.16
737; 0.26504793641419; 38585.8242814358; 35198.54; 4260.86
738; 0.270454912691554; 38563.1077287115; 35153.14; 4202.21
739; 0.273494560608266; 38465.0418694277; 35082.98; 4119.97
740; 0.276170665211828; 38402.4081257966; 35003.05; 4099.39
741; 0.282736792937867; 38407.3514095507; 34937.5; 4085.83
742; 0.288956988158317; 38465.9961471808; 34942.34; 4058.61
743; 0.288532851741521; 38498.03340302; 34952.47; 4088.45
744; 0.288128064785175; 38717.8842632931; 35132.25; 4139.05
745; 0.285303560871332; 38853.0278456909; 35282.64; 4160.7
746; 0.284864585131489; 39118.3702386161; 35543.95; 4170.26
747; 0.282246081313835; 39314.8909339892; 35776.2; 4165.32
748; 0.283994124290699; 39603.2106490593; 36018.91; 4191.6
749; 0.280307999890735; 39691.6021222592; 36058.63; 4303.18
750; 0.276813070059861; 39684.2941692289; 36077.01; 4325.62
751; 0.276652352488799; 39635.0382655385; 35972.11; 4394.76
752; 0.283192154674167; 39422.9437324689; 35724.03; 4335.18
753; 0.28502355996461; 39199.3094755744; 35464.2; 4349.34
754; 0.293091837939541; 38730.7771005974; 34948.18; 4283.12
755; 0.298611221567216; 38324.0189103272; 34532.21; 4213.14
756; 0.295438085663554; 37639.1915644157; 33962.17; 4128.32
757; 0.296976033943299; 37208.8924335572; 33587.64; 4043.01
758; 0.300990550656; 36572.372749604; 32986.28; 3948.75
759; 0.299090776396774; 36153.9059323914; 32637.24; 3895.07
760; 0.296927128724394; 35758.3465048797; 32259.49; 3901.75
761; 0.300709884643636; 35173.9149006193; 31671.34; 3854.95
762; 0.297094704679546; 34761.9858107638; 31326.86; 3824.92
763; 0.298793162185283; 34274.2327868626; 30858.15; 3780.55
764; 0.304660755894003; 33982.1772311518; 30552.62; 3720.96
765; 0.304170702470015; 33529.4294761109; 30138.48; 3684.65
766; 0.302986146477431; 33225.9245634787; 29870.46; 3660
767; 0.305046804977665; 32780.0204761967; 29455.42; 3601.95
768; 0.306069223415446; 32483.816861356; 29204.38; 3541.26
769; 0.305010391282611; 32106.4207631922; 28843.31; 3535.64
770; 0.302866182127372; 31827.3634068092; 28611.77; 3508.6
771; 0.300112857986614; 31461.1675362023; 28287.46; 3493.24
772; 0.302876111313907; 31251.3173340241; 28045.07; 3495.43
773; 0.309145166964415; 30915.0064588733; 27721.45; 3409.49
774; 0.311255470560855; 30658.389133811; 27494.01; 3353.85
775; 0.312280789434584; 30308.9865316786; 27168.28; 3316.68
776; 0.316949721408967; 30070.3884636859; 26952.81; 3242.53
777; 0.315393798968399; 29719.7959406718; 26651.39; 3206.32
778; 0.319431044013276; 29534.6207881587; 26475.12; 3155.71
779; 0.319210313375747; 29182.3523170105; 26196.88; 3080.8
780; 0.318645922777021; 28946.8728852741; 25989.04; 3056.91
781; 0.322370289458337; 28669.3854357581; 25702.91; 3029.75
782; 0.320783921921447; 28474.5176610415; 25564.84; 2985.68
783; 0.321361179164305; 28159.8201835393; 25265.45; 2963.98
784; 0.328172729291597; 27994.985907817; 25057.13; 2945.32
785; 0.334698611315764; 27708.486915397; 24774.1; 2883.66
786; 0.328979972857437; 27487.036461855; 24595.43; 2890.19
787; 0.333940057629461; 27233.3678085362; 24317.46; 2870.28
788; 0.327175461103422; 27019.7754577139; 24145.77; 2886.61
789; 0.324236031204593; 26723.7883184549; 23839.99; 2921.87
790; 0.321313820239325; 26544.9925129986; 23681.33; 2927.02
791; 0.326382766819094; 26299.1062439038; 23459.54; 2856.59
792; 0.322786805612229; 26099.6416224051; 23322.97; 2823.81
793; 0.319761358382155; 25802.7962398528; 23037.1; 2838.72
794; 0.319069403453288; 25613.1572911414; 22868.76; 2822.52
795; 0.319417415452361; 25374.4276196565; 22607.09; 2842.83
796; 0.327621149981145; 25167.7827284465; 22354.82; 2817.16
797; 0.335151588783739; 25005.7525816861; 22177.05; 2769.18
798; 0.32855716655615; 24733.5044188451; 21947.57; 2781.96
799; 0.328893437495259; 24591.1480230953; 21776.97; 2806.93
800; 0.33053665538145; 24400.9600507264; 21599.88; 2779.62
801; 0.331087979497299; 24231.7153837715; 21427.25; 2777.37
802; 0.33658100427414; 24011.1885039369; 21246.22; 2692.62
803; 0.334161629188784; 23834.8157550422; 21118.69; 2663.1
804; 0.328583836479465; 23588.2655841127; 20955.5; 2624.18
805; 0.336118106216772; 23457.9369023863; 20811.88; 2577.65
806; 0.339940035335894; 23244.017400835; 20577.48; 2567.74
807; 0.344891348452587; 23085.2272265509; 20444.88; 2505.62
808; 0.347760766738594; 22853.8989532929; 20233.34; 2465.85
809; 0.351242687245225; 22715.7323367912; 20117.91; 2419.76
810; 0.34697133842189; 22481.9043275523; 19941.99; 2394.41
811; 0.34216986847845; 22344.0328429802; 19840.25; 2392.78
812; 0.335923368505345; 22107.3160970074; 19616.34; 2424.03
813; 0.333833509113723; 21992.153675955; 19507.44; 2432.37
814; 0.329341477392894; 21776.080413709; 19384.56; 2372.31
815; 0.330894544615995; 21646.8738565389; 19269.86; 2346.4
816; 0.324916661005134; 21425.8379008251; 19099.36; 2338.24
817; 0.33452728683367; 21291.7670591688; 18911.16; 2323.53
818; 0.338000435741869; 21164.6987599725; 18779.83; 2303.4
819; 0.342094491856214; 20953.103847037; 18588.73; 2255.84
820; 0.342555695210947; 20783.5483320119; 18471.08; 2202.85
821; 0.348086988960869; 20611.441727844; 18304.05; 2162.46
822; 0.344450027931291; 20494.3007027273; 18214.57; 2158.47
823; 0.346592876735352; 20334.7082370531; 18072.01; 2128.55
824; 0.352348811603489; 20234.8036245991; 17950.02; 2113.67
825; 0.355161523334726; 20095.8223829876; 17823.05; 2085.84
826; 0.35417096552855; 20005.5334045679; 17718.64; 2104.67
827; 0.362865670525216; 19872.9634448879; 17567.1; 2071.48
828; 0.35915199894755; 19765.165707696; 17446.36; 2104.85
829; 0.359541195903695; 19590.2385144991; 17319.63; 2058.67
830; 0.356532506523354; 19407.0493387199; 17167.7; 2047.33
831; 0.346054087756645; 19253.3416336637; 17070.99; 2054.64
832; 0.339736005780493; 19064.4779067287; 16949.8; 2026.97
833; 0.335135719612919; 18920.049148586; 16862.72; 1998.1
834; 0.328253255857055; 18752.0380402328; 16745.5; 1988.73
835; 0.332153053224273; 18659.8562611147; 16665.86; 1952.59
836; 0.334143779265001; 18533.6984033722; 16511.91; 1967.5
837; 0.334431360678086; 18438.9782294746; 16426.18; 1957.32
838; 0.331183246584463; 18260.5881450579; 16291.25; 1934.09
839; 0.335817930092785; 18127.5232305075; 16142.26; 1924.19
840; 0.33179745829021; 18022.1692026545; 16052.59; 1932.12
841; 0.331688803256733; 17885.719435683; 15937.23; 1914.22
842; 0.33451694037693; 17794.4381349076; 15840.72; 1902.7
843; 0.331244549469656; 17650.4046654596; 15720.73; 1897.36
844; 0.33414600526453; 17545.6739742783; 15632.51; 1864.37
845; 0.343393202099506; 17413.7592118998; 15468.07; 1844.53
846; 0.349455603039723; 17339.4510900875; 15382.36; 1822.74
847; 0.349742689682296; 17231.8652780954; 15250.27; 1843.57
848; 0.353724363766839; 17098.3727014534; 15118.86; 1820.49
849; 0.347680653039126; 16986.2719710614; 15039.5; 1821.03
850; 0.342425827298892; 16798.6068038411; 14899.55; 1803.19
851; 0.344306288675302; 16698.8772256146; 14798.65; 1794.04
852; 0.337246791219184; 16505.5394362078; 14672.91; 1765.98
853; 0.326654580894575; 16369.6069620858; 14599.06; 1761.08
854; 0.328436129930174; 16202.7086717076; 14426.29; 1756.88
855; 0.333736958220143; 16020.3883663264; 14252.44; 1720.34
856; 0.337789048870059; 15897.0124145187; 14145.41; 1683.66
857; 0.344985275013935; 15755.0179360405; 13982.24; 1668.09
858; 0.347642478584354; 15652.8411807896; 13875.99; 1658.82
859; 0.346381043881789; 15477.9434950345; 13730.38; 1637.1
860; 0.355941728280315; 15382.3296532784; 13604.73; 1620.14
861; 0.360010662062027; 15202.6291462639; 13458.69; 1571.19
862; 0.350750666544741; 15003.1526035438; 13294.88; 1579.38
863; 0.353015325963271; 14869.2993639394; 13172.94; 1558
864; 0.347100455566175; 14670.2371892764; 12984.52; 1574.25
865; 0.34116234543464; 14525.9052214719; 12852.86; 1589.3
866; 0.346421201140473; 14311.5470900282; 12661.71; 1543.16
867; 0.339309024921581; 14058.2191328198; 12478.66; 1508.05
868; 0.335602111775061; 13893.8834742359; 12339.72; 1499.9
869; 0.341967469708687; 13667.8038953892; 12143.73; 1443.2
870; 0.33986854703102; 13513.7801877848; 12003.74; 1438.46
871; 0.34519445330165; 13237.4060266141; 11795.11; 1352.42
872; 0.343273265610144; 13057.0073670415; 11621.28; 1353.53
873; 0.345376523797034; 12784.6892502253; 11391.77; 1304.92
874; 0.344201214574947; 12547.853891001; 11157.91; 1306.28
875; 0.347871435311543; 12368.3666191576; 10988.42; 1282.95
876; 0.342367197065486; 12123.7887555531; 10764.51; 1283.8
877; 0.340683954322715; 11951.404240176; 10619.45; 1263.96
878; 0.335973754567085; 11716.2916898002; 10426.64; 1240.69
879; 0.336572737438549; 11534.745257433; 10281.91; 1202.89
880; 0.331984456773579; 11432.9532014043; 10176.64; 1222.66
881; 0.332489099493779; 11310.6180316356; 10049.07; 1225.61
882; 0.325334153534533; 11213.4705523826; 9964.16; 1240.17
883; 0.325972634243525; 11102.3753505837; 9871.87; 1218.87
884; 0.330499378725591; 11017.9533747078; 9759.58; 1229.16
885; 0.328573063649026; 10956.5297866417; 9705.01; 1229.35
886; 0.336614638720796; 10894.1150750948; 9624.7; 1216.9
887; 0.341592814883629; 10842.1476065072; 9581.9; 1190.31
888; 0.340177623101842; 10729.1711640275; 9500.49; 1165.17
889; 0.344682981359806; 10671.11157849; 9458.44; 1134.77
890; 0.339355560327399; 10649.136154037; 9437.48; 1151.43
891; 0.333817279100964; 10603.8161151924; 9410.91; 1152.23
892; 0.325758969676643; 10611.2637942037; 9440.9; 1158.23
893; 0.323646669097379; 10641.4282496891; 9456.13; 1180.51
894; 0.320831836399737; 10728.94256791; 9516.2; 1218.24
895; 0.31973432557602; 10807.4439912073; 9601.35; 1215.52
896; 0.318387043031861; 10961.7984529111; 9716.85; 1259.78
897; 0.320910595314496; 11057.2998951929; 9809.8; 1252.27
898; 0.326913702850343; 11267.7004991278; 10009.86; 1239.26
899; 0.332299314340394; 11479.6838046363; 10218.36; 1222.35
900; 0.333793593156158; 11604.4343514269; 10337.8; 1221.8
901; 0.335987791398006; 11773.2974101214; 10488.16; 1231.39
902; 0.340187614102844; 11930.0923125699; 10593.25; 1264.91
903; 0.343015802237754; 11989.5075653919; 10645.88; 1260.64
904; 0.344455456407732; 12044.4107254061; 10679.41; 1275.13
905; 0.350411692294072; 12017.2764084294; 10655.26; 1250.55
906; 0.348621330836852; 11898.0483585851; 10541.38; 1251.83
907; 0.343328887488157; 11744.1943715936; 10411.05; 1248.88
908; 0.341066607760593; 11610.4441784978; 10286.47; 1248.31
909; 0.329916932258554; 11340.3498766639; 10069.8; 1238.26
910; 0.331194883890701; 11045.850658683; 9823.06; 1186.92
911; 0.32724470211856; 10809.3663082871; 9629.07; 1159.31
912; 0.329914246379927; 10461.8420391067; 9285.22; 1146.16
913; 0.331499832251115; 10212.9342087075; 9042.21; 1134.81
914; 0.332126812174356; 9818.92927778579; 8674.98; 1106.58
915; 0.330941176584249; 9415.65387226153; 8362.8; 1021.94
916; 0.330352244195588; 9148.9564610409; 8140.9; 980.04
917; 0.330459843022667; 8777.88201381988; 7802.17; 948.16
918; 0.332151471118085; 8439.43264083182; 7504.64; 903.62
919; 0.333339446296418; 8209.53354375482; 7335.11; 842.14
920; 0.331024739788064; 7904.04096106421; 7076.67; 802.29
921; 0.335911132794099; 7619.1559287022; 6827.49; 756.4
922; 0.329159232482952; 7424.15300466915; 6642.23; 762.34
923; 0.338489421408445; 7156.5670068839; 6379.21; 736.9
924; 0.340043889264419; 6972.69585319481; 6235.64; 695.41
925; 0.342409089360289; 6706.47624352896; 5975.99; 684.36
926; 0.346315249897902; 6449.23988630124; 5733.56; 662.86
927; 0.352785465476555; 6282.59770700518; 5578.53; 640.06
928; 0.343613388252331; 6003.17646123994; 5344.84; 614.38
929; 0.359221241238802; 5742.62922099694; 5096.11; 577.06
930; 0.350870780720844; 5538.41388193498; 4916.24; 568.49
931; 0.353273313661741; 5207.82904855422; 4622.43; 531.18
932; 0.356509641668578; 4846.19550269663; 4320.37; 472.73
933; 0.352702386445439; 4578.04493061619; 4082.87; 449.92
934; 0.327383830327618; 4122.06716073089; 3709.57; 403.73
935; 0.32187092950888; 3655.60862018412; 3289.86; 364.07
936; 0.30388202450091; 3336.91583623054; 3013.38; 341.07
937; 0.298306816634958; 2871.45390571943; 2607.66; 283.25
938; 0.291407414853432; 2449.65311171334; 2217.03; 255.66
939; 0.274844155511441; 2194.0535683736; 1987.35; 240.84
940; 0.26187414526018; 1872.44614395554; 1708.3; 200.7
941; 0.294005314580687; 1644.65739636486; 1492.92; 165.23
942; 0.282045079921594; 1532.67171798141; 1401.15; 149.27
943; 0.309777582734288; 1427.74357984527; 1302.09; 129.83
944; 0.343732045958272; 1389.91624873851; 1262.49; 118.64
945; 0.327423623886338; 1383.62992820274; 1262.09; 118.78
946; 0.332691495524008; 1405.02459903871; 1273.61; 126.38
947; 0.317225397210136; 1454.23877459129; 1321.41; 133.95
948; 0.324390525178743; 1502.63550516616; 1363.71; 136.99
949; 0.3301504277503; 1575.75285225435; 1428.21; 142.93
950; 0.303378713306838; 1664.83766360494; 1513.54; 159.48
951; 0.294592059918447; 1727.69702129801; 1560.05; 181.96
952; 0.287490018682532; 1823.23669626273; 1643.42; 199.97
953; 0.307930460951865; 1928.10533939575; 1744.87; 190.22
954; 0.30263776808186; 1995.48545934378; 1804.25; 201.97
955; 0.290530007343476; 2086.70188805687; 1886.52; 220.2
956; 0.288745403845818; 2183.43777593166; 1973.27; 232.59
957; 0.29975371965678; 2240.49016623319; 2017.89; 237.27
958; 0.315015921023762; 2322.85710866117; 2093.11; 233
959; 0.337977472643683; 2403.34691453741; 2164.83; 225.43
960; 0.326770786979695; 2440.35999657567; 2197.28; 237.59
961; 0.337209693493381; 2506.5561178299; 2240.09; 252.36
962; 0.347054316532224; 2557.76777107343; 2283.29; 252.54
963; 0.356832760663036; 2584.55438015665; 2296.84; 257.43
964; 0.366247451182298; 2624.7256243847; 2337.1; 250.71
965; 0.329772897387457; 2627.10926852066; 2355.82; 262.59
966; 0.334504566014606; 2655.5891657832; 2365.12; 277.15
967; 0.318749870640571; 2656.11861186497; 2373.35; 283.1
968; 0.322007187602209; 2660.7530385048; 2376.54; 281.63
969; 0.32685795251904; 2667.2451271782; 2370.7; 289.46
970; 0.316803696985842; 2662.87233838313; 2366.85; 298.08
971; 0.322479485551782; 2657.44113435328; 2360.21; 293.99
972; 0.337201590474481; 2664.99569881182; 2353.17; 294.93
973; 0.333238338791801; 2650.55784271834; 2347.33; 290.17
974; 0.331310821612719; 2633.33583086975; 2331.79; 290.21
975; 0.323234226213594; 2611.20616484384; 2324.88; 282.41
976; 0.317132339091415; 2590.92209269822; 2322.23; 270.08
977; 0.314466580508224; 2572.09836968129; 2313.59; 262.02
978; 0.313734913855309; 2543.85839415863; 2288.88; 259.01
979; 0.309865642659294; 2507.91770312745; 2262.7; 252.18
980; 0.306979558264066; 2481.78689354354; 2245.69; 245.05
981; 0.299634065595806; 2442.38110827592; 2220.96; 235.42
982; 0.284254410113104; 2397.53597206089; 2183.47; 239.89
983; 0.29539724128713; 2372.03912474215; 2140.37; 249.79
984; 0.29226841586951; 2333.41396400503; 2104.59; 249.33
985; 0.28521785126812; 2288.39060313007; 2072.4; 241.14
986; 0.313529479379237; 2263.14967465937; 2037.13; 229.52
987; 0.321676184769847; 2246.14314417545; 2018.37; 225.42
988; 0.319206111023912; 2204.66414580409; 1985.88; 218.17
989; 0.332516880105655; 2156.38215486596; 1950.05; 197.49
990; 0.338123072583413; 2138.29090055532; 1942.59; 184.19
991; 0.356534281597009; 2093.32810042191; 1902.07; 170.69
992; 0.357693032724986; 2060.05475762628; 1866.89; 171.81
993; 0.332807398530482; 2003.48541215607; 1826.88; 168.81
994; 0.316996735155349; 1970.73914817213; 1801.55; 169.77
995; 0.374360150648117; 1940.37397901305; 1753.79; 158.52
996; 0.398595073967873; 1916.3868789773; 1712.27; 162.85
997; 0.385399905553497; 1870.26613390621; 1669.42; 165.71
998; 0.358659919023148; 1842.80079989928; 1649.52; 171.34
999; 0.358064413500874; 1799.73207846325; 1609.99; 168.46
1000; 0.399133323039266; 1769.98104784392; 1572.97; 156.9
1001; 0.416279972125133; 1743.29113376956; 1537.56; 157.08
1002; 0.3514783640996; 1690.8292083681; 1507.6; 165.67
1003; 0.319022969357776; 1635.94230022216; 1483.4; 151.94
1004; 0.313473229356776; 1593.85440709147; 1452.09; 143.69
1005; 0.341050416331751; 1570.07203966934; 1426.54; 133.7
1006; 0.381977347369514; 1536.79607179151; 1392.69; 119.84
1007; 0.330823828941375; 1492.9433065288; 1360.28; 127.37
1008; 0.333865828730484; 1458.03796666688; 1330.15; 121.65
1009; 0.336527179634781; 1429.66543426246; 1305.09; 117.55
1010; 0.32079829795089; 1399.40806917841; 1276.43; 121.72
1011; 0.357719113192954; 1370.22032371167; 1247.08; 109.29
1012; 0.399683787214336; 1339.28975329673; 1226.3; 89.74
1013; 0.347893179791735; 1309.56837531469; 1203.11; 97.13
1014; 0.324333816740933; 1268.698252235; 1183.93; 82.95
1015; 0.324750162248977; 1242.4328747536; 1162.61; 78
1016; 0.305804886890517; 1212.80401478684; 1136.04; 79.65
1017; 0.3730300531061; 1203.81995732288; 1118.19; 72.83
1018; 0.372177895877707; 1176.19551461461; 1089.33; 74.04
1019; 0.32616919961326; 1149.10213292282; 1053.08; 93.38
1020; 0.326391870477424; 1119.84297552165; 1031.33; 86.01
1021; 0.330629996132836; 1103.06088695336; 1012.25; 87.1
1022; 0.329422118937615; 1077.43221930039; 982.3; 91.57
1023; 0.378018478750478; 1055.41320521099; 955.81; 83.54
1024; 0.308107593689827; 1013.23265045086; 931.76; 83.83
1025; 0.282936571147751; 993.214082480147; 909.97; 93.26
1026; 0.239800527657344; 959.082738938855; 889.93; 91.4
1027; 0.254109795274187; 939.188682314423; 860.61; 98
1028; 0.25857646723313; 914.041115606496; 835.58; 96.15
1029; 0.253527624775125; 892.939382361742; 814.05; 98.59
1030; 0.218507494252174; 862.542893721933; 791.84; 102.51
1031; 0.274109807215773; 856.623927102686; 762.89; 108.32
1032; 0.28503117544819; 836.972572713822; 750.5; 96.09
1033; 0.302805936261316; 816.383422295427; 735.82; 84.26
1034; 0.296487001880155; 803.196773514286; 719.26; 89.65
1035; 0.337374346203023; 787.042505332372; 702.41; 79.43
1036; 0.357941644568382; 766.447298452576; 683; 73.81
1037; 0.355017509739177; 752.573800013557; 662.23; 80.56
1038; 0.367446322631599; 736.957773783443; 654.69; 70.87
1039; 0.313943781731311; 695.332394870026; 573.11; 123.22
1040; 0.238382307727614; 659.480191298294; 578.24; 107.85
1041; 0.827036851621419; 713.253613927999; 598.75; 43.81
