# 06/03/2019 12:53:33
# NanoCalc data
# Original file name: C:\SVA_DATA\StudentProjects\2018_Nathan\PIswelling\PIslowslow_561.dat
# Fit Result : Fitness; Thickness 1; Thickness 2; Thickness 3 
# Fit Result : 2.87821395462533; 2; 94.4; -1
# comment:PI id:353 Slowslow swelling start 11:22
#
# WaveLength; Reflectance; Raw Intensity; Dark Intensity; Reference Intensity
400; 0.219346716828417; 4180.44073277957; 3854.36; 720.85
401; 0.212192564357035; 4305.00692841032; 3985.6; 726.75
402; 0.215590092063034; 4405.36718585071; 4083.71; 717.18
403; 0.222416133838247; 4516.67077708859; 4177.83; 729.27
404; 0.220356089417552; 4622.91844381673; 4266.9; 770.15
405; 0.224851370334561; 4784.20796025317; 4419.01; 771.21
406; 0.215670179307271; 4890.97735160012; 4538.57; 772.84
407; 0.209306548705769; 5001.29583762799; 4650.31; 790.01
408; 0.211461835814844; 5108.83817804421; 4747.36; 802.14
409; 0.218047902453016; 5221.47159148635; 4845.27; 806.6
410; 0.224378380367124; 5386.51357861587; 4970.83; 862.87
411; 0.222931061540182; 5476.51947531871; 5045.16; 898.04
412; 0.223258683166418; 5562.33469109176; 5134.48; 886.28
413; 0.220884991460494; 5642.23915183446; 5205.72; 910.9
414; 0.222466107912212; 5778.44028681454; 5316.37; 954.15
415; 0.224649967232036; 5860.312114893; 5386.19; 966.33
416; 0.22742770814602; 5948.32205115805; 5457.07; 985.72
417; 0.226273977135194; 6023.20298783708; 5520.71; 1010.06
418; 0.224924988712948; 6144.28307801589; 5645.41; 1005.43
419; 0.216530090024387; 6225.81765913449; 5742.25; 1009.35
420; 0.215828436636783; 6334.33175703483; 5841.72; 1028.49
421; 0.213845081390205; 6450.43273702104; 5953.97; 1043.09
422; 0.212930848132655; 6614.66153898942; 6112.25; 1057.02
423; 0.221863358151342; 6747.72133689717; 6213.11; 1076.28
424; 0.209302448007085; 6863.99387708955; 6341.27; 1112.19
425; 0.207140072500744; 6999.50516535553; 6476.56; 1121.22
426; 0.203868532325971; 7218.49619984796; 6672.57; 1186.04
427; 0.209406304649011; 7383.29943064621; 6816.49; 1195.56
428; 0.213126566314971; 7536.93142761372; 6935.77; 1242.47
429; 0.210272580147817; 7658.71824123943; 7065.26; 1240.13
430; 0.21294793607572; 7866.74253075193; 7250.62; 1268.14
431; 0.211991095745557; 8019.51176210391; 7391.86; 1294.51
432; 0.204815654467356; 8117.44491086935; 7498.99; 1316.94
433; 0.201290044564226; 8215.38206730665; 7596.6; 1337.5
434; 0.199781472835039; 8364.93169160775; 7741.1; 1355.32
435; 0.197623652669743; 8466.99087161748; 7839.02; 1376.23
436; 0.191307364028049; 8548.46594598918; 7932.9; 1390.56
437; 0.187000952863984; 8642.05479164461; 8022.45; 1428.62
438; 0.183227821785727; 8804.48335988445; 8192.53; 1436.7
439; 0.179640347054429; 8876.79015647767; 8266.28; 1458.6
440; 0.182653908429385; 8982.41746260876; 8353.7; 1473.93
441; 0.18412800333422; 9099.34953474097; 8471.61; 1456.61
442; 0.186784226126431; 9287.71123587368; 8631.22; 1498.28
443; 0.182907761924244; 9398.33250080869; 8745.18; 1518.91
444; 0.187665639844729; 9553.94518310639; 8868.1; 1551.1
445; 0.186286432435064; 9669.3493940231; 8992.88; 1537.75
446; 0.189595364880037; 9871.86884002185; 9180.96; 1539.64
447; 0.186359185330153; 10042.602387367; 9336.15; 1598.18
448; 0.185371761663323; 10213.8214808259; 9503.28; 1612.48
449; 0.184036324219653; 10484.9908456169; 9759.68; 1654.44
450; 0.180224576780631; 10667.2451852382; 9952.86; 1660.42
451; 0.178859895327974; 10854.6077754494; 10135.12; 1681.65
452; 0.179337961208379; 11040.5395842096; 10315.84; 1685.87
453; 0.174823329649745; 11362.2735401927; 10632.34; 1738.46
454; 0.170020256642748; 11601.5051144788; 10871.13; 1785.11
455; 0.175257877924768; 11854.8387456201; 11090.19; 1809.49
456; 0.172057281427484; 12101.0316203111; 11336.98; 1838.14
457; 0.166368884725874; 12461.1310163944; 11703.49; 1881.48
458; 0.165002359694259; 12728.59265364; 11962.1; 1915.55
459; 0.169411841588257; 12976.8481808852; 12166.46; 1968.86
460; 0.173434143628314; 13267.1377553856; 12419.21; 2008.52
461; 0.174849724790967; 13628.6235000665; 12764.35; 2026.89
462; 0.179171790366158; 13862.3785666925; 12966.47; 2046.57
463; 0.180843080364956; 14069.3427589597; 13151.39; 2073.78
464; 0.179509215299656; 14426.2286720091; 13494.02; 2117.77
465; 0.180898353743356; 14683.3757266715; 13718.51; 2171.37
466; 0.181885901143567; 14941.5250764791; 13951.52; 2211.96
467; 0.180999326577189; 15207.9657403583; 14196.36; 2267.48
468; 0.177803159105433; 15703.2704546024; 14670.32; 2352.97
469; 0.176499865778332; 16031.4107901179; 14971.26; 2428.75
470; 0.172957358582765; 16370.2840777459; 15302.08; 2493.24
471; 0.171672207098769; 16803.8396420487; 15703.48; 2583.28
472; 0.179549411443799; 17496.819777388; 16286.71; 2711.89
473; 0.183112120010842; 17981.3496405701; 16704.77; 2800.68
474; 0.183466422936255; 18500.5099978531; 17202.51; 2837.59
475; 0.185834844513211; 19388.5409384116; 18016.84; 2955.76
476; 0.186961269057574; 19990.7050999933; 18568.46; 3041.26
477; 0.193873850323054; 20637.5428108199; 19133.22; 3097.15
478; 0.198232996332209; 21412.8054342448; 19813.99; 3214.11
479; 0.201060156193251; 22527.0803637545; 20817.86; 3382.47
480; 0.19902034970359; 23281.6290735242; 21534.12; 3488.23
481; 0.196182428575722; 24025.2107288023; 22257.23; 3574.77
482; 0.194236017251496; 25152.2401812812; 23325.31; 3725.36
483; 0.193466250152363; 25891.1007225033; 24015.92; 3833.33
484; 0.193545752285562; 26644.4397180362; 24699.09; 3969.2
485; 0.188956592151244; 27383.6400541604; 25415.08; 4107.94
486; 0.186230673040815; 28383.6610799481; 26380.84; 4234.14
487; 0.185511900214805; 29012.4056840914; 26980.79; 4305.15
488; 0.18436507575748; 29649.5590470196; 27586.14; 4393.08
489; 0.182474190887106; 30219.0828679473; 28142.46; 4460.62
490; 0.180220927669789; 31051.187019745; 28938.42; 4588.41
491; 0.177373735655437; 31551.3521609669; 29443.48; 4645.2
492; 0.178828567705618; 32038.8336200402; 29900.14; 4668.67
493; 0.177514666423387; 32691.5032312927; 30557.41; 4687.17
494; 0.179484754054633; 33145.8474772374; 30960.33; 4741.51
495; 0.177718191014243; 33534.1823771591; 31346.74; 4786.87
496; 0.179428336301403; 34108.0656257764; 31887.25; 4807.66
497; 0.180787345446543; 34493.0738804241; 32230.59; 4855.05
498; 0.18346968582404; 34866.4476302836; 32561.18; 4868.51
499; 0.186881805660163; 35278.8373846552; 32899.81; 4926.32
500; 0.186641407694393; 35812.5634086026; 33398.19; 4999.73
501; 0.186837283003173; 36132.1772019374; 33710.56; 5003
502; 0.18695561064167; 36504.0593251491; 34042.83; 5074.92
503; 0.188637616502389; 37031.1381924801; 34514.42; 5136.5
504; 0.187718600031105; 37434.1163945028; 34900.59; 5189.47
505; 0.186436177704864; 37831.7022048568; 35295.13; 5225.22
506; 0.1858697813452; 38246.049184217; 35692.76; 5269.39
507; 0.184465287770925; 38821.9019215238; 36254.46; 5332.8
508; 0.183745528575629; 39208.9937695342; 36587.86; 5459.35
509; 0.181056745848845; 39595.0189994043; 36997.2; 5485.06
510; 0.180553430943181; 40250.0741210725; 37643.04; 5513.6
511; 0.175120458598545; 40664.5530589739; 38097.82; 5590.42
512; 0.173943150288605; 41083.794301563; 38503.77; 5650.96
513; 0.171942447173078; 41673.5760260341; 39070.86; 5760.55
514; 0.168586187755379; 42058.4755368259; 39482.84; 5807.45
515; 0.168032574641723; 42493.1024134437; 39895.49; 5869.7
516; 0.168330592934369; 42932.2116865822; 40324.14; 5876.14
517; 0.167752045941347; 43610.2095980398; 40949.65; 6008.14
518; 0.170947778666468; 44086.1842868827; 41302.36; 6162
519; 0.174765852090329; 44552.16604083; 41667.33; 6239
520; 0.174932958851709; 45196.2879066683; 42261.46; 6334
521; 0.176547521368993; 45644.6412333585; 42653.92; 6388.78
522; 0.176196719541208; 46081.4583271676; 43048.19; 6485.63
523; 0.173808880288624; 46686.2495911842; 43676.28; 6517.4
524; 0.173315951135039; 47112.1455987229; 44062.51; 6615.12
525; 0.173907169867813; 47519.9855521497; 44445.36; 6639.83
526; 0.170844171807739; 48048.3319292901; 45025.6; 6637.96
527; 0.16730045046757; 48360.9621297054; 45380.58; 6677.03
528; 0.166742685369409; 48677.9003828897; 45687.52; 6715.06
529; 0.167868955085547; 48988.0126587404; 45960.42; 6746.35
530; 0.165558166785807; 49313.989132917; 46308.54; 6783.94
531; 0.164210913957018; 49519.9160221292; 46521.33; 6817.73
532; 0.163787468343177; 49716.3400654996; 46743.21; 6771.11
533; 0.159722418344023; 49939.120939482; 47023.3; 6803.34
534; 0.156078185711264; 50047.0920041497; 47184.78; 6828.13
535; 0.153552568002139; 50174.9925293312; 47355.85; 6828.6
536; 0.15203524142814; 50419.7986644964; 47620.21; 6841.89
537; 0.148278984065894; 50553.6180693957; 47820.9; 6840.27
538; 0.147362854659515; 50739.6614536578; 48015.37; 6854.16
539; 0.14700884298403; 51038.4994223639; 48327.27; 6830.84
540; 0.144771711877194; 51166.6294620912; 48482.08; 6861.21
541; 0.144270906835382; 51365.7103116722; 48678.04; 6887.29
542; 0.143695839314479; 51694.7427643084; 49016.37; 6885.18
543; 0.145757061096056; 51958.3189763977; 49216.43; 6943.33
544; 0.14352839125536; 52159.8673945806; 49448.15; 6968.07
545; 0.139004290263083; 52489.0466881305; 49847.83; 7002.1
546; 0.13870515962421; 52732.8722270819; 50082.68; 7035.31
547; 0.136891123219541; 52982.1707417371; 50337.31; 7108.03
548; 0.134736432807782; 53444.5544033017; 50827.53; 7139.67
549; 0.134316343738273; 53722.0909206112; 51105.64; 7154.2
550; 0.133607449681975; 54023.8866084715; 51394.15; 7222.56
551; 0.130891398532172; 54325.527793304; 51751.08; 7211.31
552; 0.129993598216482; 54787.5442977592; 52223.98; 7224.28
553; 0.129127373331437; 55067.6225538121; 52501.9; 7272.86
554; 0.130217939181287; 55382.1890347011; 52772.9; 7328.16
555; 0.129608029749015; 55850.2967026471; 53239.39; 7360.92
556; 0.130195690949509; 56177.1482572888; 53536.31; 7405.17
557; 0.128703708586094; 56479.7785030214; 53848.91; 7456.34
558; 0.123742876914694; 56947.3165575413; 54409.22; 7475.37
559; 0.123411406263647; 57321.8921841862; 54757.43; 7566.8
560; 0.124252547968143; 57731.037979542; 55133.58; 7605.72
561; 0.124355119207665; 58442.2302505963; 55812.27; 7688.1
562; 0.121442433348379; 58947.7336500316; 56365.63; 7722.56
563; 0.120100820469345; 59469.9381269522; 56875.89; 7838.57
564; 0.11803629142396; 60293.4970677656; 57717.65; 7913.26
565; 0.117602113944515; 60821.4344668949; 58242.66; 7945.65
566; 0.118968615846629; 61344.9562745132; 58702.52; 8042.35
567; 0.11781459672129; 61976.352308556; 59350.08; 8065.92
568; 0.115688326798398; 62305.781656465; 59726.5; 8061.66
569; 0.113379956010694; 62496.8749133117; 59972.48; 8045
570; 0.115110984209822; 62657.121139169; 60078.28; 8089.14
571; 0.113627024397527; 62638.9794523512; 60110.31; 8029.17
572; 0.114911161356345; 62580.4053280023; 60034.61; 7986.84
573; 0.1161264583417; 62389.0772573187; 59836.69; 7917.39
574; 0.113984594837445; 62155.1417968687; 59666.57; 7857.99
575; 0.112571574887211; 61834.7741131311; 59389.9; 7810.65
576; 0.111740603128518; 61631.0805196921; 59206.26; 7798.14
577; 0.114970781626468; 61525.7665576333; 59038.27; 7768.91
578; 0.115857061105407; 61319.7905139065; 58845.98; 7661.1
579; 0.11617788467913; 61188.5432484234; 58714.81; 7633.96
580; 0.119095043551632; 61103.8395065154; 58552.61; 7674.48
581; 0.117725393442962; 60926.2715535469; 58397.54; 7689.91
582; 0.120303304260454; 60885.4880489189; 58313.45; 7648.63
583; 0.120592674915452; 60808.67711965; 58250.26; 7584.74
584; 0.122376885336914; 60730.2418765326; 58147.02; 7541.72
585; 0.12049364027818; 60642.2823463888; 58099.9; 7533.6
586; 0.125433475791798; 60631.8525720093; 57970.68; 7570.12
587; 0.128166797517842; 60570.7217643433; 57840.8; 7595.33
588; 0.128355420705783; 60501.327213248; 57794.5; 7515.31
589; 0.132365028684708; 60494.7100487397; 57715.84; 7477.14
590; 0.135987673505905; 60499.4495281524; 57668.65; 7409.31
591; 0.139602521636658; 60519.9008158659; 57609.86; 7414.83
592; 0.140125668306943; 60591.7628242877; 57660.39; 7436.62
593; 0.142420675209006; 60704.2033753247; 57691.3; 7515.55
594; 0.138796428768212; 60756.4719030201; 57857.39; 7415.78
595; 0.140575481339413; 61040.9302389268; 58098.84; 7425.86
596; 0.141299980212868; 61295.4515920342; 58297.75; 7522.67
597; 0.142418532332302; 61581.7273603854; 58525.37; 7604.81
598; 0.143204118099442; 62117.4556285394; 59022.55; 7653.63
599; 0.145101137307034; 62600.9785736288; 59424.96; 7746.62
600; 0.147718846155306; 63118.6721773789; 59833.61; 7865.6
601; 0.150197699243331; 64005.4086216108; 60613.83; 7981.54
602; 0.151433444869016; 64650.1031980637; 61165.89; 8127.68
603; 0.153681651339814; 65270.8498816751; 61696.52; 8210.69
604; 0.152923609813255; 66109.8034778119; 62521.1; 8279.29
605; 0.151020566082747; 66670.8283344467; 63100.41; 8335.81
606; 0.151780965483763; 67296.1298298126; 63663.49; 8433.43
607; 0.152052989380395; 68037.5452279942; 64323.42; 8601.91
608; 0.153788945994225; 68430.2037718269; 64658.21; 8632.03
609; 0.156349194176721; 68898.8768040489; 65073.97; 8604.5
610; 0.158799185265304; 69078.0669574605; 65172.71; 8644.62
611; 0.156747442581248; 69147.8466754552; 65272.37; 8685.66
612; 0.159739300158519; 69255.9062142455; 65299.8; 8694.94
613; 0.160373247613311; 69230.4671163465; 65236.33; 8738.43
614; 0.161795494206974; 69053.9149674608; 65021.77; 8738.88
615; 0.16353662130231; 68625.4909512904; 64611.67; 8601.47
616; 0.164656372450246; 68319.568507089; 64327.71; 8490.97
617; 0.165192235148749; 67752.4799053596; 63750.78; 8479.51
618; 0.163140947678359; 67325.6433772618; 63409.58; 8397.41
619; 0.165360571847327; 66938.3059779397; 63031.1; 8261.52
620; 0.164695781927543; 66295.747036958; 62439.89; 8181.46
621; 0.167940696540854; 65881.5706778846; 62031.97; 8006.28
622; 0.169305099329539; 65496.9003410414; 61627.93; 7977.65
623; 0.172835622917571; 65024.6303249532; 61089.51; 7944.47
624; 0.172642091249019; 64661.634227338; 60775.51; 7850.56
625; 0.175050532261185; 64174.4525271848; 60333.15; 7649.55
626; 0.177872759837075; 63918.3211718281; 60001.55; 7672.37
627; 0.180836414695122; 63663.040336103; 59663.53; 7702.54
628; 0.182944799047867; 63207.6726622493; 59161.71; 7698.47
629; 0.183697075332224; 62968.2025055034; 58904.24; 7697.54
630; 0.185158772186184; 62714.7473930419; 58673.32; 7590.96
631; 0.185284734459254; 62303.9811151039; 58286.63; 7537.38
632; 0.184777601494657; 62051.6671577096; 58034.98; 7553.58
633; 0.186937827492231; 61720.3909671347; 57665.6; 7533.89
634; 0.188485152563054; 61508.7448641416; 57491.66; 7399.17
635; 0.188032013441865; 61275.8944512129; 57331.41; 7278.99
636; 0.189354679767919; 61062.4883630751; 57129.43; 7203.28
637; 0.189152742858888; 60843.5571971255; 56921.59; 7186.3
638; 0.188978127006564; 60659.7887351421; 56746.86; 7172.03
639; 0.18831700395766; 60353.6193400369; 56474.9; 7130.18
640; 0.189608832925816; 60199.3361071508; 56308.98; 7098.55
641; 0.187923659398126; 59896.947459544; 56025.04; 7124.54
642; 0.186146998684157; 59682.2679867786; 55851.63; 7112.18
643; 0.187159206845601; 59540.8921099735; 55692.95; 7102.18
644; 0.186634932902259; 59283.0816757322; 55477.42; 7040.41
645; 0.187636155417954; 59138.5897211194; 55315.46; 7031.93
646; 0.189049279195937; 58931.5444994732; 55086.22; 7016.63
647; 0.19211754383667; 58814.9829551277; 54921.49; 6988.22
648; 0.19333187691478; 58652.6762077708; 54777.47; 6908.9
649; 0.197789716233576; 58516.8232283554; 54584.21; 6850.24
650; 0.200789619013931; 58450.6009412915; 54434.91; 6887.44
651; 0.200106569028438; 58291.5606211921; 54281.94; 6897.29
652; 0.200879736074898; 58172.9060600262; 54181.24; 6836.59
653; 0.200135596460042; 58028.5541666725; 54066.57; 6807.61
654; 0.199949918989221; 57851.0691618441; 53933.75; 6733.97
655; 0.19933575329243; 57725.8088693909; 53818.85; 6734.1
656; 0.197215188357921; 57566.4246441684; 53659.37; 6803.89
657; 0.194990368166272; 57426.7585987175; 53572.96; 6785.34
658; 0.193151035021156; 57276.8602737868; 53491.61; 6725.75
659; 0.197108767628762; 57153.6745269828; 53290.37; 6723.85
660; 0.197287753728105; 57045.4638704442; 53130.56; 6804.68
661; 0.201242421437882; 56925.0903032917; 52944.07; 6779.84
662; 0.204827923472187; 56861.0969268914; 52776.31; 6831.17
663; 0.204610647810593; 56750.769616405; 52691.11; 6792.76
664; 0.205938605205421; 56574.6815973575; 52498.6; 6772.47
665; 0.207468942143199; 56459.9547219977; 52365.21; 6750.71
666; 0.210462351061195; 56321.316559115; 52168.7; 6746.16
667; 0.209130510510322; 56157.5531359993; 52068.84; 6682.48
668; 0.207346545528589; 55977.2644161398; 51924.09; 6679.42
669; 0.202257772282598; 55716.8162336205; 51789.98; 6631.49
670; 0.198739803327398; 55567.8261274636; 51718.39; 6613.31
671; 0.199087046459761; 55399.4741374716; 51538.43; 6617.96
672; 0.198837579221442; 55273.124424617; 51396.58; 6649.12
673; 0.195054188537562; 55093.303280893; 51260.48; 6697.67
674; 0.191115449535961; 54775.6383925958; 50991.09; 6745.8
675; 0.192474026266361; 54584.6321471436; 50777.7; 6734.8
676; 0.194706594696107; 54306.622869168; 50449.76; 6741.89
677; 0.196690081029504; 54122.4830031341; 50220.53; 6749.72
678; 0.196254817440122; 53719.3951173788; 49854.15; 6698.66
679; 0.195372948075845; 53424.3164881125; 49569.83; 6707.77
680; 0.194191044363076; 53085.8942293743; 49265.17; 6687.29
681; 0.19537093897578; 52671.5002245057; 48896.52; 6564.97
682; 0.195058996652761; 52370.0395210437; 48676.53; 6431.06
683; 0.191268993089823; 51924.5934523403; 48337.61; 6366.86
684; 0.190880824833779; 51631.6392696129; 48088.67; 6299.26
685; 0.187645601383266; 51138.9472509699; 47686.4; 6241.9
686; 0.187847089965504; 50842.0239231304; 47417.69; 6182.03
687; 0.186499405831867; 50569.7433128258; 47194.51; 6135.03
688; 0.184237882341086; 50166.3219966089; 46880.57; 6043.52
689; 0.185897657067251; 49949.4760227177; 46645.93; 6019.83
690; 0.184010266937993; 49566.0546943553; 46281.98; 6043.37
691; 0.184695654735629; 49333.3478001813; 46019.78; 6072.64
692; 0.181795530348456; 49035.7866962634; 45801.47; 6019.6
693; 0.177735779569968; 48587.5614312774; 45480.32; 5912.87
694; 0.177535718786637; 48345.3361707692; 45216.95; 5957.48
695; 0.175466071083043; 47904.6479675105; 44856.77; 5870.15
696; 0.172113119169227; 47576.330614535; 44601.15; 5839.3
697; 0.167029817669307; 47076.3976895906; 44212.6; 5789.13
698; 0.167272772198394; 46810.3611599656; 43970.67; 5729.64
699; 0.163609604566366; 46423.6273033015; 43685.73; 5645.72
700; 0.163028872413934; 46194.5622963265; 43480.78; 5613.72
701; 0.163825874280354; 45952.2206546618; 43262.21; 5535.8
702; 0.158240558747622; 45549.4687213193; 43047.86; 5328.02
703; 0.157706265016263; 45324.9324187227; 42844.93; 5298.29
704; 0.159044897622862; 45048.4823035374; 42562.73; 5264.28
705; 0.156584992734144; 44822.4771591159; 42395.58; 5218.32
706; 0.153062024114514; 44455.5085225753; 42117.78; 5140.41
707; 0.152951049463876; 44244.1370816646; 41925.34; 5100.31
708; 0.15240005879812; 44004.7987326446; 41719.61; 5042.41
709; 0.149388741028753; 43691.5909703719; 41441.44; 5063.33
710; 0.14779269504103; 43481.214219472; 41250.92; 5070.99
711; 0.143344499716384; 43099.689042535; 40971.05; 4988.98
712; 0.140659960047273; 42810.6146722728; 40745.44; 4931.56
713; 0.13837847554703; 42441.8488169354; 40453.58; 4825.16
714; 0.134082937740604; 42086.5487880054; 40162.51; 4817.99
715; 0.129918845388839; 41594.1279816274; 39741.68; 4785.79
716; 0.125197470856646; 41219.2888103914; 39438.32; 4773.18
717; 0.123820900434134; 40857.6444841685; 39110.62; 4732.38
718; 0.121157065371739; 40272.7546645528; 38587.23; 4664.32
719; 0.118706192877359; 39889.5474436387; 38255.66; 4612.8
720; 0.116567684896943; 39329.850515391; 37744.76; 4555.32
721; 0.113474953572846; 38948.7599177585; 37408.22; 4546.28
722; 0.121576988873141; 38499.4845391982; 36879.41; 4460.74
723; 0.119046542857504; 38143.9556689602; 36550.41; 4479.31
724; 0.124054979166605; 37718.8205541284; 36067.83; 4451.78
725; 0.125999699867877; 37480.5761790025; 35820.25; 4406.23
726; 0.125444951208074; 37201.1983438813; 35556.79; 4381.67
727; 0.127619877199389; 37088.6474017087; 35416.12; 4379.03
728; 0.129208657843697; 36967.9778051576; 35290.02; 4337.76
729; 0.12883651198681; 36844.3682931314; 35184.36; 4302.56
730; 0.125069761471662; 36783.211134869; 35167.28; 4313.26
731; 0.122739783599311; 36781.444961427; 35185.56; 4340.21
732; 0.116238271212287; 36775.6819754875; 35258.87; 4355.35
733; 0.109618021047149; 36747.3354311582; 35317.69; 4352.44
734; 0.106738204501783; 36699.9230934475; 35320.05; 4313.85
735; 0.102518815288329; 36616.1743052511; 35287.77; 4322.8
736; 0.100254793454959; 36546.0403177474; 35255.22; 4294.16
737; 0.0978517432267614; 36449.0748135408; 35198.54; 4260.86
738; 0.0959339856261741; 36362.7012973576; 35153.14; 4202.21
739; 0.0917158836378769; 36217.1480513962; 35082.98; 4119.97
740; 0.0927184020620292; 36144.3118831862; 35003.05; 4099.39
741; 0.0970603040868931; 36128.6602641024; 34937.5; 4085.83
742; 0.0980749910623299; 36138.3053488364; 34942.34; 4058.61
743; 0.0983586779436384; 36161.1258836593; 34952.47; 4088.45
744; 0.097718770496023; 36348.3195693377; 35132.25; 4139.05
745; 0.0945003823710887; 36465.2506046501; 35282.64; 4160.7
746; 0.0900936517797718; 36674.4259843833; 35543.95; 4170.26
747; 0.0863553981334348; 36858.8901937959; 35776.2; 4165.32
748; 0.0801818277418309; 37030.8878989639; 36018.91; 4191.6
749; 0.0790366065371634; 37082.9952992402; 36058.63; 4303.18
750; 0.0734408083601191; 37034.0524738815; 36077.01; 4325.62
751; 0.0756031418484245; 36973.1095676842; 35972.11; 4394.76
752; 0.0758097425991937; 36714.2187934633; 35724.03; 4335.18
753; 0.0786984035841737; 36495.5082643986; 35464.2; 4349.34
754; 0.0848127118642378; 36042.7595019295; 34948.18; 4283.12
755; 0.0884287804219593; 35655.0915708048; 34532.21; 4213.14
756; 0.0851390328671253; 35021.8101581834; 33962.17; 4128.32
757; 0.0856447249208471; 34631.9706297241; 33587.64; 4043.01
758; 0.0850504236999904; 33999.5965546777; 32986.28; 3948.75
759; 0.0809975655326863; 33589.5976178009; 32637.24; 3895.07
760; 0.0809691674982102; 33213.5944619697; 32259.49; 3901.75
761; 0.0825835244730856; 32633.2471230961; 31671.34; 3854.95
762; 0.0784243627434743; 32233.6333231509; 31326.86; 3824.92
763; 0.0778779942588857; 31748.5240424227; 30858.15; 3780.55
764; 0.0791375057788689; 31443.4685912562; 30552.62; 3720.96
765; 0.0808002018811711; 31039.2551240132; 30138.48; 3684.65
766; 0.078318272085394; 30737.8072028695; 29870.46; 3660
767; 0.0765502825555806; 30289.7152677571; 29455.42; 3601.95
768; 0.0735449891795859; 29992.3917634571; 29204.38; 3541.26
769; 0.0728664999629929; 29622.8619992139; 28843.31; 3535.64
770; 0.0713584752320028; 29369.39781062; 28611.77; 3508.6
771; 0.0660127383474039; 28985.5478013159; 28287.46; 3493.24
772; 0.06600322379531; 28743.7803057176; 28045.07; 3495.43
773; 0.0596210170532839; 28337.3518624316; 27721.45; 3409.49
774; 0.0566829419986549; 28070.2772012812; 27494.01; 3353.85
775; 0.0551515204273893; 27722.9562602718; 27168.28; 3316.68
776; 0.0544864960670514; 27488.7496624336; 26952.81; 3242.53
777; 0.0526815047925295; 27163.918283047; 26651.39; 3206.32
778; 0.0488295694798904; 26942.8081258384; 26475.12; 3155.71
779; 0.0468758842086428; 26635.295203946; 26196.88; 3080.8
780; 0.0498162880694433; 26451.4600234227; 25989.04; 3056.91
781; 0.0483526425417942; 26147.8546212777; 25702.91; 3029.75
782; 0.0439985174893062; 25963.9295263414; 25564.84; 2985.68
783; 0.046679170842912; 25685.8704149095; 25265.45; 2963.98
784; 0.0535929130582763; 25536.9025167026; 25057.13; 2945.32
785; 0.0601277627319672; 25301.2552203912; 24774.1; 2883.66
786; 0.0624589498653955; 25144.4199627103; 24595.43; 2890.19
787; 0.0601005436669046; 24842.2477293297; 24317.46; 2870.28
788; 0.0596983624875011; 24670.1779706559; 24145.77; 2886.61
789; 0.0650670987936868; 24418.7054172559; 23839.99; 2921.87
790; 0.069604383779072; 24301.6689086098; 23681.33; 2927.02
791; 0.0650234201663616; 24025.2509619085; 23459.54; 2856.59
792; 0.0582369276399555; 23823.9347902033; 23322.97; 2823.81
793; 0.0539066564893935; 23503.3522010479; 23037.1; 2838.72
794; 0.0561482014144254; 23351.7049962813; 22868.76; 2822.52
795; 0.0623721502191207; 23147.4637848038; 22607.09; 2842.83
796; 0.0707606252794733; 22962.3723560191; 22354.82; 2817.16
797; 0.0778614260311025; 22834.2058190346; 22177.05; 2769.18
798; 0.0810845295050762; 22635.1099613158; 21947.57; 2781.96
799; 0.0856664672240411; 22509.9754719671; 21776.97; 2806.93
800; 0.084148600242761; 22312.9838618532; 21599.88; 2779.62
801; 0.0890850841629849; 22181.8410761387; 21427.25; 2777.37
802; 0.0950051455513335; 22026.6747250903; 21246.22; 2692.62
803; 0.0944005149895201; 21885.99434513; 21118.69; 2663.1
804; 0.0895831370026024; 21673.281503023; 20955.5; 2624.18
805; 0.0873423637648882; 21499.4742123801; 20811.88; 2577.65
806; 0.0902693374123263; 21285.5653660579; 20577.48; 2567.74
807; 0.0892204025995797; 21127.9149430697; 20444.88; 2505.62
808; 0.0931775624362713; 20935.4815836477; 20233.34; 2465.85
809; 0.0901487388535697; 20784.6581372042; 20117.91; 2419.76
810; 0.081708901106953; 20540.1189680987; 19941.99; 2394.41
811; 0.0759277136299545; 20395.8410213215; 19840.25; 2392.78
812; 0.0800748297435844; 20210.1197294386; 19616.34; 2424.03
813; 0.0806032325722076; 20107.3676550459; 19507.44; 2432.37
814; 0.0773345599966163; 19946.1266158456; 19384.56; 2372.31
815; 0.0803986209489738; 19847.4114862722; 19269.86; 2346.4
816; 0.0765788506506287; 19647.6821548508; 19099.36; 2338.24
817; 0.0783767300537195; 19468.9147906674; 18911.16; 2323.53
818; 0.0829754535757657; 19365.2895028644; 18779.83; 2303.4
819; 0.0801648505960864; 19142.7864981697; 18588.73; 2255.84
820; 0.0793383575407928; 19006.6642623312; 18471.08; 2202.85
821; 0.078850136340299; 18826.7301291083; 18304.05; 2162.46
822; 0.0767646253828766; 18722.6340417414; 18214.57; 2158.47
823; 0.0815415867694684; 18604.3464010469; 18072.01; 2128.55
824; 0.0886088853173784; 18524.5987228451; 17950.02; 2113.67
825; 0.0907030653387006; 18403.4828690184; 17823.05; 2085.84
826; 0.0926953059210833; 18317.1765949718; 17718.64; 2104.67
827; 0.102177781117261; 18216.3981549261; 17567.1; 2071.48
828; 0.101354242704078; 18100.7369689995; 17446.36; 2104.85
829; 0.100876372372841; 17956.6939933092; 17319.63; 2058.67
830; 0.0969659957885062; 17776.7348974479; 17167.7; 2047.33
831; 0.0921238084157277; 17651.9585563858; 17070.99; 2054.64
832; 0.0878853515575354; 17496.8400784775; 16949.8; 2026.97
833; 0.0864208515095224; 17393.2398057119; 16862.72; 1998.1
834; 0.0777611200209969; 17220.8361698298; 16745.5; 1988.73
835; 0.0797374428213381; 17144.5434301633; 16665.86; 1952.59
836; 0.083599659183295; 17017.7426144345; 16511.91; 1967.5
837; 0.087074185469727; 16950.2419958339; 16426.18; 1957.32
838; 0.089715382920456; 16824.730867785; 16291.25; 1934.09
839; 0.0926832485516343; 16690.1778713975; 16142.26; 1924.19
840; 0.0985427032030357; 16637.5482447142; 16052.59; 1932.12
841; 0.103647570316881; 16546.1025148806; 15937.23; 1914.22
842; 0.104324200262194; 16450.016742139; 15840.72; 1902.7
843; 0.102967221254941; 16320.56851371; 15720.73; 1897.36
844; 0.107338793825279; 16247.0818044016; 15632.51; 1864.37
845; 0.112410472516157; 16104.9953740086; 15468.07; 1844.53
846; 0.113762270530721; 16019.4741973605; 15382.36; 1822.74
847; 0.117420937277349; 15915.5613176533; 15250.27; 1843.57
848; 0.11829497628467; 15780.8624857208; 15118.86; 1820.49
849; 0.113698288145849; 15676.1320316796; 15039.5; 1821.03
850; 0.113362749252707; 15528.2476130529; 14899.55; 1803.19
851; 0.113972670128704; 15427.6654373532; 14798.65; 1794.04
852; 0.103503897433997; 15235.3595003023; 14672.91; 1765.98
853; 0.104078815787757; 15163.1923951614; 14599.06; 1761.08
854; 0.107024639632946; 15005.1561808223; 14426.29; 1756.88
855; 0.104932010572751; 14808.3100410551; 14252.44; 1720.34
856; 0.108995267010177; 14710.6040863825; 14145.41; 1683.66
857; 0.114256602563104; 14569.3711001973; 13982.24; 1668.09
858; 0.114897008139189; 14463.2452900113; 13875.99; 1658.82
859; 0.121677456994992; 14344.2677567608; 13730.38; 1637.1
860; 0.126546908409126; 14236.7147397447; 13604.73; 1620.14
861; 0.128010044934538; 14078.7875471051; 13458.69; 1571.19
862; 0.127660771607801; 13916.6304896945; 13294.88; 1579.38
863; 0.132272188455491; 13808.5530994114; 13172.94; 1558
864; 0.137346439064898; 13651.5524095079; 12984.52; 1574.25
865; 0.13993984167761; 13539.1188633983; 12852.86; 1589.3
866; 0.145418045386354; 13354.2660099901; 12661.71; 1543.16
867; 0.143074731013776; 13144.7047599376; 12478.66; 1508.05
868; 0.143900922444109; 13006.1209245609; 12339.72; 1499.9
869; 0.14437676292628; 12787.1855183398; 12143.73; 1443.2
870; 0.142960616963542; 12638.9158018542; 12003.74; 1438.46
871; 0.14409508220879; 12397.1699767365; 11795.11; 1352.42
872; 0.141725160890459; 12214.0400907898; 11621.28; 1353.53
873; 0.138041470172745; 11948.4975361368; 11391.77; 1304.92
874; 0.137706442234249; 11713.9923728392; 11157.91; 1306.28
875; 0.146712237608824; 11570.4024099556; 10988.42; 1282.95
876; 0.144701279258323; 11339.0083061551; 10764.51; 1283.8
877; 0.148459335427447; 11199.8737000519; 10619.45; 1263.96
878; 0.152847229252188; 11013.3515654327; 10426.64; 1240.69
879; 0.150944461769018; 10843.7753045332; 10281.91; 1202.89
880; 0.153457346364908; 10757.3614348658; 10176.64; 1222.66
881; 0.154571125078882; 10635.5520798271; 10049.07; 1225.61
882; 0.153762224236491; 10554.6198924197; 9964.16; 1240.17
883; 0.154684403185229; 10455.7840031279; 9871.87; 1218.87
884; 0.159508318147354; 10366.9064687366; 9759.58; 1229.16
885; 0.159519613366364; 10312.6129187185; 9705.01; 1229.35
886; 0.159138388509284; 10224.8303751009; 9624.7; 1216.9
887; 0.16517688180091; 10191.2915353894; 9581.9; 1190.31
888; 0.174574791903443; 10131.0334101454; 9500.49; 1165.17
889; 0.176811928084252; 10080.5037847564; 9458.44; 1134.77
890; 0.17555432394934; 10064.290053667; 9437.48; 1151.43
891; 0.17468790618394; 10035.1625015428; 9410.91; 1152.23
892; 0.165648557164896; 10036.0304243758; 9440.9; 1158.23
893; 0.174444558184633; 10095.0021072294; 9456.13; 1180.51
894; 0.17792471765959; 10188.7544491174; 9516.2; 1218.24
895; 0.17506944419044; 10261.7426691377; 9601.35; 1215.52
896; 0.171948229386925; 10389.1973421456; 9716.85; 1259.78
897; 0.177757103337278; 10500.8085582114; 9809.8; 1252.27
898; 0.178294226203202; 10695.868865715; 10009.86; 1239.26
899; 0.187722749757971; 10930.9078829576; 10218.36; 1222.35
900; 0.184413310993471; 11037.5864529276; 10337.8; 1221.8
901; 0.182137372374767; 11184.8268343694; 10488.16; 1231.39
902; 0.182444355039883; 11310.2053605003; 10593.25; 1264.91
903; 0.184168013710341; 11367.2847232529; 10645.88; 1260.64
904; 0.17823028012921; 11385.6971472639; 10679.41; 1275.13
905; 0.178038482451647; 11347.2783879809; 10655.26; 1250.55
906; 0.185148992880871; 11261.8917933042; 10541.38; 1251.83
907; 0.178755217587397; 11105.1556255508; 10411.05; 1248.88
908; 0.176897937147904; 10973.1637298586; 10286.47; 1248.31
909; 0.174060586199094; 10740.1282999552; 10069.8; 1238.26
910; 0.169970824175724; 10450.6021093743; 9823.06; 1186.92
911; 0.178212780530845; 10271.8424745072; 9629.07; 1159.31
912; 0.177883453447175; 9919.63210561526; 9285.22; 1146.16
913; 0.176974371875665; 9667.21237200332; 9042.21; 1134.81
914; 0.184928300204287; 9311.93127194305; 8674.98; 1106.58
915; 0.188686264605103; 8963.08512130908; 8362.8; 1021.94
916; 0.19080995869198; 8723.14884216774; 8140.9; 980.04
917; 0.192064225290736; 8369.25667028062; 7802.17; 948.16
918; 0.184290705952216; 8023.29974014183; 7504.64; 903.62
919; 0.192115399251103; 7839.07144257598; 7335.11; 842.14
920; 0.195006271021973; 7564.07322542749; 7076.67; 802.29
921; 0.196442298968643; 7290.45969604973; 6827.49; 756.4
922; 0.193142652373083; 7101.04345005613; 6642.23; 762.34
923; 0.197185532498658; 6832.05592560133; 6379.21; 736.9
924; 0.195401304587986; 6659.17848963445; 6235.64; 695.41
925; 0.207232953733566; 6418.09515027817; 5975.99; 684.36
926; 0.212043523485253; 6171.75983331251; 5733.56; 662.86
927; 0.219449447929447; 6016.49381860155; 5578.53; 640.06
928; 0.217124261353386; 5760.83315613324; 5344.84; 614.38
929; 0.222958478721732; 5497.38622041708; 5096.11; 577.06
930; 0.220272222006897; 5306.83286489151; 4916.24; 568.49
931; 0.233213886354876; 5008.88202426045; 4622.43; 531.18
932; 0.23435504190546; 4666.02645165352; 4320.37; 472.73
933; 0.23110986392573; 4407.33565498882; 4082.87; 449.92
934; 0.212351298172302; 3977.12844198516; 3709.57; 403.73
935; 0.216838360934117; 3536.25793172888; 3289.86; 364.07
936; 0.205585778177704; 3232.26220196332; 3013.38; 341.07
937; 0.209684396476298; 2793.08474670498; 2607.66; 283.25
938; 0.196496871088928; 2373.88844376208; 2217.03; 255.66
939; 0.184222347037896; 2125.89912226906; 1987.35; 240.84
940; 0.175244117859358; 1818.14530820682; 1708.3; 200.7
941; 0.18662466612229; 1589.23778587148; 1492.92; 165.23
942; 0.187980657573699; 1488.80811138503; 1401.15; 149.27
943; 0.209460428953616; 1387.05241884786; 1302.09; 129.83
944; 0.214121863236693; 1341.86795188425; 1262.49; 118.64
945; 0.217440845813472; 1342.80422725957; 1262.09; 118.78
946; 0.215829181181693; 1358.86347262385; 1273.61; 126.38
947; 0.208999352770273; 1408.92231194915; 1321.41; 133.95
948; 0.184613656381766; 1442.77379343008; 1363.71; 136.99
949; 0.203689664292117; 1519.23806332609; 1428.21; 142.93
950; 0.184493818996349; 1605.54870904699; 1513.54; 159.48
951; 0.172183464324691; 1658.0365001073; 1560.05; 181.96
952; 0.171864386661445; 1750.91620580326; 1643.42; 199.97
953; 0.192795378639973; 1859.59371563965; 1744.87; 190.22
954; 0.204661609788034; 1933.57476077231; 1804.25; 201.97
955; 0.218142584496478; 2036.82528112879; 1886.52; 220.2
956; 0.216929534578776; 2131.16549273885; 1973.27; 232.59
957; 0.227221115966588; 2186.6267157404; 2017.89; 237.27
958; 0.253299710543584; 2277.84630136843; 2093.11; 233
959; 0.262195838752634; 2349.86642261908; 2164.83; 225.43
960; 0.250277025123256; 2383.45740885666; 2197.28; 237.59
961; 0.252160352656418; 2439.34936750775; 2240.09; 252.36
962; 0.270466723010735; 2497.19629577324; 2283.29; 252.54
963; 0.273165887603984; 2517.09375104541; 2296.84; 257.43
964; 0.255374727620643; 2537.65379292565; 2337.1; 250.71
965; 0.246824263602643; 2558.87117387266; 2355.82; 262.59
966; 0.252890118647779; 2584.71874172608; 2365.12; 277.15
967; 0.24932094350779; 2594.52699048123; 2373.35; 283.1
968; 0.258686398783787; 2604.86424321233; 2376.54; 281.63
969; 0.245100097425819; 2593.06950027488; 2370.7; 289.46
970; 0.246072858064616; 2596.78122728666; 2366.85; 298.08
971; 0.255085638018035; 2595.32385046896; 2360.21; 293.99
972; 0.253254254158141; 2587.36576600694; 2353.17; 294.93
973; 0.248791291414833; 2573.71585601029; 2347.33; 290.17
974; 0.235359171036349; 2546.00448426436; 2331.79; 290.21
975; 0.220144204653457; 2519.8873374636; 2324.88; 282.41
976; 0.223586314042275; 2511.66471608987; 2322.23; 270.08
977; 0.194637359933474; 2473.59233320233; 2313.59; 262.02
978; 0.2054016404464; 2455.81386080302; 2288.88; 259.01
979; 0.190868783947019; 2413.74741654008; 2262.7; 252.18
980; 0.176746975784624; 2381.62547453759; 2245.69; 245.05
981; 0.170871582713956; 2347.22927162688; 2220.96; 235.42
982; 0.167012719985959; 2309.2437399258; 2183.47; 239.89
983; 0.16994354605431; 2273.6504341653; 2140.37; 249.79
984; 0.186405989367477; 2250.531727143; 2104.59; 249.33
985; 0.180489460570295; 2209.08158312627; 2072.4; 241.14
986; 0.2116021472058; 2189.67147253831; 2037.13; 229.52
987; 0.21750527207013; 2172.38158693049; 2018.37; 225.42
988; 0.22202754260352; 2138.05787058548; 1985.88; 218.17
989; 0.241442547339879; 2099.86904393285; 1950.05; 197.49
990; 0.230110643256483; 2075.77481867737; 1942.59; 184.19
991; 0.251623173312235; 2037.04992376572; 1902.07; 170.69
992; 0.250761501140808; 2002.30858565389; 1866.89; 171.81
993; 0.233223608114992; 1950.64092483984; 1826.88; 168.81
994; 0.230172684276959; 1924.39896362174; 1801.55; 169.77
995; 0.25136490326957; 1879.07220152457; 1753.79; 158.52
996; 0.25987064426331; 1845.34737177184; 1712.27; 162.85
997; 0.257987102150286; 1803.86661329155; 1669.42; 165.71
998; 0.229238964001268; 1773.05621907607; 1649.52; 171.34
999; 0.237258875104421; 1735.71595990765; 1609.99; 168.46
1000; 0.26347076751978; 1703.01840485395; 1572.97; 156.9
1001; 0.267236911429955; 1669.63205836229; 1537.56; 157.08
1002; 0.260846147088869; 1643.5817215475; 1507.6; 165.67
1003; 0.249230262760868; 1602.57059653432; 1483.4; 151.94
1004; 0.241396741820367; 1561.25870333137; 1452.09; 143.69
1005; 0.272471254125875; 1541.21030381194; 1426.54; 133.7
1006; 0.292715339555231; 1503.12078346637; 1392.69; 119.84
1007; 0.270499788646194; 1468.75282824813; 1360.28; 127.37
1008; 0.247942855861871; 1425.12500180334; 1330.15; 121.65
1009; 0.273655648910843; 1406.39168784121; 1305.09; 117.55
1010; 0.235634459855749; 1366.76050078525; 1276.43; 121.72
1011; 0.270246146115493; 1340.10885053431; 1247.08; 109.29
1012; 0.255252097003459; 1298.4592228444; 1226.3; 89.74
1013; 0.22097372179682; 1270.72990397113; 1203.11; 97.13
1014; 0.173686378679418; 1229.32486787294; 1183.93; 82.95
1015; 0.207055819503663; 1213.50386447965; 1162.61; 78
1016; 0.204442924118628; 1187.3598458327; 1136.04; 79.65
1017; 0.224169444167523; 1169.64864194406; 1118.19; 72.83
1018; 0.196368450262882; 1135.1619708803; 1089.33; 74.04
1019; 0.153427052484434; 1098.24794610002; 1053.08; 93.38
1020; 0.126927505446941; 1065.75098961048; 1031.33; 86.01
1021; 0.124387497535781; 1046.41428971736; 1012.25; 87.1
1022; 0.0964699943535439; 1010.1591027474; 982.3; 91.57
1023; 0.064542387755013; 972.816122858383; 955.81; 83.54
1024; 0.0292185595544565; 939.486240891207; 931.76; 83.83
1025; 0.0633263100952667; 928.6015277638; 909.97; 93.26
1026; 0.0921330108934347; 916.498957592405; 889.93; 91.4
1027; 0.13941678656792; 903.722023167771; 860.61; 98
1028; 0.151872531010598; 881.663421049798; 835.58; 96.15
1029; 0.164547520897323; 865.251727244752; 814.05; 98.59
1030; 0.173656748989662; 848.030451086967; 791.84; 102.51
1031; 0.216310017526013; 836.858850732887; 762.89; 108.32
1032; 0.206143069586052; 813.039550441108; 750.5; 96.09
1033; 0.191604405391234; 786.797556172733; 735.82; 84.26
1034; 0.193863531327729; 774.143617894024; 719.26; 89.65
1035; 0.25267660984376; 765.795538262293; 702.41; 79.43
1036; 0.2996897076662; 752.866965351133; 683; 73.81
1037; 0.282056068429879; 734.006789425289; 662.23; 80.56
1038; 0.289281465911831; 719.457397934304; 654.69; 70.87
1039; 0.459330180139303; 751.933209503012; 573.11; 123.22
1040; 0.239227823874315; 659.768341430569; 578.24; 107.85
1041; 0.348217404523309; 646.960851998163; 598.75; 43.81
