# 06/03/2019 12:17:53
# NanoCalc data
# Original file name: C:\SVA_DATA\StudentProjects\2018_Nathan\PIswelling\PIslowslow_347.dat
# Fit Result : Fitness; Thickness 1; Thickness 2; Thickness 3 
# Fit Result : 1.22615220872529; 2; 395.8; -1
# comment:PI id:353 Slowslow swelling start 11:22
#
# WaveLength; Reflectance; Raw Intensity; Dark Intensity; Reference Intensity
400; 0.326031862206976; 4339.03882298462; 3854.36; 720.85
401; 0.333142545843113; 4487.06920846623; 3985.6; 726.75
402; 0.353939049436172; 4611.7817565213; 4083.71; 717.18
403; 0.353168762782132; 4715.86640931706; 4177.83; 729.27
404; 0.352212323740473; 4835.95204536258; 4266.9; 770.15
405; 0.365614806438856; 5012.83240522332; 4419.01; 771.21
406; 0.361148602597773; 5128.69063227452; 4538.57; 772.84
407; 0.36151601819364; 5256.53566874389; 4650.31; 790.01
408; 0.372177319057945; 5383.56926529856; 4747.36; 802.14
409; 0.380751371063502; 5502.18653138266; 4845.27; 806.6
410; 0.378524467993085; 5672.08475186863; 4970.83; 862.87
411; 0.380694940183668; 5781.78399721052; 5045.16; 898.04
412; 0.385038124425622; 5872.37008090618; 5134.48; 886.28
413; 0.391069455567806; 5978.56249112667; 5205.72; 910.9
414; 0.393038215266841; 6132.72482618814; 5316.37; 954.15
415; 0.396370837242802; 6222.7277567198; 5386.19; 966.33
416; 0.39949805190287; 6320.00019892248; 5457.07; 985.72
417; 0.402702442972118; 6415.00264619966; 5520.71; 1010.06
418; 0.40780773980256; 6549.90844438425; 5645.41; 1005.43
419; 0.401020199311695; 6637.8317596758; 5742.25; 1009.35
420; 0.403484735694072; 6762.64278331926; 5841.72; 1028.49
421; 0.395554561365859; 6872.2894623893; 5953.97; 1043.09
422; 0.38843927137357; 7028.77465505206; 6112.25; 1057.02
423; 0.394393334124018; 7163.45686834383; 6213.11; 1076.28
424; 0.379568163418556; 7289.22519063968; 6341.27; 1112.19
425; 0.375051040982236; 7423.41266001592; 6476.56; 1121.22
426; 0.355417328652095; 7624.31880290455; 6672.57; 1186.04
427; 0.357270779210927; 7783.53083141381; 6816.49; 1195.56
428; 0.354172361670625; 7934.77620670902; 6935.77; 1242.47
429; 0.359025766723954; 8078.54856063807; 7065.26; 1240.13
430; 0.365950271704224; 8309.42438048289; 7250.62; 1268.14
431; 0.356568604206129; 8447.5690237862; 7391.86; 1294.51
432; 0.353556302830829; 8566.5774962936; 7498.99; 1316.94
433; 0.351148267807837; 8676.0585075267; 7596.6; 1337.5
434; 0.357213922560878; 8856.52558183559; 7741.1; 1355.32
435; 0.353288740525036; 8961.63379305087; 7839.02; 1376.23
436; 0.34187280461929; 9032.93740552607; 7932.9; 1390.56
437; 0.341369739436403; 9153.5368904027; 8022.45; 1428.62
438; 0.339452261306863; 9326.24948540672; 8192.53; 1436.7
439; 0.332477913769626; 9396.21070036412; 8266.28; 1458.6
440; 0.329456053790705; 9487.72869920229; 8353.7; 1473.93
441; 0.32980500686953; 9595.99976048487; 8471.61; 1456.61
442; 0.327141561513596; 9781.02570082152; 8631.22; 1498.28
443; 0.314846275121911; 9869.47691229479; 8745.18; 1518.91
444; 0.312295100617322; 10009.4175616129; 8868.1; 1551.1
445; 0.311876185426306; 10125.4085014469; 8992.88; 1537.75
446; 0.306438699125612; 10297.6603280098; 9180.96; 1539.64
447; 0.298951421306174; 10469.4182363596; 9336.15; 1598.18
448; 0.29813932592626; 10646.0665616383; 9503.28; 1612.48
449; 0.292231822386522; 10911.4032324112; 9759.68; 1654.44
450; 0.289838954010666; 11101.7413487529; 9952.86; 1660.42
451; 0.286577830231751; 11287.9175300917; 10135.12; 1681.65
452; 0.283573006633754; 11461.7504286446; 10315.84; 1685.87
453; 0.272355266095307; 11769.4951152204; 10632.34; 1738.46
454; 0.262977009899764; 12000.829881082; 10871.13; 1785.11
455; 0.260899651979715; 12228.4931335382; 11090.19; 1809.49
456; 0.249767987213791; 12446.1201290852; 11336.98; 1838.14
457; 0.242496268069136; 12807.8138001774; 11703.49; 1881.48
458; 0.236109214962641; 13058.9084278365; 11962.1; 1915.55
459; 0.2325844198294; 13279.0366836647; 12166.46; 1968.86
460; 0.228130585407616; 13534.551253877; 12419.21; 2008.52
461; 0.225642116320093; 13879.6877671456; 12764.35; 2026.89
462; 0.228685509160591; 14109.9608716194; 12966.47; 2046.57
463; 0.226965327760847; 14303.4575736435; 13151.39; 2073.78
464; 0.219092239496414; 14631.787135172; 13494.02; 2117.77
465; 0.212675015823011; 14852.8643456347; 13718.51; 2171.37
466; 0.203809151893415; 15060.8533443592; 13951.52; 2211.96
467; 0.198590476890949; 15306.2827284567; 14196.36; 2267.48
468; 0.192744607964146; 15790.0730539976; 14670.32; 2352.97
469; 0.190207832572168; 16113.7480302246; 14971.26; 2428.75
470; 0.184419833824737; 16441.0776126082; 15302.08; 2493.24
471; 0.179671530335347; 16855.1125452284; 15703.48; 2583.28
472; 0.178995094623653; 17493.0838464349; 16286.71; 2711.89
473; 0.175230871286814; 17926.4049342188; 16704.77; 2800.68
474; 0.172220066566245; 18420.9435556099; 17202.51; 2837.59
475; 0.168999219951571; 19264.2723058501; 18016.84; 2955.76
476; 0.161432337104434; 19796.5023190567; 18568.46; 3041.26
477; 0.164177452443018; 20407.1199422604; 19133.22; 3097.15
478; 0.160654846549952; 21109.7250844853; 19813.99; 3214.11
479; 0.150553798087505; 22097.7238099356; 20817.86; 3382.47
480; 0.144712815786036; 22804.7787995548; 21534.12; 3488.23
481; 0.142057035154238; 23537.4369092877; 22257.23; 3574.77
482; 0.136028558961021; 24604.7569501519; 23325.31; 3725.36
483; 0.135560008912527; 25329.8417576965; 24015.92; 3833.33
484; 0.131180886370608; 26017.6035674602; 24699.09; 3969.2
485; 0.125716694351977; 26724.8033593433; 25415.08; 4107.94
486; 0.121337110276773; 27685.7621069455; 26380.84; 4234.14
487; 0.118413004737722; 28277.5786014158; 26980.79; 4305.15
488; 0.114642911575826; 28869.2266495698; 27586.14; 4393.08
489; 0.110331484792946; 29398.0725513518; 28142.46; 4460.62
490; 0.107075036234937; 30193.6826829758; 28938.42; 4588.41
491; 0.106610746806625; 30710.4196876779; 29443.48; 4645.2
492; 0.104548342759607; 31150.4820259666; 29900.14; 4668.67
493; 0.0977842044426811; 31732.9782673045; 30557.41; 4687.17
494; 0.095670899059663; 32125.2780929966; 30960.33; 4741.51
495; 0.0953348541775624; 32520.1679921382; 31346.74; 4786.87
496; 0.0955525992152106; 33069.9210863786; 31887.25; 4807.66
497; 0.0962517450010093; 33435.143454721; 32230.59; 4855.05
498; 0.0978797402656377; 33791.023480036; 32561.18; 4868.51
499; 0.100351849281688; 34177.3008541716; 32899.81; 4926.32
500; 0.0999586749834839; 34691.2447932559; 33398.19; 4999.73
501; 0.105427469315684; 35077.0162508504; 33710.56; 5003
502; 0.107810168734806; 35462.1270616322; 34042.83; 5074.92
503; 0.110379264647843; 35987.0504782815; 34514.42; 5136.5
504; 0.109983697676906; 36384.974610706; 34900.59; 5189.47
505; 0.106244343531784; 36740.645843779; 35295.13; 5225.22
506; 0.107305697343718; 37166.8160539194; 35692.76; 5269.39
507; 0.10710239786324; 37745.1425533012; 36254.46; 5332.8
508; 0.108416290435607; 38134.4206277947; 36587.86; 5459.35
509; 0.107952194679887; 38546.1081119404; 36997.2; 5485.06
510; 0.105197030815693; 39161.9934053127; 37643.04; 5513.6
511; 0.102339809939247; 39597.8102097239; 38097.82; 5590.42
512; 0.102760821500434; 40027.9772842754; 38503.77; 5650.96
513; 0.107396872474417; 40696.5409515671; 39070.86; 5760.55
514; 0.107097191359156; 41119.0554909104; 39482.84; 5807.45
515; 0.107570796168687; 41558.4249163256; 39895.49; 5869.7
516; 0.10512364613436; 41952.8992189508; 40324.14; 5876.14
517; 0.110741711424824; 42706.0215636451; 40949.65; 6008.14
518; 0.114350983961231; 43164.5254452808; 41302.36; 6162
519; 0.118413137933694; 43621.9594881585; 41667.33; 6239
520; 0.123380066394653; 44331.3916147083; 42261.46; 6334
521; 0.126091896335979; 44789.9211672907; 42653.92; 6388.78
522; 0.129070130905782; 45270.1629236691; 43048.19; 6485.63
523; 0.134603874202083; 46007.3091599086; 43676.28; 6517.4
524; 0.139280402879176; 46513.2623516625; 44062.51; 6615.12
525; 0.142022659475814; 46956.2771642578; 44445.36; 6639.83
526; 0.143658683895681; 47567.3413198031; 45025.6; 6637.96
527; 0.144307992712538; 47951.3618565466; 45380.58; 6677.03
528; 0.147919744463154; 48340.3278344469; 45687.52; 6715.06
529; 0.151693268321937; 48696.2768194923; 45960.42; 6746.35
530; 0.156283987589497; 49145.6309397502; 46308.54; 6783.94
531; 0.15629761569717; 49375.4146307227; 46521.33; 6817.73
532; 0.158831239595397; 49626.3727874741; 46743.21; 6771.11
533; 0.162129627070614; 49983.0658639545; 47023.3; 6803.34
534; 0.162866994312755; 50171.5917109176; 47184.78; 6828.13
535; 0.168595287305539; 50451.168761984; 47355.85; 6828.6
536; 0.170798436808766; 50765.3055917318; 47620.21; 6841.89
537; 0.169891902960067; 50951.9348933648; 47820.9; 6840.27
538; 0.173391419680843; 51220.8505389427; 48015.37; 6854.16
539; 0.176911857950021; 51589.989607223; 48327.27; 6830.84
540; 0.179348049530319; 51807.789861759; 48482.08; 6861.21
541; 0.18252019406238; 52078.2689000779; 48678.04; 6887.29
542; 0.187269585330048; 52506.9217050749; 49016.37; 6885.18
543; 0.19218035941892; 52831.6044897191; 49216.43; 6943.33
544; 0.194697455633136; 53126.6171834134; 49448.15; 6968.07
545; 0.203262693764736; 53710.0188420113; 49847.83; 7002.1
546; 0.205530851772311; 54009.6879589557; 50082.68; 7035.31
547; 0.207673265964576; 54349.7459807986; 50337.31; 7108.03
548; 0.212428582850336; 54953.5913309485; 50827.53; 7139.67
549; 0.213334076311814; 55261.33784606; 51105.64; 7154.2
550; 0.216952117098519; 55664.3230029081; 51394.15; 7222.56
551; 0.21865525896144; 56051.7182026642; 51751.08; 7211.31
552; 0.221555244082985; 56593.2037272071; 52223.98; 7224.28
553; 0.219987471025224; 56872.9857071085; 52501.9; 7272.86
554; 0.222425609945584; 57229.8335739505; 52772.9; 7328.16
555; 0.226187778498239; 57795.8606760955; 53239.39; 7360.92
556; 0.226524458521866; 58131.0431429592; 53536.31; 7405.17
557; 0.228228936277183; 58514.2015174395; 53848.91; 7456.34
558; 0.228802600827903; 59102.2019961932; 54409.22; 7475.37
559; 0.228082313751825; 59496.9308792679; 54757.43; 7566.8
560; 0.232149458432911; 59986.5868245162; 55133.58; 7605.72
561; 0.23496198297342; 60781.4315396183; 55812.27; 7688.1
562; 0.236027274057784; 61384.0314684828; 56365.63; 7722.56
563; 0.238585317973887; 62029.0754219632; 56875.89; 7838.57
564; 0.241247682964183; 62982.2777621223; 57717.65; 7913.26
565; 0.245978229004475; 63636.4608007921; 58242.66; 7945.65
566; 0.248894364922197; 64230.7636776453; 58702.52; 8042.35
567; 0.253023867627878; 64990.3792111991; 59350.08; 8065.92
568; 0.25314942299535; 65370.4891659462; 59726.5; 8061.66
569; 0.255150499128632; 65653.3837928054; 59972.48; 8045
570; 0.26152051048719; 65937.1461699872; 60078.28; 8089.14
571; 0.263338133912232; 65970.6684701239; 60110.31; 8029.17
572; 0.266495926111544; 65938.6847271062; 60034.61; 7986.84
573; 0.270618916200411; 65784.7252984406; 59836.69; 7917.39
574; 0.26998662306522; 65561.0603620538; 59666.57; 7857.99
575; 0.274798121224659; 65358.0745910756; 59389.9; 7810.65
576; 0.278737264351865; 65254.9819442147; 59206.26; 7798.14
577; 0.279568544280504; 65086.9876105289; 59038.27; 7768.91
578; 0.282851690498128; 64885.5038680697; 58845.98; 7661.1
579; 0.284440362995299; 64771.294718055; 58714.81; 7633.96
580; 0.287706446986685; 64715.7982812061; 58552.61; 7674.48
581; 0.287984999185512; 64583.4335705441; 58397.54; 7689.91
582; 0.292488845693445; 64566.7482334319; 58313.45; 7648.63
583; 0.294962422960286; 64507.9942536279; 58250.26; 7584.74
584; 0.297445469449533; 64425.7191321291; 58147.02; 7541.72
585; 0.299867113254442; 64427.0128106063; 58099.9; 7533.6
586; 0.302899079614593; 64396.9287957774; 57970.68; 7570.12
587; 0.306717750196014; 64373.8138381116; 57840.8; 7595.33
588; 0.309452689426881; 64320.4025006313; 57794.5; 7515.31
589; 0.316195498308345; 64354.0450344155; 57715.84; 7477.14
590; 0.322027903989403; 64372.1725705624; 57668.65; 7409.31
591; 0.324902903888099; 64382.5221297609; 57609.86; 7414.83
592; 0.324700635781702; 64452.9971736869; 57660.39; 7436.62
593; 0.325459416683805; 64576.3802288278; 57691.3; 7515.55
594; 0.327447343392404; 64696.8791413685; 57857.39; 7415.78
595; 0.331083802235633; 65028.0599005341; 58098.84; 7425.86
596; 0.329198062391404; 65281.7393412485; 58297.75; 7522.67
597; 0.32718996769874; 65546.994571211; 58525.37; 7604.81
598; 0.331314336077935; 66182.8650604325; 59022.55; 7653.63
599; 0.332697216620583; 66707.1395817196; 59424.96; 7746.62
600; 0.33301394062724; 67239.3779799657; 59833.61; 7865.6
601; 0.337322481735748; 68230.82895143; 60613.83; 7981.54
602; 0.33907512018765; 68967.4031328136; 61165.89; 8127.68
603; 0.339975769604599; 69603.6809508948; 61696.52; 8210.69
604; 0.339192438801515; 70481.0290538653; 62521.1; 8279.29
605; 0.340719129284787; 71155.6693441385; 63100.41; 8335.81
606; 0.339051603166811; 71778.1594125972; 63663.49; 8433.43
607; 0.338006430632774; 72579.7404863852; 64323.42; 8601.91
608; 0.339336190239803; 72981.1358635278; 64658.21; 8632.03
609; 0.340608957735719; 73406.5842281925; 65073.97; 8604.5
610; 0.339410397944703; 73519.8482855853; 65172.71; 8644.62
611; 0.339164096419802; 73657.9775938557; 65272.37; 8685.66
612; 0.341440894448538; 73755.9309770666; 65299.8; 8694.94
613; 0.337733838935592; 73647.6784113723; 65236.33; 8738.43
614; 0.337235972473486; 73426.1099102093; 65021.77; 8738.88
615; 0.338983876111791; 72931.6448976831; 64611.67; 8601.47
616; 0.341296599526143; 72601.9584483596; 64327.71; 8490.97
617; 0.338176780616361; 71942.9446605769; 63750.78; 8479.51
618; 0.337622642011444; 71513.931988454; 63409.58; 8397.41
619; 0.338556748035293; 71030.6547609539; 63031.1; 8261.52
620; 0.33587541794376; 70303.4040418438; 62439.89; 8181.46
621; 0.339528297036328; 69814.7670786943; 62031.97; 8006.28
622; 0.338268188363901; 69358.0550421901; 61627.93; 7977.65
623; 0.335398004574147; 68725.8495604963; 61089.51; 7944.47
624; 0.334330106114245; 68301.18531996; 60775.51; 7850.56
625; 0.338133448446029; 67753.1381215069; 60333.15; 7649.55
626; 0.337103280131259; 67424.5888664133; 60001.55; 7672.37
627; 0.335833433573785; 67091.0677061185; 59663.53; 7702.54
628; 0.336235166204796; 66597.805124212; 59161.71; 7698.47
629; 0.332890495170362; 66268.8346097079; 58904.24; 7697.54
630; 0.335533802656534; 65996.9562789449; 58673.32; 7590.96
631; 0.335406093044252; 65558.9184906652; 58286.63; 7537.38
632; 0.332346861733022; 65259.5210733222; 58034.98; 7553.58
633; 0.33076077628454; 64839.9949630353; 57665.6; 7533.89
634; 0.331248265516333; 64551.3799598184; 57491.66; 7399.17
635; 0.330564497655602; 64265.9021498097; 57331.41; 7278.99
636; 0.329566556255187; 63974.8087456323; 57129.43; 7203.28
637; 0.330014728232773; 63764.2448784587; 56921.59; 7186.3
638; 0.327502783718754; 63528.0418941756; 56746.86; 7172.03
639; 0.325851731708386; 63186.3885390061; 56474.9; 7130.18
640; 0.326441875583327; 63006.8491061414; 56308.98; 7098.55
641; 0.323012360386403; 62680.2635716921; 56025.04; 7124.54
642; 0.322948058398655; 62497.4373941731; 55851.63; 7112.18
643; 0.323287514751171; 62339.6528932537; 55692.95; 7102.18
644; 0.321219594084238; 62027.3893958196; 55477.42; 7040.41
645; 0.319644077101685; 61828.2814156017; 55315.46; 7031.93
646; 0.318525859305493; 61565.14071164; 55086.22; 7016.63
647; 0.31753482954994; 61356.7150042891; 54921.49; 6988.22
648; 0.317610577454677; 61143.7583795856; 54777.47; 6908.9
649; 0.319191832214592; 60930.6371330857; 54584.21; 6850.24
650; 0.316186369269671; 60758.4776479269; 54434.91; 6887.44
651; 0.313660009540836; 60566.8793121099; 54281.94; 6897.29
652; 0.312809839503289; 60397.0606894595; 54181.24; 6836.59
653; 0.314146652145102; 60285.5739344679; 54066.57; 6807.61
654; 0.310790371566767; 60022.6000681052; 53933.75; 6733.97
655; 0.310434943118335; 59903.340786787; 53818.85; 6734.1
656; 0.305992844106767; 59721.4323218933; 53659.37; 6803.89
657; 0.303886409652039; 59578.9849677958; 53572.96; 6785.34
658; 0.303947718085827; 59448.1827047502; 53491.61; 6725.75
659; 0.304746289290515; 59263.3550333937; 53290.37; 6723.85
660; 0.304677148851538; 59176.4585757354; 53130.56; 6804.68
661; 0.305897598032457; 58995.401224273; 52944.07; 6779.84
662; 0.307434759448945; 58907.3367905907; 52776.31; 6831.17
663; 0.30775976064772; 58797.3409573086; 52691.11; 6792.76
664; 0.308035883458332; 58595.4626772908; 52498.6; 6772.47
665; 0.308188378015262; 58447.8203474707; 52365.21; 6750.71
666; 0.303959389438709; 58166.0994755701; 52168.7; 6746.16
667; 0.302815111921511; 57989.1819093239; 52068.84; 6682.48
668; 0.29899967791048; 57768.8839986234; 51924.09; 6679.42
669; 0.292282630656864; 57464.6495643302; 51789.98; 6631.49
670; 0.288584001529601; 57308.0386898803; 51718.39; 6613.31
671; 0.284041568435357; 57047.0607829035; 51538.43; 6617.96
672; 0.281555069324712; 56885.7875154356; 51396.58; 6649.12
673; 0.276316179320536; 56690.1049310391; 51260.48; 6697.67
674; 0.275723520469323; 56451.0829452416; 50991.09; 6745.8
675; 0.273521141552501; 56187.658148112; 50777.7; 6734.8
676; 0.272780722386719; 55853.161159782; 50449.76; 6741.89
677; 0.273423752935771; 55644.7315068156; 50220.53; 6749.72
678; 0.274256368682444; 55255.6382477129; 49854.15; 6698.66
679; 0.274261722542211; 54980.7024578134; 49569.83; 6707.77
680; 0.274564642491241; 54667.2511594917; 49265.17; 6687.29
681; 0.275512040452323; 54219.9959978795; 48896.52; 6564.97
682; 0.275458242156271; 53892.4270235313; 48676.53; 6431.06
683; 0.272771140977095; 53453.0526713657; 48337.61; 6366.86
684; 0.272093655716142; 53139.0435066023; 48088.67; 6299.26
685; 0.268715822261804; 52630.5823661359; 47686.4; 6241.9
686; 0.267169059254398; 52288.0133730354; 47417.69; 6182.03
687; 0.264703548185211; 51985.0680710717; 47194.51; 6135.03
688; 0.260255286928497; 51522.0385068416; 46880.57; 6043.52
689; 0.257960106403371; 51230.0818229593; 46645.93; 6019.83
690; 0.254924529445373; 50831.678286151; 46281.98; 6043.37
691; 0.252648195141012; 50552.4633779143; 46019.78; 6072.64
692; 0.251135459578167; 50269.4104844584; 45801.47; 6019.6
693; 0.248317033534093; 49821.4885399297; 45480.32; 5912.87
694; 0.243582616271181; 49509.1594403906; 45216.95; 5957.48
695; 0.242044723155218; 49061.1314147366; 44856.77; 5870.15
696; 0.239882690073793; 48747.8085040989; 44601.15; 5839.3
697; 0.235560179832967; 48251.3800703992; 44212.6; 5789.13
698; 0.233128719342135; 47928.3587185487; 43970.67; 5729.64
699; 0.226071260221179; 47468.881333652; 43685.73; 5645.72
700; 0.223488180218554; 47200.9693010424; 43480.78; 5613.72
701; 0.22211259256263; 46909.2849394907; 43262.21; 5535.8
702; 0.221362826472634; 46547.3621609033; 43047.86; 5328.02
703; 0.218498972872951; 46280.9252736023; 42844.93; 5298.29
704; 0.217389265783141; 45960.3609599451; 42562.73; 5264.28
705; 0.212342514540408; 45686.6581314311; 42395.58; 5218.32
706; 0.20980231014432; 45322.1074441453; 42117.78; 5140.41
707; 0.209083259863147; 45095.1231070462; 41925.34; 5100.31
708; 0.207508712227859; 44831.1348566724; 41719.61; 5042.41
709; 0.20190185678402; 44482.5638212055; 41441.44; 5063.33
710; 0.198312717682982; 44243.5963820996; 41250.92; 5070.99
711; 0.195216368695635; 43869.9766066687; 40971.05; 4988.98
712; 0.19447945679827; 43600.7944898077; 40745.44; 4931.56
713; 0.193712007029859; 43236.8997433407; 40453.58; 4825.16
714; 0.192407842917065; 42923.488832408; 40162.51; 4817.99
715; 0.188039856949454; 42422.8464807286; 39741.68; 4785.79
716; 0.185930420284325; 42083.2318912993; 39438.32; 4773.18
717; 0.183772967109113; 41703.5253329627; 39110.62; 4732.38
718; 0.181430440910747; 41111.2716819066; 38587.23; 4664.32
719; 0.175168803390949; 40666.7061420777; 38255.66; 4612.8
720; 0.169903810485487; 40055.1165861107; 37744.76; 4555.32
721; 0.166814359540119; 39672.8975489704; 37408.22; 4546.28
722; 0.168602070860418; 39126.1174138682; 36879.41; 4460.74
723; 0.166040424370393; 38773.011284982; 36550.41; 4479.31
724; 0.167547868448197; 38297.6473763814; 36067.83; 4451.78
725; 0.169182966600767; 38049.6117269177; 35820.25; 4406.23
726; 0.169735513949602; 37781.785846415; 35556.79; 4381.67
727; 0.171029219626441; 37657.5502739937; 35416.12; 4379.03
728; 0.171167009122819; 37512.8665470986; 35290.02; 4337.76
729; 0.17201140817647; 37400.660019946; 35184.36; 4302.56
730; 0.165276192864982; 37302.6878136916; 35167.28; 4313.26
731; 0.158794626628261; 37250.2365796717; 35185.56; 4340.21
732; 0.151775833667067; 37239.4173678748; 35258.87; 4355.35
733; 0.146581806037243; 37229.4195431007; 35317.69; 4352.44
734; 0.144903744917005; 37193.3134644179; 35320.05; 4313.85
735; 0.139298589346644; 37092.7542390693; 35287.77; 4322.8
736; 0.134494414161745; 36986.8890448473; 35255.22; 4294.16
737; 0.12979192812836; 36857.2669606937; 35198.54; 4260.86
738; 0.129467567012808; 36785.501642223; 35153.14; 4202.21
739; 0.128707081129057; 36674.5850046619; 35082.98; 4119.97
740; 0.129607230197457; 36598.3729167036; 35003.05; 4099.39
741; 0.129976664177482; 36532.6221159393; 34937.5; 4085.83
742; 0.129687582690553; 36523.801832341; 34942.34; 4058.61
743; 0.132141846859351; 36576.2618608024; 34952.47; 4088.45
744; 0.133955714122336; 36799.273303263; 35132.25; 4139.05
745; 0.12723508799161; 36874.9040794362; 35282.64; 4160.7
746; 0.121865657633011; 37073.0943576064; 35543.95; 4170.26
747; 0.116874058154092; 37241.5212121962; 35776.2; 4165.32
748; 0.107298672231839; 37373.1306251074; 36018.91; 4191.6
749; 0.106876409075976; 37443.8170615592; 36058.63; 4303.18
750; 0.104388646691101; 37437.348630595; 36077.01; 4325.62
751; 0.102901977746397; 37334.5511991304; 35972.11; 4394.76
752; 0.10398330295903; 37082.207692829; 35724.03; 4335.18
753; 0.107860777651469; 36877.6684609891; 35464.2; 4349.34
754; 0.110902647148942; 36379.4720977373; 34948.18; 4283.12
755; 0.113490454655803; 35973.3283710458; 34532.21; 4213.14
756; 0.110231145506593; 35334.1065199231; 33962.17; 4128.32
757; 0.105839389922054; 34878.2193886204; 33587.64; 4043.01
758; 0.101367649769123; 34194.0049371755; 32986.28; 3948.75
759; 0.0954752641905747; 33759.8242970151; 32637.24; 3895.07
760; 0.0934565341173818; 33360.7400061038; 32259.49; 3901.75
761; 0.0946264216831254; 32773.519031845; 31671.34; 3854.95
762; 0.0956635110564684; 32432.9591354013; 31326.86; 3824.92
763; 0.0953482168450759; 31948.2599608181; 30858.15; 3780.55
764; 0.0966887288344411; 31641.0421965904; 30552.62; 3720.96
765; 0.0945612552294511; 31192.6658117065; 30138.48; 3684.65
766; 0.0927026889403027; 30897.109539244; 29870.46; 3660
767; 0.0923492118887611; 30461.9023784804; 29455.42; 3601.95
768; 0.0915793337824641; 30185.6241760503; 29204.38; 3541.26
769; 0.0865076404406798; 29768.7998216199; 28843.31; 3535.64
770; 0.0798513465191664; 29459.5683959394; 28611.77; 3508.6
771; 0.0768070649309696; 29099.6983107487; 28287.46; 3493.24
772; 0.0771651894611067; 28861.9409044627; 28045.07; 3495.43
773; 0.0764937345460156; 28511.6517761477; 27721.45; 3409.49
774; 0.0761891352897189; 28268.5869399634; 27494.01; 3353.85
775; 0.0734198354792027; 27906.6864747044; 27168.28; 3316.68
776; 0.068957607647217; 27631.0903012181; 26952.81; 3242.53
777; 0.063854205169472; 27272.6153478659; 26651.39; 3206.32
778; 0.0634827595495718; 27083.155933002; 26475.12; 3155.71
779; 0.0563320428393819; 26723.735641596; 26196.88; 3080.8
780; 0.0563867270624552; 26512.4501668234; 25989.04; 3056.91
781; 0.0562714385829764; 26220.7239727816; 25702.91; 3029.75
782; 0.0509952035378253; 26027.3931219442; 25564.84; 2985.68
783; 0.0523239354999609; 25736.710527455; 25265.45; 2963.98
784; 0.0617593349443703; 25610.0096601132; 25057.13; 2945.32
785; 0.0677742224816017; 25368.2936564045; 24774.1; 2883.66
786; 0.0669980767653558; 25184.3171289758; 24595.43; 2890.19
787; 0.0693846642840365; 24923.3150921225; 24317.46; 2870.28
788; 0.0678085726656015; 24741.4204417033; 24145.77; 2886.61
789; 0.0705034850541076; 24467.057358581; 23839.99; 2921.87
790; 0.0656099377916391; 24266.0689919118; 23681.33; 2927.02
791; 0.0652580556303005; 24027.2923164491; 23459.54; 2856.59
792; 0.0578551917509193; 23820.6510276953; 23322.97; 2823.81
793; 0.053753853320227; 23502.0305680885; 23037.1; 2838.72
794; 0.0511486985978456; 23308.7029978496; 22868.76; 2822.52
795; 0.0496207053496922; 23036.9890536681; 22607.09; 2842.83
796; 0.0566658880679735; 22841.3546181671; 22354.82; 2817.16
797; 0.0587716609945679; 22673.0868822616; 22177.05; 2769.18
798; 0.0558986890429244; 22421.5516921522; 21947.57; 2781.96
799; 0.0585022933166228; 22277.5451084793; 21776.97; 2806.93
800; 0.0600856494656462; 22109.0662318838; 21599.88; 2779.62
801; 0.0646324539624855; 21974.7162054515; 21427.25; 2777.37
802; 0.0670228890626581; 21796.8041831471; 21246.22; 2692.62
803; 0.0645459281764124; 21643.3309000598; 21118.69; 2663.1
804; 0.0600305949346908; 21436.4928754598; 20955.5; 2624.18
805; 0.0640119778818906; 21315.8080323701; 20811.88; 2577.65
806; 0.0657491285429005; 21093.2254024464; 20577.48; 2567.74
807; 0.0660899576129799; 20950.8377083311; 20444.88; 2505.62
808; 0.068991486341236; 20753.2268720243; 20233.34; 2465.85
809; 0.0610061976601711; 20569.1172954665; 20117.91; 2419.76
810; 0.0559760044452302; 20351.7479250673; 19941.99; 2394.41
811; 0.051334597530288; 20215.8841407827; 19840.25; 2392.78
812; 0.0491499749737816; 19980.8023277414; 19616.34; 2424.03
813; 0.0456489138323863; 19847.2036168788; 19507.44; 2432.37
814; 0.0401729732034078; 19676.2769323945; 19384.56; 2372.31
815; 0.0425581805285683; 19575.5809206724; 19269.86; 2346.4
816; 0.0387213039401925; 19376.6134274768; 19099.36; 2338.24
817; 0.0422020471289596; 19211.4837561202; 18911.16; 2323.53
818; 0.0465336204258288; 19108.1626466677; 18779.83; 2303.4
819; 0.0479683427013555; 18920.2614852145; 18588.73; 2255.84
820; 0.0446724487465702; 18772.647378631; 18471.08; 2202.85
821; 0.0429496893235993; 18588.7539992922; 18304.05; 2162.46
822; 0.0381832098291334; 18467.2842654014; 18214.57; 2158.47
823; 0.0391519838396897; 18327.6099582151; 18072.01; 2128.55
824; 0.0414000951376719; 18218.4763032778; 17950.02; 2113.67
825; 0.0408977863267738; 18084.7657354661; 17823.05; 2085.84
826; 0.0437261124656187; 18000.9809255352; 17718.64; 2104.67
827; 0.0458674987093227; 17858.5692603166; 17567.1; 2071.48
828; 0.0480589060408087; 17756.6444087172; 17446.36; 2104.85
829; 0.0420037618634872; 17584.8961236455; 17319.63; 2058.67
830; 0.0382642075192759; 17408.0341244828; 17167.7; 2047.33
831; 0.0370791588933731; 17304.8255934773; 17070.99; 2054.64
832; 0.0351223684975967; 17168.4182666251; 16949.8; 2026.97
833; 0.0304706928191556; 17049.7733066033; 16862.72; 1998.1
834; 0.0257805565745479; 16903.0907216218; 16745.5; 1988.73
835; 0.0279746393095656; 16833.7986224147; 16665.86; 1952.59
836; 0.0336246012337674; 16715.3608288378; 16511.91; 1967.5
837; 0.0373663747219435; 16651.0721056019; 16426.18; 1957.32
838; 0.0368342555994911; 16510.2801150345; 16291.25; 1934.09
839; 0.0392641442137684; 16374.3788203483; 16142.26; 1924.19
840; 0.0396062554864436; 16287.6962527818; 16052.59; 1932.12
841; 0.0434161768439986; 16192.2761790921; 15937.23; 1914.22
842; 0.0443815322800063; 16099.9266170781; 15840.72; 1902.7
843; 0.0458025485951099; 15987.5540663249; 15720.73; 1897.36
844; 0.0459080073832777; 15895.3578104566; 15632.51; 1864.37
845; 0.049429019879444; 15748.1381846531; 15468.07; 1844.53
846; 0.0515254894250552; 15670.9233407764; 15382.36; 1822.74
847; 0.058128338335034; 15579.6173864254; 15250.27; 1843.57
848; 0.0632968345227004; 15473.0818199651; 15118.86; 1820.49
849; 0.0609156979156478; 15380.5859139363; 15039.5; 1821.03
850; 0.0609401242811755; 15237.5173740032; 14899.55; 1803.19
851; 0.0587341716830495; 15122.8040331298; 14798.65; 1794.04
852; 0.0544170427433282; 14968.6171111108; 14672.91; 1765.98
853; 0.0478570518777382; 14858.4568147774; 14599.06; 1761.08
854; 0.0484891944145992; 14688.5544175976; 14426.29; 1756.88
855; 0.0461404341616425; 14496.86574665; 14252.44; 1720.34
856; 0.0413016561176505; 14359.5794078636; 14145.41; 1683.66
857; 0.0409880897279136; 14192.8657465834; 13982.24; 1668.09
858; 0.0416350530204978; 14088.7928008055; 13875.99; 1658.82
859; 0.0405010570595732; 13934.7161496762; 13730.38; 1637.1
860; 0.0527952872017448; 13868.3936189805; 13604.73; 1620.14
861; 0.0554496606965006; 13727.2954723541; 13458.69; 1571.19
862; 0.0524839015699878; 13550.4940863888; 13294.88; 1579.38
863; 0.0578041578304373; 13450.7087459963; 13172.94; 1558
864; 0.0632434710954321; 13291.6662587428; 12984.52; 1574.25
865; 0.0646957167982904; 13170.1249657487; 12852.86; 1589.3
866; 0.0764662635200381; 13025.8819308053; 12661.71; 1543.16
867; 0.0694323682411856; 12801.8831485562; 12478.66; 1508.05
868; 0.0639974591934211; 12636.090344621; 12339.72; 1499.9
869; 0.065162988576857; 12434.1471262844; 12143.73; 1443.2
870; 0.0657755756051623; 12295.9817016995; 12003.74; 1438.46
871; 0.0571186377482211; 12033.7638470764; 11795.11; 1352.42
872; 0.0629020180202503; 11884.3652960637; 11621.28; 1353.53
873; 0.0582973832435588; 11626.8860017044; 11391.77; 1304.92
874; 0.0530637763573071; 11372.1906842572; 11157.91; 1306.28
875; 0.0582778314014851; 11219.5982119802; 10988.42; 1282.95
876; 0.0586864774544755; 10997.5091971364; 10764.51; 1283.8
877; 0.0575254062743983; 10844.3540726246; 10619.45; 1263.96
878; 0.0621870379303419; 10665.347986741; 10426.64; 1240.69
879; 0.064037451270881; 10520.27861345; 10281.91; 1202.89
880; 0.0647582897365095; 10421.7017570684; 10176.64; 1222.66
881; 0.062688701623328; 10286.9268448082; 10049.07; 1225.61
882; 0.0669501487788347; 10221.2542105041; 9964.16; 1240.17
883; 0.069214462329334; 10133.1458167006; 9871.87; 1218.87
884; 0.080251668646973; 10065.1374975379; 9759.58; 1229.16
885; 0.0805423992875758; 10011.7923188321; 9705.01; 1229.35
886; 0.0824844460377616; 9935.75895946499; 9624.7; 1216.9
887; 0.0805141455139877; 9878.94301364929; 9581.9; 1190.31
888; 0.0879257676531099; 9818.06742782421; 9500.49; 1165.17
889; 0.0875439567880042; 9766.43915866617; 9458.44; 1134.77
890; 0.0858439631269149; 9743.98261368726; 9437.48; 1151.43
891; 0.0855730884402512; 9716.7080125271; 9410.91; 1152.23
892; 0.0785679834226666; 9723.17349586953; 9440.9; 1158.23
893; 0.0824400170117618; 9758.05187097398; 9456.13; 1180.51
894; 0.0891011648147634; 9853.0019104145; 9516.2; 1218.24
895; 0.0867997914789931; 9928.77404730006; 9601.35; 1215.52
896; 0.08915276874152; 10065.4527586443; 9716.85; 1259.78
897; 0.100334480630035; 10199.8377734413; 9809.8; 1252.27
898; 0.101578801406053; 10400.6968757485; 10009.86; 1239.26
899; 0.0973160433952642; 10587.7469857996; 10218.36; 1222.35
900; 0.0956886500506389; 10700.9062239685; 10337.8; 1221.8
901; 0.0972144886263895; 10860.000820822; 10488.16; 1231.39
902; 0.0975342949966298; 10976.5325390249; 10593.25; 1264.91
903; 0.0980479450341744; 11029.9437102387; 10645.88; 1260.64
904; 0.0890645965883331; 11032.3532810237; 10679.41; 1275.13
905; 0.0890637546238665; 11001.44221327; 10655.26; 1250.55
906; 0.0896722807578793; 10890.3418539816; 10541.38; 1251.83
907; 0.0937372674559311; 10775.0313457927; 10411.05; 1248.88
908; 0.0923679136565116; 10645.029676674; 10286.47; 1248.31
909; 0.0924362479952213; 10425.7831339531; 10069.8; 1238.26
910; 0.0998942588458497; 10191.8753788423; 9823.06; 1186.92
911; 0.0999445143865886; 9989.54685600514; 9629.07; 1159.31
912; 0.104426955476121; 9657.65331756132; 9285.22; 1146.16
913; 0.113628503913322; 9443.50021914489; 9042.21; 1134.81
914; 0.120350624694368; 9089.50543171346; 8674.98; 1106.58
915; 0.116911325489899; 8734.74084768697; 8362.8; 1021.94
916; 0.116586370231251; 8496.65857541726; 8140.9; 980.04
917; 0.109430941957035; 8125.27456778793; 7802.17; 948.16
918; 0.109600311580199; 7813.09434570308; 7504.64; 903.62
919; 0.111175437209104; 7626.74791103327; 7335.11; 842.14
920; 0.110433955481189; 7352.69120596513; 7076.67; 802.29
921; 0.107740168546336; 7081.40900495018; 6827.49; 756.4
922; 0.117268486030929; 6920.80315822079; 6642.23; 762.34
923; 0.1308138986097; 6679.6303211401; 6379.21; 736.9
924; 0.130209943251778; 6517.87415814204; 6235.64; 695.41
925; 0.138092482349314; 6270.59274807365; 5975.99; 684.36
926; 0.144984225939228; 6033.17803404918; 5733.56; 662.86
927; 0.147025568019096; 5871.95465797593; 5578.53; 640.06
928; 0.149682766652771; 5631.62051052663; 5344.84; 614.38
929; 0.151131756601829; 5368.11391939284; 5096.11; 577.06
930; 0.147968552191734; 5178.6219753024; 4916.24; 568.49
931; 0.160273723914632; 4888.01497871058; 4622.43; 531.18
932; 0.153775891953093; 4547.17813150077; 4320.37; 472.73
933; 0.152257563960774; 4296.63132276817; 4082.87; 449.92
934; 0.13803156615958; 3883.48704738467; 3709.57; 403.73
935; 0.143845428357657; 3453.31454689519; 3289.86; 364.07
936; 0.133797490944092; 3155.83095013185; 3013.38; 341.07
937; 0.122957529615879; 2716.39183301968; 2607.66; 283.25
938; 0.118911099821156; 2311.95370011094; 2217.03; 255.66
939; 0.11851756627494; 2076.48416338942; 1987.35; 240.84
940; 0.104782912812155; 1773.97930206877; 1708.3; 200.7
941; 0.125874398074993; 1557.88431351975; 1492.92; 165.23
942; 0.117504654284282; 1455.94412726; 1401.15; 149.27
943; 0.13390131275764; 1356.4037406699; 1302.09; 129.83
944; 0.140387318912616; 1314.53353108719; 1262.49; 118.64
945; 0.132989464607559; 1311.45580259015; 1262.09; 118.78
946; 0.160861971047932; 1337.15118367993; 1273.61; 126.38
947; 0.130612988366616; 1376.10033483139; 1321.41; 133.95
948; 0.125779920159197; 1417.57729140208; 1363.71; 136.99
949; 0.135690151769197; 1488.84936415674; 1428.21; 142.93
950; 0.110003156920324; 1568.39955309719; 1513.54; 159.48
951; 0.122879721096687; 1629.97863020644; 1560.05; 181.96
952; 0.144976554534857; 1734.0986440499; 1643.42; 199.97
953; 0.143712763979442; 1830.38689560647; 1744.87; 190.22
954; 0.151914402338556; 1900.24403503495; 1804.25; 201.97
955; 0.156096450365847; 1994.07406107249; 1886.52; 220.2
956; 0.148943152822896; 2081.68056083356; 1973.27; 232.59
957; 0.159055159937866; 2136.00598229025; 2017.89; 237.27
958; 0.186600958232762; 2229.20163145804; 2093.11; 233
959; 0.187624216980477; 2297.23985849332; 2164.83; 225.43
960; 0.187234290683682; 2336.56084318341; 2197.28; 237.59
961; 0.185269725505326; 2386.49179526092; 2240.09; 252.36
962; 0.198646930685065; 2440.39557157111; 2283.29; 252.54
963; 0.210128314180125; 2466.26653347008; 2296.84; 257.43
964; 0.227173215462759; 2515.50625983888; 2337.1; 250.71
965; 0.208293917195274; 2527.17399810257; 2355.82; 262.59
966; 0.204027676255784; 2542.28872933841; 2365.12; 277.15
967; 0.200749126037409; 2551.43807761593; 2373.35; 283.1
968; 0.210921941022452; 2562.70592440594; 2376.54; 281.63
969; 0.220105397792962; 2570.39281052545; 2370.7; 289.46
970; 0.212298599132702; 2565.22245697778; 2366.85; 298.08
971; 0.21667390561517; 2559.91954319949; 2360.21; 293.99
972; 0.214542051873608; 2551.56682593393; 2353.17; 294.93
973; 0.197635132627401; 2527.16667524342; 2347.33; 290.17
974; 0.199216591264146; 2513.10895675297; 2331.79; 290.21
975; 0.195728874112899; 2498.25983830003; 2324.88; 282.41
976; 0.193833460930393; 2486.45645007299; 2322.23; 270.08
977; 0.175271484175795; 2457.67254623648; 2313.59; 262.02
978; 0.17438414957186; 2430.60534984441; 2288.88; 259.01
979; 0.179136184078162; 2404.46261436949; 2262.7; 252.18
980; 0.193835638690125; 2394.76830479514; 2245.69; 245.05
981; 0.192972587210697; 2363.56128948323; 2220.96; 235.42
982; 0.17688682942131; 2316.67972247986; 2183.47; 239.89
983; 0.185853974938631; 2286.12839475099; 2140.37; 249.79
984; 0.174497651105768; 2241.20840304159; 2104.59; 249.33
985; 0.164286203807139; 2196.81113376489; 2072.4; 241.14
986; 0.162687226256482; 2154.40928749325; 2037.13; 229.52
987; 0.154565909662538; 2127.81535185707; 2018.37; 225.42
988; 0.158378138782471; 2094.43251391152; 1985.88; 218.17
989; 0.184645181337564; 2064.62535069766; 1950.05; 197.49
990; 0.181877386811756; 2047.85808513172; 1942.59; 184.19
991; 0.239263962331538; 2030.41998847789; 1902.07; 170.69
992; 0.238932048180314; 1995.92033314431; 1866.89; 171.81
993; 0.244498109971821; 1956.62377875497; 1826.88; 168.81
994; 0.243365362186204; 1931.44022837319; 1801.55; 169.77
995; 0.28505029706894; 1895.86126093388; 1753.79; 158.52
996; 0.283016676374229; 1857.20024237599; 1712.27; 162.85
997; 0.287931147814754; 1819.47156212147; 1669.42; 165.71
998; 0.243354232931451; 1780.6628969481; 1649.52; 171.34
999; 0.240221605946389; 1737.28594197424; 1609.99; 168.46
1000; 0.254737330975606; 1698.70760596664; 1572.97; 156.9
1001; 0.276356909780654; 1674.13928361045; 1537.56; 157.08
1002; 0.243914106659253; 1634.75487847304; 1507.6; 165.67
1003; 0.24698563151716; 1601.49731578042; 1483.4; 151.94
1004; 0.232278260812732; 1557.13498260321; 1452.09; 143.69
1005; 0.257256715593854; 1534.80722191098; 1426.54; 133.7
1006; 0.327082839633313; 1516.08638330535; 1392.69; 119.84
1007; 0.3084863201203; 1483.98576622917; 1360.28; 127.37
1008; 0.322671260448401; 1453.74986512395; 1330.15; 121.65
1009; 0.332564304955706; 1428.19845963471; 1305.09; 117.55
1010; 0.276123480895268; 1382.28197225866; 1276.43; 121.72
1011; 0.255787786235404; 1335.13174125971; 1247.08; 109.29
1012; 0.242349838129946; 1294.81178180795; 1226.3; 89.74
1013; 0.209070347390396; 1267.08736662439; 1203.11; 97.13
1014; 0.203329233982851; 1237.07235797612; 1183.93; 82.95
1015; 0.193363623320549; 1210.13835280921; 1162.61; 78
1016; 0.167514688175183; 1178.09001473602; 1136.04; 79.65
1017; 0.177362733047688; 1158.90404739399; 1118.19; 72.83
1018; 0.218156019502999; 1140.24714234053; 1089.33; 74.04
1019; 0.208547846108927; 1114.47515632863; 1053.08; 93.38
1020; 0.191268143127638; 1083.19928352708; 1031.33; 86.01
1021; 0.187934817302453; 1063.86820660034; 1012.25; 87.1
1022; 0.184842968136077; 1035.67990611428; 982.3; 91.57
1023; 0.231766344213932; 1016.87757219924; 955.81; 83.54
1024; 0.222816508760548; 990.679195452235; 931.76; 83.83
1025; 0.245546270786267; 982.213308580107; 909.97; 93.26
1026; 0.249175029814027; 961.786121231863; 889.93; 91.4
1027; 0.245893574152795; 936.647970223312; 860.61; 98
1028; 0.21253107621725; 900.069338567768; 835.58; 96.15
1029; 0.216791365439513; 881.508277716488; 814.05; 98.59
1030; 0.224761280982633; 864.566443623855; 791.84; 102.51
1031; 0.234378571551471; 843.03752979248; 762.89; 108.32
1032; 0.213647539416448; 815.316251619732; 750.5; 96.09
1033; 0.207727105142098; 791.087101762917; 735.82; 84.26
1034; 0.227559701703229; 783.683151847187; 719.26; 89.65
1035; 0.280503930683342; 772.776199079711; 702.41; 79.43
1036; 0.314597669421934; 756.342473587819; 683; 73.81
1037; 0.23010244922463; 720.785786926263; 662.23; 80.56
1038; 0.194089505574903; 698.144813818848; 654.69; 70.87
1039; 0.137708233141412; 626.721605093896; 573.11; 123.22
1040; 0.0445054857710512; 593.407376355778; 578.24; 107.85
1041; -0.223738753776003; 567.773271656066; 598.75; 43.81
