# 06/03/2019 12:01:23
# NanoCalc data
# Original file name: C:\SVA_DATA\StudentProjects\2018_Nathan\PIswelling\PIslowslow_248.dat
# Fit Result : Fitness; Thickness 1; Thickness 2; Thickness 3 
# Fit Result : 0.780813009075386; 2; 363; -1
# comment:PI id:353 Slowslow swelling start 11:22
#
# WaveLength; Reflectance; Raw Intensity; Dark Intensity; Reference Intensity
400; 0.241000564922982; 4212.63133383468; 3854.36; 720.85
401; 0.231809899911775; 4334.53629911244; 3985.6; 726.75
402; 0.231000960762628; 4428.35997095503; 4083.71; 717.18
403; 0.228883064226329; 4526.5228488797; 4177.83; 729.27
404; 0.225147326137398; 4630.65940820517; 4266.9; 770.15
405; 0.224273676193677; 4783.26968390828; 4419.01; 771.21
406; 0.224439201434559; 4905.30602640313; 4538.57; 772.84
407; 0.21865968338236; 5016.98009514028; 4650.31; 790.01
408; 0.219784274892367; 5123.06476461968; 4747.36; 802.14
409; 0.222994714357464; 5230.00640649856; 4845.27; 806.6
410; 0.221974096192191; 5382.05939970518; 4970.83; 862.87
411; 0.221696616692837; 5474.13089170016; 5045.16; 898.04
412; 0.221798490276683; 5559.53636598785; 5134.48; 886.28
413; 0.215464803845257; 5631.52762415237; 5205.72; 910.9
414; 0.20554427169443; 5743.29301072849; 5316.37; 954.15
415; 0.207888196257139; 5824.93651968642; 5386.19; 966.33
416; 0.211115452819558; 5913.0869913957; 5457.07; 985.72
417; 0.207841325930144; 5982.26908065495; 5520.71; 1010.06
418; 0.208140043166289; 6107.05485585567; 5645.41; 1005.43
419; 0.201813398538365; 6192.95148311572; 5742.25; 1009.35
420; 0.19429467327694; 6285.18260333867; 5841.72; 1028.49
421; 0.192766438549028; 6401.49656018878; 5953.97; 1043.09
422; 0.192163632091906; 6565.6611754298; 6112.25; 1057.02
423; 0.192319717449717; 6676.53172999718; 6213.11; 1076.28
424; 0.189715241665104; 6815.0756702653; 6341.27; 1112.19
425; 0.182042103885288; 6936.14291396089; 6476.56; 1121.22
426; 0.185997662055292; 7170.64096596984; 6672.57; 1186.04
427; 0.184423115689355; 7315.6763133113; 6816.49; 1195.56
428; 0.187565002135205; 7464.83048459174; 6935.77; 1242.47
429; 0.1900231051329; 7601.5675760413; 7065.26; 1240.13
430; 0.204440562128045; 7842.12813503019; 7250.62; 1268.14
431; 0.200700238266509; 7986.08240240621; 7391.86; 1294.51
432; 0.204396363344348; 8116.17883257674; 7498.99; 1316.94
433; 0.203505707690733; 8222.1931970515; 7596.6; 1337.5
434; 0.203725522792221; 8377.24726482713; 7741.1; 1355.32
435; 0.207119037914914; 8497.16350160483; 7839.02; 1376.23
436; 0.21284435777548; 8617.76510756226; 7932.9; 1390.56
437; 0.211921440926059; 8724.62578166846; 8022.45; 1428.62
438; 0.212692206703555; 8902.88997287403; 8192.53; 1436.7
439; 0.211630776187944; 8985.51006387227; 8266.28; 1458.6
440; 0.206688510226831; 9065.14755027478; 8353.7; 1473.93
441; 0.204426674084347; 9168.55290360287; 8471.61; 1456.61
442; 0.214675670372162; 9385.74140192629; 8631.22; 1498.28
443; 0.205799749310654; 9480.07839640446; 8745.18; 1518.91
444; 0.202803281126874; 9609.26739534269; 8868.1; 1551.1
445; 0.202898430807013; 9729.67321001599; 8992.88; 1537.75
446; 0.209999534222118; 9946.22414391162; 9180.96; 1539.64
447; 0.208976874298833; 10128.3417639389; 9336.15; 1598.18
448; 0.217361740274687; 10336.4410565916; 9503.28; 1612.48
449; 0.223861949465626; 10641.9487616525; 9759.68; 1654.44
450; 0.226226626329176; 10849.5909189617; 9952.86; 1660.42
451; 0.231737513459098; 11067.3150442894; 10135.12; 1681.65
452; 0.236431512177363; 11271.2529946302; 10315.84; 1685.87
453; 0.23873560885822; 11629.1241734456; 10632.34; 1738.46
454; 0.23641857205075; 11886.7398163604; 10871.13; 1785.11
455; 0.237576778413494; 12126.7356192522; 11090.19; 1809.49
456; 0.232663647514675; 12370.1652008599; 11336.98; 1838.14
457; 0.235861687866523; 12777.6000369708; 11703.49; 1881.48
458; 0.238800896214546; 13071.4122120815; 11962.1; 1915.55
459; 0.24010374746042; 13315.0056819546; 12166.46; 1968.86
460; 0.238152286924176; 13583.5478279904; 12419.21; 2008.52
461; 0.248249027618198; 13991.4326061876; 12764.35; 2026.89
462; 0.249961284552079; 14216.3456400995; 12966.47; 2046.57
463; 0.259022635435153; 14466.1792767082; 13151.39; 2073.78
464; 0.262158064759988; 14855.4321202549; 13494.02; 2117.77
465; 0.265693457437186; 15135.6512043124; 13718.51; 2171.37
466; 0.260389580148611; 15368.8206516097; 13951.52; 2211.96
467; 0.262435122688354; 15663.1106316382; 14196.36; 2267.48
468; 0.266438123355193; 16218.1967757999; 14670.32; 2352.97
469; 0.265716411896205; 16567.292171338; 14971.26; 2428.75
470; 0.267978765021436; 16957.1469592252; 15302.08; 2493.24
471; 0.26705396551067; 17415.2038186839; 15703.48; 2583.28
472; 0.27775573060015; 18158.7012397485; 16286.71; 2711.89
473; 0.281973839901723; 18670.5714071958; 16704.77; 2800.68
474; 0.281567658149803; 19194.5628989707; 17202.51; 2837.59
475; 0.290366332349332; 20160.1181974233; 18016.84; 2955.76
476; 0.289528610894314; 20770.9517258424; 18568.46; 3041.26
477; 0.298184314080628; 21446.917617047; 19133.22; 3097.15
478; 0.298672313148501; 22222.8821263298; 19813.99; 3214.11
479; 0.30034854668381; 23371.1349100354; 20817.86; 3382.47
480; 0.299146460119802; 24160.7918662216; 21534.12; 3488.23
481; 0.296263299706827; 24927.1317253265; 22257.23; 3574.77
482; 0.29975098447783; 26144.6847388376; 23325.31; 3725.36
483; 0.303843840365005; 26960.940703379; 24015.92; 3833.33
484; 0.303011150476536; 27744.6885170454; 24699.09; 3969.2
485; 0.300932596630561; 28550.2121590702; 25415.08; 4107.94
486; 0.30269564854417; 29636.1857269628; 26380.84; 4234.14
487; 0.304667389218635; 30317.325530341; 26980.79; 4305.15
488; 0.303635309231539; 30984.4348117581; 27586.14; 4393.08
489; 0.305705836804893; 31621.5039595195; 28142.46; 4460.62
490; 0.305434515176656; 32519.0916717129; 28938.42; 4588.41
491; 0.303921609615763; 33055.2204736278; 29443.48; 4645.2
492; 0.305384282816059; 33552.3719990529; 29900.14; 4668.67
493; 0.307571208604618; 34255.0517084215; 30557.41; 4687.17
494; 0.308729835974975; 34719.615605186; 30960.33; 4741.51
495; 0.309875391299089; 35160.8378067465; 31346.74; 4786.87
496; 0.315086652520024; 35787.1321246082; 31887.25; 4807.66
497; 0.318272727126319; 36213.6503902242; 32230.59; 4855.05
498; 0.32475050038646; 36641.6187553011; 32561.18; 4868.51
499; 0.328561700801764; 37082.4391275122; 32899.81; 4926.32
500; 0.329611671498882; 37662.0115424039; 33398.19; 4999.73
501; 0.334353598075056; 38044.1513026227; 33710.56; 5003
502; 0.335827599490156; 38463.9261801185; 34042.83; 5074.92
503; 0.340079318921092; 39051.6052374106; 34514.42; 5136.5
504; 0.339681266821114; 39485.0662056975; 34900.59; 5189.47
505; 0.339117857619879; 39909.0249124505; 35295.13; 5225.22
506; 0.336713095476116; 40318.1805424963; 35692.76; 5269.39
507; 0.341441789593444; 41006.7468663017; 36254.46; 5332.8
508; 0.338442769138313; 41415.7531091266; 36587.86; 5459.35
509; 0.339890865921157; 41873.9857009378; 36997.2; 5485.06
510; 0.341302424946353; 42571.149439914; 37643.04; 5513.6
511; 0.336023095620255; 43022.8961162318; 38097.82; 5590.42
512; 0.336190140374683; 43490.3344647313; 38503.77; 5650.96
513; 0.33489973954536; 44140.2825513258; 39070.86; 5760.55
514; 0.334548267349448; 44594.0203264634; 39482.84; 5807.45
515; 0.333728995446112; 45054.6002686209; 39895.49; 5869.7
516; 0.332654226977554; 45478.200564263; 40324.14; 5876.14
517; 0.334267030274301; 46251.1493093765; 40949.65; 6008.14
518; 0.335349252518737; 46763.4043085724; 41302.36; 6162
519; 0.338462060308272; 47254.2769827906; 41667.33; 6239
520; 0.343665688284274; 48027.0953563198; 42261.46; 6334
521; 0.347420933471776; 48539.2428557972; 42653.92; 6388.78
522; 0.349224534344098; 49060.1732074858; 43048.19; 6485.63
523; 0.351561773407397; 49764.5204030325; 43676.28; 6517.4
524; 0.354493400917354; 50300.110681703; 44062.51; 6615.12
525; 0.358284830054442; 50779.7261694357; 44445.36; 6639.83
526; 0.357433194533227; 51349.6362154093; 45025.6; 6637.96
527; 0.356407160715105; 51729.812950214; 45380.58; 6677.03
528; 0.356059109963976; 52073.1205151083; 45687.52; 6715.06
529; 0.356194699452924; 52384.5527802175; 45960.42; 6746.35
530; 0.353932730489984; 52733.6342047351; 46308.54; 6783.94
531; 0.348570713450121; 52886.4323180391; 46521.33; 6817.73
532; 0.349842263350185; 53093.674793616; 46743.21; 6771.11
533; 0.348175358364641; 53379.4334160657; 47023.3; 6803.34
534; 0.345583542168825; 53522.4236410935; 47184.78; 6828.13
535; 0.344180233669602; 53674.8139034861; 47355.85; 6828.6
536; 0.340539657249395; 53890.9335197013; 47620.21; 6841.89
537; 0.338587837697426; 54060.9286054171; 47820.9; 6840.27
538; 0.338327591062167; 54270.0192262036; 48015.37; 6854.16
539; 0.342701775868754; 54647.591410411; 48327.27; 6830.84
540; 0.341947812625071; 54822.9307404028; 48482.08; 6861.21
541; 0.340370608331963; 55018.9163349872; 48678.04; 6887.29
542; 0.341348709269172; 55378.8303913375; 49016.37; 6885.18
543; 0.342181761982525; 55653.3353138765; 49216.43; 6943.33
544; 0.343438601100455; 55936.8204325808; 49448.15; 6968.07
545; 0.341305413860884; 56332.9647619021; 49847.83; 7002.1
546; 0.341006032137614; 56598.1660728151; 50082.68; 7035.31
547; 0.336506569409833; 56838.9223312928; 50337.31; 7108.03
548; 0.335871708550293; 57351.2625891561; 50827.53; 7139.67
549; 0.335612119832643; 57643.2854976729; 51105.64; 7154.2
550; 0.332559840752443; 57939.7789287447; 51394.15; 7222.56
551; 0.33075702696053; 58256.6006661959; 51751.08; 7211.31
552; 0.328035403413507; 58693.0666329546; 52223.98; 7224.28
553; 0.326081791170034; 58981.0483355352; 52501.9; 7272.86
554; 0.326667904860333; 59318.6262455537; 52772.9; 7328.16
555; 0.325865378145983; 59803.8297311613; 53239.39; 7360.92
556; 0.324682349594113; 60122.0392512629; 53536.31; 7405.17
557; 0.323441733930306; 60460.4729433525; 53848.91; 7456.34
558; 0.318757604898347; 60947.2737438155; 54409.22; 7475.37
559; 0.317623869211922; 61357.5849293487; 54757.43; 7566.8
560; 0.317327046623593; 61767.1958320736; 55133.58; 7605.72
561; 0.314493315543275; 62463.4229579722; 55812.27; 7688.1
562; 0.310280279236885; 62962.7955825776; 56365.63; 7722.56
563; 0.306762330187197; 63501.6253191413; 56875.89; 7838.57
564; 0.303502384856118; 64340.8310459338; 57717.65; 7913.26
565; 0.302059587692751; 64866.2105986769; 58242.66; 7945.65
566; 0.302333387912549; 65417.7087540366; 58702.52; 8042.35
567; 0.299020310497069; 66015.7121288613; 59350.08; 8065.92
568; 0.29462501587425; 66295.1912414632; 59726.5; 8061.66
569; 0.2916271942773; 66465.5342550884; 59972.48; 8045
570; 0.289679628788281; 66567.997284814; 60078.28; 8089.14
571; 0.287578318080876; 66510.1124408836; 60110.31; 8029.17
572; 0.287298929784213; 66399.564148506; 60034.61; 7986.84
573; 0.282727547954258; 66050.8654859002; 59836.69; 7917.39
574; 0.277608190471943; 65727.4584417536; 59666.57; 7857.99
575; 0.275048571132501; 65363.5139615111; 59389.9; 7810.65
576; 0.276918445873863; 65215.5127786332; 59206.26; 7798.14
577; 0.278015912080754; 65053.3950125009; 59038.27; 7768.91
578; 0.279425076444869; 64812.3379013934; 58845.98; 7661.1
579; 0.278490877461841; 64644.6144964639; 58714.81; 7633.96
580; 0.278019262450964; 64508.2814082485; 58552.61; 7674.48
581; 0.276910955916364; 64345.5640521584; 58397.54; 7689.91
582; 0.276902354970266; 64233.5150987679; 58313.45; 7648.63
583; 0.276113994142275; 64108.1180339461; 58250.26; 7584.74
584; 0.273154396662147; 63912.965187983; 58147.02; 7541.72
585; 0.268305292590054; 63761.0671599331; 58099.9; 7533.6
586; 0.268300602690664; 63662.8941432092; 57970.68; 7570.12
587; 0.268781260196721; 63565.775783658; 57840.8; 7595.33
588; 0.26692435860172; 63423.5424959773; 57794.5; 7515.31
589; 0.267911714303787; 63340.3757703859; 57715.84; 7477.14
590; 0.270090732684782; 63291.0178141623; 57668.65; 7409.31
591; 0.270293791480133; 63244.1849123359; 57609.86; 7414.83
592; 0.26663253857429; 63238.2358514498; 57660.39; 7436.62
593; 0.263787554437733; 63271.7145849452; 57691.3; 7515.55
594; 0.260508108361319; 63298.6996161251; 57857.39; 7415.78
595; 0.255408228435088; 63444.2533584373; 58098.84; 7425.86
596; 0.252038928242484; 63644.7960173376; 58297.75; 7522.67
597; 0.247138567307985; 63829.0602350912; 58525.37; 7604.81
598; 0.241841090384833; 64249.1828774454; 59022.55; 7653.63
599; 0.238454324027688; 64644.3219990139; 59424.96; 7746.62
600; 0.236714981717944; 65097.8227494212; 59833.61; 7865.6
601; 0.236499088650171; 65954.1598262038; 60613.83; 7981.54
602; 0.233132871363773; 66529.8611360376; 61165.89; 8127.68
603; 0.230702952801414; 67062.2123308654; 61696.52; 8210.69
604; 0.228016884056221; 67872.0395037931; 62521.1; 8279.29
605; 0.22395336954923; 68395.1008983349; 63100.41; 8335.81
606; 0.221037486040033; 68953.6762437854; 63663.49; 8433.43
607; 0.217657813032912; 69640.0426967966; 64323.42; 8601.91
608; 0.217669589797596; 69997.0094288191; 64658.21; 8632.03
609; 0.213304254073124; 70292.2181466115; 65073.97; 8604.5
610; 0.211269468389211; 70368.4714700247; 65172.71; 8644.62
611; 0.210823123868922; 70484.832071125; 65272.37; 8685.66
612; 0.206835286441506; 70422.2862084939; 65299.8; 8694.94
613; 0.205706506563797; 70359.5036288181; 65236.33; 8738.43
614; 0.204498664548519; 70118.1310893697; 65021.77; 8738.88
615; 0.202910486808677; 69591.877837874; 64611.67; 8601.47
616; 0.200160357488676; 69180.3119001456; 64327.71; 8490.97
617; 0.196595938135977; 68513.2190233864; 63750.78; 8479.51
618; 0.195502905337717; 68102.4653769486; 63409.58; 8397.41
619; 0.191950782184613; 67566.5901428037; 63031.1; 8261.52
620; 0.188566712366096; 66854.6131720405; 62439.89; 8181.46
621; 0.188047575586216; 66342.468225635; 62031.97; 8006.28
622; 0.187717361028478; 65917.6584558696; 61627.93; 7977.65
623; 0.183240097134595; 65261.5193254423; 61089.51; 7944.47
624; 0.17892601736064; 64803.0836116016; 60775.51; 7850.56
625; 0.178326045209209; 64246.3302644447; 60333.15; 7649.55
626; 0.178557900925751; 63933.4080286757; 60001.55; 7672.37
627; 0.180591083652622; 63657.6144154337; 59663.53; 7702.54
628; 0.180523633939401; 63154.1267638199; 59161.71; 7698.47
629; 0.176780882663545; 62815.194366231; 58904.24; 7697.54
630; 0.17408853463882; 62473.1192987142; 58673.32; 7590.96
631; 0.172006082562223; 62016.0728469927; 58286.63; 7537.38
632; 0.172106325226231; 61776.2195263545; 58034.98; 7553.58
633; 0.170270216564185; 61358.8607239443; 57665.6; 7533.89
634; 0.166586043595576; 61042.0206793705; 57491.66; 7399.17
635; 0.161316089554254; 60715.4550640814; 57331.41; 7278.99
636; 0.157716150110798; 60405.3290902446; 57129.43; 7203.28
637; 0.156832258739341; 60173.4115962941; 56921.59; 7186.3
638; 0.156238785573917; 59981.8970029577; 56746.86; 7172.03
639; 0.15247449608618; 59615.3799588082; 56474.9; 7130.18
640; 0.15085018068762; 59404.0938332911; 56308.98; 7098.55
641; 0.145985666160227; 59032.8730296602; 56025.04; 7124.54
642; 0.142157637009877; 58777.0300778422; 55851.63; 7112.18
643; 0.140215031118316; 58575.7326949305; 55692.95; 7102.18
644; 0.137144856631818; 58273.9325113037; 55477.42; 7040.41
645; 0.135445207546015; 58075.1871826366; 55315.46; 7031.93
646; 0.13055619270266; 57741.7758872941; 55086.22; 7016.63
647; 0.129792237736033; 57551.885710686; 54921.49; 6988.22
648; 0.128942288204497; 57362.0306201531; 54777.47; 6908.9
649; 0.129125115395309; 57151.5787519569; 54584.21; 6850.24
650; 0.130607109022875; 57046.9861976994; 54434.91; 6887.44
651; 0.128867732325696; 56864.1176838618; 54281.94; 6897.29
652; 0.127828247819357; 56721.3054555963; 54181.24; 6836.59
653; 0.127637236682783; 56593.3404484344; 54066.57; 6807.61
654; 0.126469473968129; 56411.4769041575; 53933.75; 6733.97
655; 0.126332368105331; 56294.9505384528; 53818.85; 6734.1
656; 0.123414314541376; 56104.3463469061; 53659.37; 6803.89
657; 0.120229250892962; 55949.1764407067; 53572.96; 6785.34
658; 0.117711350243295; 55798.4416495816; 53491.61; 6725.75
659; 0.117292071231656; 55589.2783398964; 53290.37; 6723.85
660; 0.118693004474078; 55485.8592713912; 53130.56; 6804.68
661; 0.118564087408238; 55289.5299474651; 52944.07; 6779.84
662; 0.121211372780133; 55193.5713896077; 52776.31; 6831.17
663; 0.120203449849538; 55076.0547539917; 52691.11; 6792.76
664; 0.120406635815405; 54881.7727516914; 52498.6; 6772.47
665; 0.12077345984347; 54748.8751507584; 52365.21; 6750.71
666; 0.121007991318957; 54556.299425753; 52168.7; 6746.16
667; 0.120153394635587; 54417.9604692353; 52068.84; 6682.48
668; 0.116260046366412; 54196.7212818488; 51924.09; 6679.42
669; 0.111734864582239; 53959.3132713423; 51789.98; 6631.49
670; 0.109150565281974; 53832.5519458953; 51718.39; 6613.31
671; 0.105683482537206; 53588.0288962312; 51538.43; 6617.96
672; 0.10517148702748; 53447.0070030918; 51396.58; 6649.12
673; 0.104930273685457; 53322.3644376912; 51260.48; 6697.67
674; 0.104147928228133; 53053.4710127595; 50991.09; 6745.8
675; 0.103137016875935; 52817.6408310923; 50777.7; 6734.8
676; 0.105148725657038; 52532.6078684039; 50449.76; 6741.89
677; 0.106193698939065; 52327.2087929537; 50220.53; 6749.72
678; 0.105536254236778; 51932.6900160667; 49854.15; 6698.66
679; 0.10559364435815; 51653.0727386571; 49569.83; 6707.77
680; 0.105771057275245; 51346.2239570635; 49265.17; 6687.29
681; 0.10367517360851; 50899.7438786181; 48896.52; 6564.97
682; 0.101137556337557; 50591.6045860384; 48676.53; 6431.06
683; 0.101766713606215; 50246.1029125607; 48337.61; 6366.86
684; 0.10027152060073; 49949.8256001767; 48088.67; 6299.26
685; 0.0995557311906077; 49518.1555194826; 47686.4; 6241.9
686; 0.103278016212039; 49300.3830696315; 47417.69; 6182.03
687; 0.103122109178923; 49060.7957215928; 47194.51; 6135.03
688; 0.100618284971546; 48675.0257684861; 46880.57; 6043.52
689; 0.100885914219829; 48438.7512002618; 46645.93; 6019.83
690; 0.101424088294169; 48092.1196585506; 46281.98; 6043.37
691; 0.102937660832452; 47866.5528374478; 46019.78; 6072.64
692; 0.100693296671389; 47592.9002403466; 45801.47; 6019.6
693; 0.0993349590568692; 47216.9298210644; 45480.32; 5912.87
694; 0.0960840895528554; 46910.0635832409; 45216.95; 5957.48
695; 0.0932064821396429; 46475.7837591223; 44856.77; 5870.15
696; 0.0967855216101168; 46274.2032166985; 44601.15; 5839.3
697; 0.0965740521874719; 45868.4034450858; 44212.6; 5789.13
698; 0.0973004796777943; 45622.48283463; 43970.67; 5729.64
699; 0.0921025863504094; 45227.0051804164; 43685.73; 5645.72
700; 0.0933126096959652; 45034.0638108208; 43480.78; 5613.72
701; 0.0931364736476299; 44791.5050979221; 43262.21; 5535.8
702; 0.0909921454937316; 44486.3454713621; 43047.86; 5328.02
703; 0.0908843168105639; 44274.1270296229; 42844.93; 5298.29
704; 0.0919407820093594; 43999.6953732038; 42562.73; 5264.28
705; 0.0900751750299772; 43791.647289528; 42395.58; 5218.32
706; 0.0907968424651345; 43504.5274288183; 42117.78; 5140.41
707; 0.0929238405174475; 43334.1013714596; 41925.34; 5100.31
708; 0.0928861455988671; 43112.4071879754; 41719.61; 5042.41
709; 0.0911499303137756; 42814.3754885278; 41441.44; 5063.33
710; 0.0877745661157346; 42575.4990488511; 41250.92; 5070.99
711; 0.0849772011877082; 42232.9455630066; 40971.05; 4988.98
712; 0.084088445131555; 41980.0296235014; 40745.44; 4931.56
713; 0.081219209114272; 41620.5651122415; 40453.58; 4825.16
714; 0.0809623314856288; 41324.2884393049; 40162.51; 4817.99
715; 0.0791912534549132; 40870.8285633669; 39741.68; 4785.79
716; 0.07742673784739; 40539.7368597259; 39438.32; 4773.18
717; 0.0771654844134409; 40199.3698809195; 39110.62; 4732.38
718; 0.0803295462466854; 39704.7664067765; 38587.23; 4664.32
719; 0.0789726974065957; 39342.6504556389; 38255.66; 4612.8
720; 0.0801491521008083; 38834.630326617; 37744.76; 4555.32
721; 0.0842225040249732; 38551.6276449369; 37408.22; 4546.28
722; 0.0898514793378282; 38076.7261642982; 36879.41; 4460.74
723; 0.0922889595167153; 37785.7812102899; 36550.41; 4479.31
724; 0.0974828770385981; 37365.1846911313; 36067.83; 4451.78
725; 0.100898390807947; 37149.8106247739; 35820.25; 4406.23
726; 0.0996487990479918; 36863.0467686799; 35556.79; 4381.67
727; 0.103486915556159; 36772.3719082789; 35416.12; 4379.03
728; 0.105089480916477; 36654.7560609308; 35290.02; 4337.76
729; 0.105174398702663; 36539.4911765519; 35184.36; 4302.56
730; 0.0987675050300799; 36443.3797111808; 35167.28; 4313.26
731; 0.0957444408266089; 36430.4466111272; 35185.56; 4340.21
732; 0.092946212221985; 36471.7401356633; 35258.87; 4355.35
733; 0.0937185153458463; 36539.9730333846; 35317.69; 4352.44
734; 0.092681718266479; 36518.205898231; 35320.05; 4313.85
735; 0.087367007022352; 36419.8422731626; 35287.77; 4322.8
736; 0.0859738070261602; 36362.1669406799; 35255.22; 4294.16
737; 0.0851397488037823; 36286.6168843179; 35198.54; 4260.86
738; 0.0872112465184678; 36252.7226744247; 35153.14; 4202.21
739; 0.0901775378585363; 36198.1247092473; 35082.98; 4119.97
740; 0.0911837919167817; 36125.422514675; 35003.05; 4099.39
741; 0.0932867341408253; 36082.3496058384; 34937.5; 4085.83
742; 0.0985128912713731; 36143.6452777071; 34942.34; 4058.61
743; 0.103389679909595; 36222.9480863768; 34952.47; 4088.45
744; 0.105597246049356; 36446.3639299508; 35132.25; 4139.05
745; 0.106104883220967; 36610.4733584888; 35282.64; 4160.7
746; 0.104740443180245; 36858.2108082794; 35543.95; 4170.26
747; 0.0987598780723377; 37014.4127098086; 35776.2; 4165.32
748; 0.0980764663964788; 37256.7368143411; 36018.91; 4191.6
749; 0.0955004634658768; 37296.377483374; 36058.63; 4303.18
750; 0.0971543503573748; 37343.0750378253; 36077.01; 4325.62
751; 0.0980641320153504; 37270.4972277358; 35972.11; 4394.76
752; 0.104087502807661; 37083.5686989327; 35724.03; 4335.18
753; 0.106591944335174; 36861.0409536238; 35464.2; 4349.34
754; 0.112462700612035; 36399.6059020348; 34948.18; 4283.12
755; 0.116143894661907; 36007.0221398378; 34532.21; 4213.14
756; 0.11477575528309; 35390.6687201299; 33962.17; 4128.32
757; 0.113812003507982; 34975.435470223; 33587.64; 4043.01
758; 0.115114051299782; 34357.7837360608; 32986.28; 3948.75
759; 0.107113308719149; 33896.6627351854; 32637.24; 3895.07
760; 0.107287045397716; 33523.7125662969; 32259.49; 3901.75
761; 0.11488730136706; 33009.5114360505; 31671.34; 3854.95
762; 0.115780758122579; 32665.5626572744; 31326.86; 3824.92
763; 0.117815297873046; 32205.1246367342; 30858.15; 3780.55
764; 0.123160486051637; 31939.033994448; 30552.62; 3720.96
765; 0.126100659758849; 31544.2727429374; 30138.48; 3684.65
766; 0.128028393553702; 31288.329241492; 29870.46; 3660
767; 0.13311146204503; 30906.1561587824; 29455.42; 3601.95
768; 0.135888427665047; 30660.3823831981; 29204.38; 3541.26
769; 0.134418870394957; 30281.3713752779; 28843.31; 3535.64
770; 0.132475285823272; 30018.2877322417; 28611.77; 3508.6
771; 0.13423494764601; 29707.0008614744; 28287.46; 3493.24
772; 0.137762189134473; 29503.4209069949; 28045.07; 3495.43
773; 0.136573505972678; 29132.2927001876; 27721.45; 3409.49
774; 0.136252966821472; 28879.2259589446; 27494.01; 3353.85
775; 0.133324146149114; 28509.1630475905; 27168.28; 3316.68
776; 0.131544792082197; 28246.7098935933; 26952.81; 3242.53
777; 0.128174753948704; 27898.3776635075; 26651.39; 3206.32
778; 0.124416989270852; 27666.7821251085; 26475.12; 3155.71
779; 0.122413270096888; 27341.7722976333; 26196.88; 3080.8
780; 0.125799878634195; 27156.7782052935; 25989.04; 3056.91
781; 0.131928597690928; 26916.9267910068; 25702.91; 3029.75
782; 0.13034066637004; 26747.0978980596; 25564.84; 2985.68
783; 0.133221582275919; 26465.3229172767; 25265.45; 2963.98
784; 0.143321219630461; 26340.1649819615; 25057.13; 2945.32
785; 0.1568154101262; 26148.9401458792; 24774.1; 2883.66
786; 0.158071234501132; 25984.8148891371; 24595.43; 2890.19
787; 0.159243768538019; 25707.9495131089; 24317.46; 2870.28
788; 0.15967857145357; 25548.4335258335; 24145.77; 2886.61
789; 0.1601489800589; 25264.3762956264; 23839.99; 2921.87
790; 0.162008867072955; 25125.2103754679; 23681.33; 2927.02
791; 0.162787297196018; 24875.8075271098; 23459.54; 2856.59
792; 0.159581654288445; 24695.7208163748; 23322.97; 2823.81
793; 0.157606223554854; 24400.2757823036; 23037.1; 2838.72
794; 0.159449856532593; 24240.228870424; 22868.76; 2822.52
795; 0.161353376851297; 24005.0077346571; 22607.09; 2842.83
796; 0.168053626974917; 23797.7323061435; 22354.82; 2817.16
797; 0.174064372696319; 23646.1653403523; 22177.05; 2769.18
798; 0.174497641163241; 23427.1876556413; 21947.57; 2781.96
799; 0.178655813321001; 23305.6391865155; 21776.97; 2806.93
800; 0.17911764770867; 23117.7838740826; 21599.88; 2779.62
801; 0.181798215837507; 22967.163360557; 21427.25; 2777.37
802; 0.188143233962228; 22791.7918223203; 21246.22; 2692.62
803; 0.188500105302335; 22650.8527204259; 21118.69; 2663.1
804; 0.190367494721799; 22480.8123641358; 20955.5; 2624.18
805; 0.191517272978655; 22319.5809917595; 20811.88; 2577.65
806; 0.197274658735093; 22124.9301414178; 20577.48; 2567.74
807; 0.19657150218357; 21949.7510932819; 20444.88; 2505.62
808; 0.1974401067191; 21721.1542932977; 20233.34; 2465.85
809; 0.195786662356066; 21565.9656697236; 20117.91; 2419.76
810; 0.191051753257443; 21340.5351582532; 19941.99; 2394.41
811; 0.187641456863605; 21213.2915901787; 19840.25; 2392.78
812; 0.189242481541532; 21019.6317690596; 19616.34; 2424.03
813; 0.187729872753932; 20904.7083073528; 19507.44; 2432.37
814; 0.185102600879556; 20728.686625466; 19384.56; 2372.31
815; 0.187232169865382; 20614.8609055796; 19269.86; 2346.4
816; 0.188854698189787; 20451.603004241; 19099.36; 2338.24
817; 0.191923698321951; 20276.9526543798; 18911.16; 2323.53
818; 0.19343860978415; 20144.6971678016; 18779.83; 2303.4
819; 0.193192087812646; 19923.9702062956; 18588.73; 2255.84
820; 0.190568273030805; 19757.5367795277; 18471.08; 2202.85
821; 0.190694805525764; 19568.1237251527; 18304.05; 2162.46
822; 0.187489552518395; 19455.4631765337; 18214.57; 2158.47
823; 0.189424266573669; 19308.6480927055; 18072.01; 2128.55
824; 0.193677528781692; 19205.9097082678; 17950.02; 2113.67
825; 0.201424679580808; 19112.0197192; 17823.05; 2085.84
826; 0.201469428277134; 19019.5346288453; 17718.64; 2104.67
827; 0.208739071004396; 18893.5517215206; 17567.1; 2071.48
828; 0.211684745678637; 18813.0676835161; 17446.36; 2104.85
829; 0.212755139806566; 18663.2413509442; 17319.63; 2058.67
830; 0.213057912564508; 18505.8980236888; 17167.7; 2047.33
831; 0.206892566482846; 18375.7349703129; 17070.99; 2054.64
832; 0.198442367661529; 18184.999341585; 16949.8; 2026.97
833; 0.197496415632703; 18075.1098135708; 16862.72; 1998.1
834; 0.193254811090989; 17926.823027245; 16745.5; 1988.73
835; 0.19667636508558; 17846.5564675573; 16665.86; 1952.59
836; 0.199794284461425; 17720.7960917078; 16511.91; 1967.5
837; 0.203382561614638; 17650.2519862334; 16426.18; 1957.32
838; 0.206622390905877; 17519.9032010013; 16291.25; 1934.09
839; 0.212607385663862; 17399.1363829143; 16142.26; 1924.19
840; 0.218353776565851; 17348.757425035; 16052.59; 1932.12
841; 0.223871121088045; 17252.3498054067; 15937.23; 1914.22
842; 0.228680835030965; 17176.3112379277; 15840.72; 1902.7
843; 0.226257694226518; 17038.8007157695; 15720.73; 1897.36
844; 0.232218548302128; 16962.0849575672; 15632.51; 1864.37
845; 0.240804948737558; 16832.4871989025; 15468.07; 1844.53
846; 0.245239731995231; 16755.8005465199; 15382.36; 1822.74
847; 0.244155152257829; 16633.6204204942; 15250.27; 1843.57
848; 0.243722505089815; 16482.7801702639; 15118.86; 1820.49
849; 0.237080556634525; 16366.9876772847; 15039.5; 1821.03
850; 0.233333639114274; 16193.5932630924; 14899.55; 1803.19
851; 0.23239524799401; 16081.2399260822; 14798.65; 1794.04
852; 0.222352696694701; 15881.1945791053; 14672.91; 1765.98
853; 0.215640866702481; 15767.8857375605; 14599.06; 1761.08
854; 0.213489671110835; 15580.9955984938; 14426.29; 1756.88
855; 0.217151329429357; 15402.7840918192; 14252.44; 1720.34
856; 0.22345093260621; 15304.1130260121; 14145.41; 1683.66
857; 0.226673428673751; 15147.0481299216; 13982.24; 1668.09
858; 0.230462743775607; 15053.9185433507; 13875.99; 1658.82
859; 0.237418190293161; 14928.203523377; 13730.38; 1637.1
860; 0.247639899680859; 14841.462208773; 13604.73; 1620.14
861; 0.255097963494024; 14694.4181923855; 13458.69; 1571.19
862; 0.25158645080565; 14520.1898349545; 13294.88; 1579.38
863; 0.255684606967017; 14401.5919744154; 13172.94; 1558
864; 0.258439845903919; 14239.6508523164; 12984.52; 1574.25
865; 0.253043547319661; 14093.7744893412; 12852.86; 1589.3
866; 0.256397569702256; 13882.807955019; 12661.71; 1543.16
867; 0.249695574383584; 13641.0485484137; 12478.66; 1508.05
868; 0.246232675476769; 13480.0162525035; 12339.72; 1499.9
869; 0.252229886715336; 13267.8631998839; 12143.73; 1443.2
870; 0.248092428869484; 13106.0177516505; 12003.74; 1438.46
871; 0.251512153318667; 12845.9814027907; 11795.11; 1352.42
872; 0.254118623088448; 12684.1214682819; 11621.28; 1353.53
873; 0.256368035531119; 12425.713963266; 11391.77; 1304.92
874; 0.250818744880669; 12170.7593666879; 11157.91; 1306.28
875; 0.257180626792992; 12008.6116582716; 10988.42; 1282.95
876; 0.249016063841041; 11753.162675466; 10764.51; 1283.8
877; 0.24777098956941; 11588.1472807559; 10619.45; 1263.96
878; 0.252382341232224; 11395.4219611543; 10426.64; 1240.69
879; 0.249132481505005; 11209.26365014; 10281.91; 1202.89
880; 0.247988208875972; 11115.0901420076; 10176.64; 1222.66
881; 0.248872299419412; 10993.3546696003; 10049.07; 1225.61
882; 0.240330242061902; 10887.0483724706; 9964.16; 1240.17
883; 0.244397270405477; 10794.4386984427; 9871.87; 1218.87
884; 0.25330039100432; 10724.0189319944; 9759.58; 1229.16
885; 0.250136081356001; 10657.7669049435; 9705.01; 1229.35
886; 0.250932952063617; 10570.9989292388; 9624.7; 1216.9
887; 0.256042802168883; 10526.5256318555; 9581.9; 1190.31
888; 0.2625142646556; 10448.6603391593; 9500.49; 1165.17
889; 0.272288295957182; 10416.4109342193; 9458.44; 1134.77
890; 0.26376058646661; 10379.2271677091; 9437.48; 1151.43
891; 0.262303797336312; 10348.260531175; 9410.91; 1152.23
892; 0.2585007520825; 10369.6232253715; 9440.9; 1158.23
893; 0.261123931820425; 10412.4498663588; 9456.13; 1180.51
894; 0.262495648231031; 10508.432099137; 9516.2; 1218.24
895; 0.261658744534412; 10588.3727069341; 9601.35; 1215.52
896; 0.268982965116387; 10768.6199561272; 9716.85; 1259.78
897; 0.276354150436253; 10884.0922756024; 9809.8; 1252.27
898; 0.275451089879582; 11069.6917946251; 10009.86; 1239.26
899; 0.275380461651452; 11263.6342952605; 10218.36; 1222.35
900; 0.269809655437671; 11361.6368408831; 10337.8; 1221.8
901; 0.269479520247682; 11518.9064187639; 10488.16; 1231.39
902; 0.267112768831212; 11642.9285796949; 10593.25; 1264.91
903; 0.267726567795036; 11694.5920247242; 10645.88; 1260.64
904; 0.26281572145381; 11720.8905274791; 10679.41; 1275.13
905; 0.26629479582456; 11690.3221550837; 10655.26; 1250.55
906; 0.273884707966291; 11607.2089792717; 10541.38; 1251.83
907; 0.279397253628329; 11495.9481535996; 10411.05; 1248.88
908; 0.277850007120513; 11365.0459337109; 10286.47; 1248.31
909; 0.274803950839424; 11128.1031415076; 10069.8; 1238.26
910; 0.273005158106506; 10831.0108269672; 9823.06; 1186.92
911; 0.272232443037851; 10610.9497536931; 9629.07; 1159.31
912; 0.276812499799829; 10272.4574155969; 9285.22; 1146.16
913; 0.27863710028386; 10026.244279991; 9042.21; 1134.81
914; 0.277330592151395; 9630.19384895883; 8674.98; 1106.58
915; 0.273631807532495; 9233.33025890589; 8362.8; 1021.94
916; 0.277299288490905; 8987.06752062929; 8140.9; 980.04
917; 0.274170452715429; 8611.68259342737; 7802.17; 948.16
918; 0.282978471020848; 8301.04228999644; 7504.64; 903.62
919; 0.290195708850032; 8096.35791990396; 7335.11; 842.14
920; 0.286794555400302; 7793.49100583011; 7076.67; 802.29
921; 0.288587484219028; 7507.62488212113; 6827.49; 756.4
922; 0.286511059068804; 7322.84158876843; 6642.23; 762.34
923; 0.289199656576964; 7043.3707247077; 6379.21; 736.9
924; 0.293326671662043; 6871.4348108238; 6235.64; 695.41
925; 0.301494800256929; 6619.19081132968; 5975.99; 684.36
926; 0.299200194067858; 6351.87398107626; 5733.56; 662.86
927; 0.302648436863623; 6182.53728438013; 5578.53; 640.06
928; 0.31375893724203; 5945.97766077891; 5344.84; 614.38
929; 0.326112611595948; 5683.04097011524; 5096.11; 577.06
930; 0.324957682311508; 5492.46405106796; 4916.24; 568.49
931; 0.344166370447834; 5192.73819485401; 4622.43; 531.18
932; 0.34234383691372; 4825.30198247804; 4320.37; 472.73
933; 0.350819421998673; 4575.40135114207; 4082.87; 449.92
934; 0.33950414170104; 4137.33851369816; 3709.57; 403.73
935; 0.330984497553168; 3665.96455677721; 3289.86; 364.07
936; 0.315977403690946; 3349.79349369383; 3013.38; 341.07
937; 0.312528024876519; 2884.02977679207; 2607.66; 283.25
938; 0.267835152859252; 2430.83597578711; 2217.03; 255.66
939; 0.25297814607167; 2177.60867738117; 1987.35; 240.84
940; 0.236685420145866; 1856.65752116285; 1708.3; 200.7
941; 0.235497232089992; 1614.4611255386; 1492.92; 165.23
942; 0.207817457043494; 1498.05829914312; 1401.15; 149.27
943; 0.227026990881688; 1394.17785824329; 1302.09; 129.83
944; 0.230502060263553; 1347.94031867482; 1262.49; 118.64
945; 0.231998214262033; 1348.20793483283; 1262.09; 118.78
946; 0.270811012061406; 1380.58153682652; 1273.61; 126.38
947; 0.247692025681071; 1425.12372701113; 1321.41; 133.95
948; 0.276760803441478; 1482.23730411011; 1363.71; 136.99
949; 0.323615919486708; 1572.83260770443; 1428.21; 142.93
950; 0.296207889095609; 1661.26150976918; 1513.54; 159.48
951; 0.287860773505193; 1723.8663677597; 1560.05; 181.96
952; 0.274366164211114; 1815.0281046598; 1643.42; 199.97
953; 0.299979753106269; 1923.37423664605; 1744.87; 190.22
954; 0.297335830856645; 1992.13518879724; 1804.25; 201.97
955; 0.303756557885864; 2095.81528699375; 1886.52; 220.2
956; 0.280739239541063; 2177.61036630622; 1973.27; 232.59
957; 0.288502537632; 2232.13492382985; 2017.89; 237.27
958; 0.321426036653019; 2327.53212802914; 2093.11; 233
959; 0.35365431996229; 2414.4103538337; 2164.83; 225.43
960; 0.342377657919024; 2451.9697190039; 2197.28; 237.59
961; 0.341679599868674; 2510.08827785338; 2240.09; 252.36
962; 0.332885678441342; 2546.56210090287; 2283.29; 252.54
963; 0.34424301077538; 2574.40326040374; 2296.84; 257.43
964; 0.36614569859847; 2624.64571488537; 2337.1; 250.71
965; 0.344013986704339; 2638.82476950429; 2355.82; 262.59
966; 0.343580919476992; 2663.47067499542; 2365.12; 277.15
967; 0.324348126324142; 2661.08492286403; 2373.35; 283.1
968; 0.330338351964016; 2668.10636982384; 2376.54; 281.63
969; 0.334523929467565; 2674.20016098303; 2370.7; 289.46
970; 0.326940935057455; 2672.34460448121; 2366.85; 298.08
971; 0.329739354132955; 2664.13259557893; 2360.21; 293.99
972; 0.319931627404817; 2649.02537585138; 2353.17; 294.93
973; 0.319617022330283; 2638.16322323792; 2347.33; 290.17
974; 0.331229481876155; 2633.26179870163; 2331.79; 290.21
975; 0.318506404186945; 2607.01818275787; 2324.88; 282.41
976; 0.322363291534092; 2595.35404549954; 2322.23; 270.08
977; 0.310348405267076; 2568.71300909407; 2313.59; 262.02
978; 0.304846077311758; 2536.63426586522; 2288.88; 259.01
979; 0.314480010206283; 2511.5693651883; 2262.7; 252.18
980; 0.298777703500689; 2475.47887602642; 2245.69; 245.05
981; 0.293443655936669; 2437.80657044864; 2220.96; 235.42
982; 0.289077441860595; 2401.16809505556; 2183.47; 239.89
983; 0.308848283179584; 2382.58827912327; 2140.37; 249.79
984; 0.303880969758304; 2342.50571141519; 2104.59; 249.33
985; 0.292823964467189; 2294.15058263359; 2072.4; 241.14
986; 0.309730618919488; 2260.41112131221; 2037.13; 229.52
987; 0.322864531973688; 2246.98459154335; 2018.37; 225.42
988; 0.313067391434554; 2200.45666206457; 1985.88; 218.17
989; 0.341388941007188; 2161.88741355639; 1950.05; 197.49
990; 0.309266516363248; 2121.58912981822; 1942.59; 184.19
991; 0.341531418828884; 2085.28001309334; 1902.07; 170.69
992; 0.349459131629815; 2055.6082088712; 1866.89; 171.81
993; 0.330681674690474; 2002.35738935204; 1826.88; 168.81
994; 0.322350499755667; 1973.59658729306; 1801.55; 169.77
995; 0.391578822724005; 1948.95589763787; 1753.79; 158.52
996; 0.38802643842153; 1910.97477771551; 1712.27; 162.85
997; 0.386020793569913; 1870.58970159756; 1669.42; 165.71
998; 0.359270664934382; 1843.12992911612; 1649.52; 171.34
999; 0.364983968085308; 1803.39882282373; 1609.99; 168.46
1000; 0.403034959328334; 1771.90688417289; 1572.97; 156.9
1001; 0.41098383257867; 1740.67371072148; 1537.56; 157.08
1002; 0.360330610931541; 1695.44397372769; 1507.6; 165.67
1003; 0.361346391282308; 1656.17943909225; 1483.4; 151.94
1004; 0.392825358306967; 1629.7404300707; 1452.09; 143.69
1005; 0.422838462285872; 1604.49277189606; 1426.54; 133.7
1006; 0.451967810960872; 1563.20091187031; 1392.69; 119.84
1007; 0.422366888766726; 1529.65289013122; 1360.28; 127.37
1008; 0.440167405815833; 1498.75699622022; 1330.15; 121.65
1009; 0.424859609547982; 1462.36428143385; 1305.09; 117.55
1010; 0.406145338379239; 1432.12586820981; 1276.43; 121.72
1011; 0.406169446492875; 1386.89874403212; 1247.08; 109.29
1012; 0.423164460633435; 1345.92768953967; 1226.3; 89.74
1013; 0.401066715493654; 1325.83994529474; 1203.11; 97.13
1014; 0.423065863747704; 1294.50297142354; 1183.93; 82.95
1015; 0.391559219467036; 1258.85439389863; 1162.61; 78
1016; 0.390431579231009; 1234.04724843245; 1136.04; 79.65
1017; 0.39667066644563; 1209.24671769914; 1118.19; 72.83
1018; 0.356320637414539; 1172.49446484235; 1089.33; 74.04
1019; 0.285736646868392; 1137.19904716647; 1053.08; 93.38
1020; 0.277580989145403; 1106.60613742819; 1031.33; 86.01
1021; 0.260020455905906; 1083.66725948346; 1012.25; 87.1
1022; 0.265952535733592; 1059.10314556441; 982.3; 91.57
1023; 0.275810426455951; 1028.48264446021; 955.81; 83.54
1024; 0.277890389554156; 1005.24233875271; 931.76; 83.83
1025; 0.241148653157177; 980.919465076077; 909.97; 93.26
1026; 0.269401868599273; 967.619057946969; 889.93; 91.4
1027; 0.25607340444051; 939.795891574907; 860.61; 98
1028; 0.249990101140748; 911.435712764455; 835.58; 96.15
1029; 0.26630322870239; 896.914726287337; 814.05; 98.59
1030; 0.257384701575651; 875.122467099975; 791.84; 102.51
1031; 0.273128461621213; 856.288348535259; 762.89; 108.32
1032; 0.277712669923932; 834.752289265501; 750.5; 96.09
1033; 0.261064369380987; 805.277816106285; 735.82; 84.26
1034; 0.257713129411779; 792.219719778334; 719.26; 89.65
1035; 0.260335264990346; 767.716760725788; 702.41; 79.43
1036; 0.276174789363305; 747.384908609522; 683; 73.81
1037; 0.291756400535142; 736.475301089479; 662.23; 80.56
1038; 0.287084347665827; 718.965483835006; 654.69; 70.87
1039; 0.302680883059614; 690.947602021951; 573.11; 123.22
1040; 0.39081706731744; 711.429638166378; 578.24; 107.85
1041; 0.221927258679618; 629.475926055327; 598.75; 43.81
