# 06/03/2019 12:02:33
# NanoCalc data
# Original file name: C:\SVA_DATA\StudentProjects\2018_Nathan\PIswelling\PIslowslow_255.dat
# Fit Result : Fitness; Thickness 1; Thickness 2; Thickness 3 
# Fit Result : 0.588075738959005; 2; 361.5; -1
# comment:PI id:353 Slowslow swelling start 11:22
#
# WaveLength; Reflectance; Raw Intensity; Dark Intensity; Reference Intensity
400; 0.231227935094646; 4198.10334662938; 3854.36; 720.85
401; 0.23040784854695; 4332.4258343972; 3985.6; 726.75
402; 0.227228582584532; 4422.73163925797; 4083.71; 717.18
403; 0.225810853255729; 4521.8424763964; 4177.83; 729.27
404; 0.221926702392151; 4625.45600558111; 4266.9; 770.15
405; 0.235572267199952; 4801.62057224437; 4419.01; 771.21
406; 0.226390911060219; 4908.49514055179; 4538.57; 772.84
407; 0.216045222395392; 5012.59590943214; 4650.31; 790.01
408; 0.219756500015002; 5123.01728554608; 4747.36; 802.14
409; 0.21828321902216; 5221.87758698926; 4845.27; 806.6
410; 0.218541022060356; 5375.69928364391; 4970.83; 862.87
411; 0.216555008010694; 5464.18215863398; 5045.16; 898.04
412; 0.207330141542666; 5531.80910902115; 5134.48; 886.28
413; 0.201633080041674; 5604.19298134469; 5205.72; 910.9
414; 0.202356332573469; 5736.67154394511; 5316.37; 954.15
415; 0.206711313087443; 5822.4527163533; 5386.19; 966.33
416; 0.202558628529606; 5894.60394235078; 5457.07; 985.72
417; 0.203196598740535; 5971.95440429338; 5520.71; 1010.06
418; 0.19943325786392; 6087.74361432457; 5645.41; 1005.43
419; 0.193140732027166; 6173.58317710891; 5742.25; 1009.35
420; 0.198692457002373; 6295.22020543505; 5841.72; 1028.49
421; 0.195730322176475; 6408.37751236373; 5953.97; 1043.09
422; 0.18467221753082; 6547.98514045483; 6112.25; 1057.02
423; 0.186898519388611; 6663.46858172799; 6213.11; 1076.28
424; 0.183262343325342; 6798.9598337295; 6341.27; 1112.19
425; 0.181595673653577; 6935.01585762397; 6476.56; 1121.22
426; 0.173626469006411; 7137.51295777894; 6672.57; 1186.04
427; 0.180764381468475; 7305.7730534066; 6816.49; 1195.56
428; 0.18444708124461; 7456.03583357199; 6935.77; 1242.47
429; 0.189177758691624; 7599.18173090673; 7065.26; 1240.13
430; 0.187784226685548; 7793.93633878646; 7250.62; 1268.14
431; 0.185140854078342; 7940.0150198654; 7391.86; 1294.51
432; 0.185493485785341; 8059.10029780198; 7498.99; 1316.94
433; 0.185372054042249; 8166.44886197163; 7596.6; 1337.5
434; 0.194031207467032; 8346.97608380883; 7741.1; 1355.32
435; 0.198555647199286; 8469.95238664442; 7839.02; 1376.23
436; 0.193610870346712; 8555.87789300619; 7932.9; 1390.56
437; 0.194017479369918; 8665.30319427141; 8022.45; 1428.62
438; 0.200345455505993; 8861.65368132525; 8192.53; 1436.7
439; 0.204381934078947; 8960.87477562656; 8266.28; 1458.6
440; 0.21015175925234; 9077.06848401456; 8353.7; 1473.93
441; 0.211363563702958; 9192.20253746021; 8471.61; 1456.61
442; 0.218110824264146; 9397.81495048407; 8631.22; 1498.28
443; 0.211697763986072; 9501.13984833262; 8745.18; 1518.91
444; 0.212727622861656; 9645.53701816727; 8868.1; 1551.1
445; 0.215256515337074; 9774.54961805097; 8992.88; 1537.75
446; 0.218281164441287; 9976.40342351499; 9180.96; 1539.64
447; 0.218117664183284; 10162.9927677241; 9336.15; 1598.18
448; 0.218781147255982; 10341.881731748; 9503.28; 1612.48
449; 0.224035311608354; 10642.6320041747; 9759.68; 1654.44
450; 0.222375363117224; 10834.3250466139; 9952.86; 1660.42
451; 0.220653338491326; 11022.7274726841; 10135.12; 1681.65
452; 0.221903684369738; 11212.5464569808; 10315.84; 1685.87
453; 0.220768753415125; 11554.1078102063; 10632.34; 1738.46
454; 0.21485417771275; 11794.1032253195; 10871.13; 1785.11
455; 0.2124242349546; 12016.9952695872; 11090.19; 1809.49
456; 0.208851849384861; 12264.4245847543; 11336.98; 1838.14
457; 0.209161568721636; 12656.0081573347; 11703.49; 1881.48
458; 0.213434876924409; 12953.5783370144; 11962.1; 1915.55
459; 0.222693909784173; 13231.7250414062; 12166.46; 1968.86
460; 0.225366861827536; 13521.0392781913; 12419.21; 2008.52
461; 0.235833544942816; 13930.0634923403; 12764.35; 2026.89
462; 0.244582242596318; 14189.4489407981; 12966.47; 2046.57
463; 0.252533325508267; 14433.2397805488; 13151.39; 2073.78
464; 0.256759258952609; 14827.3956008833; 13494.02; 2117.77
465; 0.258927072948303; 15099.5610334971; 13718.51; 2171.37
466; 0.258560255998232; 15358.8636390869; 13951.52; 2211.96
467; 0.255380679086629; 15623.6833267002; 14196.36; 2267.48
468; 0.257796677439766; 16167.9941498642; 14670.32; 2352.97
469; 0.262277930336008; 16546.6388471739; 14971.26; 2428.75
470; 0.256900551588666; 16888.7266684669; 15302.08; 2493.24
471; 0.255601216773639; 17341.7956490464; 15703.48; 2583.28
472; 0.262876325451769; 18058.418462395; 16286.71; 2711.89
473; 0.268256325577901; 18574.9387450652; 16704.77; 2800.68
474; 0.271140340971293; 19120.7910476493; 17202.51; 2837.59
475; 0.276737204382022; 20059.5176471258; 18016.84; 2955.76
476; 0.277804092788328; 20681.7613897366; 18568.46; 3041.26
477; 0.282519494231259; 21325.3697869115; 19133.22; 3097.15
478; 0.285017153352143; 22112.7486942401; 19813.99; 3214.11
479; 0.287424397093767; 23261.2662016759; 20817.86; 3382.47
480; 0.290281875254867; 24082.955893631; 21534.12; 3488.23
481; 0.292094004907538; 24889.5583661253; 22257.23; 3574.77
482; 0.297687879994237; 26125.279749477; 23325.31; 3725.36
483; 0.300771681405345; 26931.1636582713; 24015.92; 3833.33
484; 0.300644800061068; 27720.9040678434; 24699.09; 3969.2
485; 0.297476717050142; 28514.2086176401; 25415.08; 4107.94
486; 0.299572206024244; 29602.5946089221; 26380.84; 4234.14
487; 0.305068965818161; 30321.7233577419; 26980.79; 4305.15
488; 0.302777548697494; 30974.8347320442; 27586.14; 4393.08
489; 0.305984863898056; 31624.6793896427; 28142.46; 4460.62
490; 0.301317651512957; 32470.8288318423; 28938.42; 4588.41
491; 0.303528458835862; 33050.5483524654; 29443.48; 4645.2
492; 0.309097248807822; 33596.7770780618; 29900.14; 4668.67
493; 0.312274025125086; 34311.5892841979; 30557.41; 4687.17
494; 0.312395741737128; 34764.2539431624; 30960.33; 4741.51
495; 0.313486067956392; 35205.2797802177; 31346.74; 4786.87
496; 0.315101044002186; 35787.310250478; 31887.25; 4807.66
497; 0.313205852443283; 36150.2404083685; 32230.59; 4855.05
498; 0.316794235546132; 36541.6495439733; 32561.18; 4868.51
499; 0.32408937406232; 37025.5058816637; 32899.81; 4926.32
500; 0.322168168410708; 37565.7231777535; 33398.19; 4999.73
501; 0.32882805882192; 37972.5342212228; 33710.56; 5003
502; 0.332803009171827; 38424.1081165552; 34042.83; 5074.92
503; 0.336345007402272; 39001.783733566; 34514.42; 5136.5
504; 0.338270103423659; 39466.0205718934; 34900.59; 5189.47
505; 0.339287120741358; 39911.3278352766; 35295.13; 5225.22
506; 0.339707154614835; 40359.3098684172; 35692.76; 5269.39
507; 0.338600891728002; 40967.2064174582; 36254.46; 5332.8
508; 0.338001234293618; 41409.4546054251; 36587.86; 5459.35
509; 0.341094963065362; 41891.2621985556; 36997.2; 5485.06
510; 0.341190802006933; 42569.5377019911; 37643.04; 5513.6
511; 0.334003780751783; 42993.2991047183; 38097.82; 5590.42
512; 0.33399026813373; 43457.7047013139; 38503.77; 5650.96
513; 0.333581235996589; 44120.3241851795; 39070.86; 5760.55
514; 0.333675822498664; 44580.6912394752; 39482.84; 5807.45
515; 0.335086943880031; 45075.5927679401; 39895.49; 5869.7
516; 0.334363251867659; 45504.6797642102; 40324.14; 5876.14
517; 0.330354548749048; 46189.0970690252; 40949.65; 6008.14
518; 0.330578328204445; 46685.7114886913; 41302.36; 6162
519; 0.333281632985374; 47168.7643768138; 41667.33; 6239
520; 0.338458273681382; 47939.7312266642; 42261.46; 6334
521; 0.343802386917004; 48477.9445496452; 42653.92; 6388.78
522; 0.344252371803072; 48974.5762497643; 43048.19; 6485.63
523; 0.345454346521433; 49658.7538324372; 43676.28; 6517.4
524; 0.3497124191918; 50215.9854066109; 44062.51; 6615.12
525; 0.351436615631388; 50658.6518338133; 44445.36; 6639.83
526; 0.353778024459167; 51284.9655908692; 45025.6; 6637.96
527; 0.353541273517311; 51678.7584613218; 45380.58; 6677.03
528; 0.354388013917518; 52043.1509076009; 45687.52; 6715.06
529; 0.354931974449171; 52361.7789626917; 45960.42; 6746.35
530; 0.355099283845732; 52754.8111532336; 46308.54; 6783.94
531; 0.355521711145022; 53013.3615459784; 46521.33; 6817.73
532; 0.356229347329734; 53209.6154794485; 46743.21; 6771.11
533; 0.353953438317009; 53484.915456031; 47023.3; 6803.34
534; 0.351610425078725; 53632.95042113; 47184.78; 6828.13
535; 0.34996420331712; 53781.004474141; 47355.85; 6828.6
536; 0.348291219218598; 54033.6713798005; 47620.21; 6841.89
537; 0.346210732461593; 54201.4152859428; 47820.9; 6840.27
538; 0.344559430421125; 54385.227001904; 48015.37; 6854.16
539; 0.344308376813093; 54677.2213541741; 48327.27; 6830.84
540; 0.344365995564595; 54867.7719018795; 48482.08; 6861.21
541; 0.346670362005502; 55136.2765241662; 48678.04; 6887.29
542; 0.348503340142869; 55512.1868514982; 49016.37; 6885.18
543; 0.348135598082231; 55765.3350855946; 49216.43; 6943.33
544; 0.34672417468664; 55998.895586959; 49448.15; 6968.07
545; 0.346491493854641; 56431.5053249276; 49847.83; 7002.1
546; 0.347417770271343; 56720.6729688104; 50082.68; 7035.31
547; 0.345854156321879; 57019.5261942182; 50337.31; 7108.03
548; 0.343395750024301; 57497.4042060789; 50827.53; 7139.67
549; 0.340054746266435; 57729.8268201889; 51105.64; 7154.2
550; 0.336560809313639; 58018.5282314203; 51394.15; 7222.56
551; 0.334012723902387; 58320.6355982207; 51751.08; 7211.31
552; 0.335122327220636; 58832.8257064948; 52223.98; 7224.28
553; 0.330837811766647; 59075.5490521246; 52501.9; 7272.86
554; 0.329583159313862; 59377.0417106331; 52772.9; 7328.16
555; 0.324287823795566; 59772.0504715331; 53239.39; 7360.92
556; 0.32360819217052; 60100.2514639875; 53536.31; 7405.17
557; 0.321559213154112; 60421.9918096635; 53848.91; 7456.34
558; 0.319546644080313; 60963.4577673443; 54409.22; 7475.37
559; 0.314952863429541; 61302.0820100479; 54757.43; 7566.8
560; 0.314236787605114; 61702.5950003188; 55133.58; 7605.72
561; 0.312125512621789; 62413.3467921944; 55812.27; 7688.1
562; 0.308461041410734; 62924.1150283293; 56365.63; 7722.56
563; 0.305680460015654; 63478.2580908315; 56875.89; 7838.57
564; 0.303251716351787; 64335.3608322896; 57717.65; 7913.26
565; 0.303022659485647; 64887.328798563; 58242.66; 7945.65
566; 0.301861415340453; 65407.2256746446; 58702.52; 8042.35
567; 0.303154176356088; 66107.8624882816; 59350.08; 8065.92
568; 0.300089059523149; 66417.0125863106; 59726.5; 8061.66
569; 0.297434003241195; 66594.8223543857; 59972.48; 8045
570; 0.296484367687421; 66720.4444273249; 60078.28; 8089.14
571; 0.295707410443942; 66691.0182389789; 60110.31; 8029.17
572; 0.295491210934136; 66581.0597563389; 60034.61; 7986.84
573; 0.292175451977354; 66258.5245343314; 59836.69; 7917.39
574; 0.287578878848945; 65945.1437695451; 59666.57; 7857.99
575; 0.284616050006251; 65571.3042624801; 59389.9; 7810.65
576; 0.283796333877285; 65364.7659909473; 59206.26; 7798.14
577; 0.28329954872044; 65167.711256742; 59038.27; 7768.91
578; 0.282086123503433; 64869.1572797607; 58845.98; 7661.1
579; 0.280700639574487; 64691.6661537071; 58714.81; 7633.96
580; 0.28015879065283; 64554.1139409538; 58552.61; 7674.48
581; 0.277483059664035; 64357.8527925595; 58397.54; 7689.91
582; 0.276280847489375; 64220.2275095503; 58313.45; 7648.63
583; 0.275966796690541; 64104.9951868847; 58250.26; 7584.74
584; 0.272007142676969; 63888.7481016902; 58147.02; 7541.72
585; 0.26903074963454; 63776.374102098; 58099.9; 7533.6
586; 0.268298209949072; 63662.8433792624; 57970.68; 7570.12
587; 0.267653994497582; 63541.7652971211; 57840.8; 7595.33
588; 0.268492234062907; 63456.6066855689; 57794.5; 7515.31
589; 0.270723171849936; 63399.3994811495; 57715.84; 7477.14
590; 0.271752499825288; 63325.6101379808; 57668.65; 7409.31
591; 0.270326480081947; 63244.8663123878; 57609.86; 7414.83
592; 0.266259220769903; 63230.4261925927; 57660.39; 7436.62
593; 0.262533228589854; 63245.1793745533; 57691.3; 7515.55
594; 0.260939496895002; 63307.7101555335; 57857.39; 7415.78
595; 0.256845016522279; 63474.3237531211; 58098.84; 7425.86
596; 0.250673099050855; 63615.8197334342; 58297.75; 7522.67
597; 0.248583845242427; 63860.0764643726; 58525.37; 7604.81
598; 0.248126415876931; 64385.0203764005; 59022.55; 7653.63
599; 0.24379689740981; 64761.2618976771; 59424.96; 7746.62
600; 0.244023907286987; 65260.3631128823; 59833.61; 7865.6
601; 0.24424557665381; 66129.0814344446; 60613.83; 7981.54
602; 0.241421302209059; 66720.5631316724; 61165.89; 8127.68
603; 0.238191522863477; 67236.3815925209; 61696.52; 8210.69
604; 0.234344661906068; 68020.5353338634; 62521.1; 8279.29
605; 0.228938116231428; 68512.9499529924; 63100.41; 8335.81
606; 0.225644528752506; 69063.9385998169; 63663.49; 8433.43
607; 0.222245552885522; 69752.105211289; 64323.42; 8601.91
608; 0.219592285329156; 70044.1675358161; 64658.21; 8632.03
609; 0.217302119966632; 70390.021429438; 65073.97; 8604.5
610; 0.216098101394045; 70487.2223028388; 65172.71; 8644.62
611; 0.214324695440589; 70571.4061085062; 65272.37; 8685.66
612; 0.213637476011419; 70590.7493506343; 65299.8; 8694.94
613; 0.212367268213925; 70525.3916165333; 65236.33; 8738.43
614; 0.210157578979169; 70259.1582759096; 65021.77; 8738.88
615; 0.207890785499447; 69714.1136225533; 64611.67; 8601.47
616; 0.207439742595852; 69356.7901920819; 64327.71; 8490.97
617; 0.20304449733913; 68669.4321694203; 63750.78; 8479.51
618; 0.200146689586781; 68213.9355730487; 63409.58; 8397.41
619; 0.197326831421402; 67693.6175924612; 63031.1; 8261.52
620; 0.193583899105446; 66972.0755294139; 62439.89; 8181.46
621; 0.193367751785331; 66464.4193329272; 62031.97; 8006.28
622; 0.189993613716658; 65969.6755195857; 61627.93; 7977.65
623; 0.186349218220744; 65332.307773867; 61089.51; 7944.47
624; 0.18492248920275; 64938.0624822559; 60775.51; 7850.56
625; 0.181344140609108; 64312.5592403704; 60333.15; 7649.55
626; 0.181336642172812; 63994.5961140263; 60001.55; 7672.37
627; 0.182663044289267; 63703.4394114459; 59663.53; 7702.54
628; 0.179588562436607; 63133.4469499825; 59161.71; 7698.47
629; 0.175410705777645; 62784.8817034947; 58904.24; 7697.54
630; 0.175930583279544; 62513.3253648273; 58673.32; 7590.96
631; 0.173240757540963; 62042.8431198763; 58286.63; 7537.38
632; 0.169812489324459; 61726.3562250993; 58034.98; 7553.58
633; 0.168463770891453; 61319.6778592738; 57665.6; 7533.89
634; 0.165758263506396; 61024.3786379584; 57491.66; 7399.17
635; 0.163700692976235; 60765.478626283; 57331.41; 7278.99
636; 0.160981165004964; 60473.1462371501; 57129.43; 7203.28
637; 0.160617952194943; 60251.9056499718; 56921.59; 7186.3
638; 0.156878836662172; 59995.1497234438; 56746.86; 7172.03
639; 0.155302401744498; 59673.625641026; 56474.9; 7130.18
640; 0.153524127507897; 59458.9573392889; 56308.98; 7098.55
641; 0.151478792855702; 59146.0513186343; 56025.04; 7124.54
642; 0.1479278024965; 58895.7717994885; 55851.63; 7112.18
643; 0.144460049448054; 58663.0091108969; 55692.95; 7102.18
644; 0.141198621672094; 58356.5925900805; 55477.42; 7040.41
645; 0.139741812061319; 58162.731485523; 55315.46; 7031.93
646; 0.140212516922883; 57938.1886969954; 55086.22; 7016.63
647; 0.140317543949391; 57765.1936927363; 54921.49; 6988.22
648; 0.139889899691995; 57581.4680594085; 54777.47; 6908.9
649; 0.139196354767879; 57351.8231829451; 54584.21; 6850.24
650; 0.139546316595441; 57225.7658330599; 54434.91; 6887.44
651; 0.138433914562291; 57055.7993550241; 54281.94; 6897.29
652; 0.135634447710539; 56876.4218639123; 54181.24; 6836.59
653; 0.132827518740613; 56696.0898628185; 54066.57; 6807.61
654; 0.128723886442123; 56455.6442297944; 53933.75; 6733.97
655; 0.126092899385383; 56290.2569778452; 53818.85; 6734.1
656; 0.119563689966245; 56028.0611441563; 53659.37; 6803.89
657; 0.116268954842535; 55870.9049675403; 53572.96; 6785.34
658; 0.112666383417912; 55699.573620969; 53491.61; 6725.75
659; 0.112852955864048; 55502.2722939361; 53290.37; 6723.85
660; 0.114650801080886; 55405.6473098777; 53130.56; 6804.68
661; 0.116710890015085; 55252.8696032125; 52944.07; 6779.84
662; 0.117228350613171; 55114.1398521429; 52776.31; 6831.17
663; 0.117595833698021; 55024.3172999605; 52691.11; 6792.76
664; 0.118995021378021; 54853.8330867362; 52498.6; 6772.47
665; 0.121190142764741; 54757.0990814104; 52365.21; 6750.71
666; 0.12381380630246; 54611.6607466903; 52168.7; 6746.16
667; 0.120766639372396; 54429.9500244889; 52068.84; 6682.48
668; 0.118904530399415; 54248.4151984228; 51924.09; 6679.42
669; 0.112418194484216; 53972.5801267433; 51789.98; 6631.49
670; 0.110400831280496; 53856.7686303393; 51718.39; 6613.31
671; 0.105070103644302; 53576.1331801582; 51538.43; 6617.96
672; 0.104084490370048; 53425.8148780999; 51396.58; 6649.12
673; 0.101059660135565; 53246.3067132373; 51260.48; 6697.67
674; 0.100104992550023; 52973.4111025894; 50991.09; 6745.8
675; 0.0994228763436577; 52744.1790697024; 50777.7; 6734.8
676; 0.0992926229649191; 52416.6067382597; 50449.76; 6741.89
677; 0.100011897313133; 52204.5737353401; 50220.53; 6749.72
678; 0.0998275725714391; 51820.2573419472; 49854.15; 6698.66
679; 0.103951576912911; 51620.6766119539; 49569.83; 6707.77
680; 0.104333953105466; 51317.9488183225; 49265.17; 6687.29
681; 0.102024648171126; 50867.8522323025; 48896.52; 6564.97
682; 0.0994015065046196; 50558.7318824103; 48676.53; 6431.06
683; 0.100139071909897; 50215.5787604924; 48337.61; 6366.86
684; 0.100733700248311; 49958.4041899321; 48088.67; 6299.26
685; 0.100792027115486; 49540.9024960457; 47686.4; 6241.9
686; 0.101664173658934; 49270.9637381837; 47417.69; 6182.03
687; 0.0999600616962798; 49003.5695446378; 47194.51; 6135.03
688; 0.0981760114311096; 48631.4695516007; 46880.57; 6043.52
689; 0.100371525112631; 48429.610105554; 46645.93; 6019.83
690; 0.0992351936413057; 48053.0539386986; 46281.98; 6043.37
691; 0.0985037810744226; 47787.0059676684; 46019.78; 6072.64
692; 0.0965025437717551; 47518.3427303396; 45801.47; 6019.6
693; 0.0950404273544425; 47141.8512585712; 45480.32; 5912.87
694; 0.0940535382976504; 46874.2829047992; 45216.95; 5957.48
695; 0.092572655891892; 46464.7740804772; 44856.77; 5870.15
696; 0.093818664757105; 46222.9175562108; 44601.15; 5839.3
697; 0.088617992327993; 45731.9933947022; 44212.6; 5789.13
698; 0.0893364648915503; 45487.2824545017; 43970.67; 5729.64
699; 0.086912378259265; 45140.1505194447; 43685.73; 5645.72
700; 0.0865744870450712; 44921.9008688233; 43480.78; 5613.72
701; 0.0857352853549655; 44669.9780470098; 43262.21; 5535.8
702; 0.0827390951494333; 44355.8738471326; 43047.86; 5328.02
703; 0.0816883267154095; 44129.5159219019; 42844.93; 5298.29
704; 0.0804609190205441; 43820.2737363248; 42562.73; 5264.28
705; 0.0789729730180692; 43619.5752278817; 42395.58; 5218.32
706; 0.0804331037201865; 43346.2412189975; 42117.78; 5140.41
707; 0.0808776811051391; 43151.4769345013; 41925.34; 5100.31
708; 0.0810078490718912; 42934.2960402467; 41719.61; 5042.41
709; 0.0791845496665827; 42634.148299459; 41441.44; 5063.33
710; 0.0786446344751719; 42437.7220514395; 41250.92; 5070.99
711; 0.0781369773326997; 42131.3695165852; 40971.05; 4988.98
712; 0.0790676853826655; 41906.3146454402; 40745.44; 4931.56
713; 0.0754178672618684; 41537.2094671102; 40453.58; 4825.16
714; 0.0741518411278078; 41226.5605118401; 40162.51; 4817.99
715; 0.0747951801948273; 40808.1471485702; 39741.68; 4785.79
716; 0.0744083652797764; 40496.7996712645; 39438.32; 4773.18
717; 0.072195439353463; 40129.2460942505; 39110.62; 4732.38
718; 0.0746495539552362; 39625.7469367; 38587.23; 4664.32
719; 0.0734627972068254; 39266.8114742522; 38255.66; 4612.8
720; 0.0705955798322852; 38704.7205938783; 37744.76; 4555.32
721; 0.0736317810556285; 38407.8476214296; 37408.22; 4546.28
722; 0.0808745390931986; 37957.1039194554; 36879.41; 4460.74
723; 0.0804034461339457; 37626.6828616957; 36550.41; 4479.31
724; 0.0877305704546475; 37235.3957365949; 36067.83; 4451.78
725; 0.0909776978709876; 37019.0834388016; 35820.25; 4406.23
726; 0.0913351985881398; 36754.0670621854; 35556.79; 4381.67
727; 0.0950722893003771; 36662.0936875442; 35416.12; 4379.03
728; 0.098797628725638; 36573.0474303428; 35290.02; 4337.76
729; 0.0979921364589558; 36446.9505240292; 35184.36; 4302.56
730; 0.0954563627869163; 36400.5989640222; 35167.28; 4313.26
731; 0.0927601709806216; 36391.6445925119; 35185.56; 4340.21
732; 0.0883679539958985; 36411.9977046053; 35258.87; 4355.35
733; 0.0859533493315987; 36438.6992281434; 35317.69; 4352.44
734; 0.0845658540231577; 36413.2869261375; 35320.05; 4313.85
735; 0.0855985817905502; 36396.9276141819; 35287.77; 4322.8
736; 0.083792370507596; 36334.0800783664; 35255.22; 4294.16
737; 0.0841753852512164; 36274.2924212514; 35198.54; 4260.86
738; 0.0822005763927965; 36189.5468080382; 35153.14; 4202.21
739; 0.0839644348578972; 36121.2928384322; 35082.98; 4119.97
740; 0.0839066286320401; 36035.8486125164; 35003.05; 4099.39
741; 0.0893734336944236; 36034.3241227421; 34937.5; 4085.83
742; 0.0866242115833099; 35998.670001173; 34942.34; 4058.61
743; 0.0913235543204396; 36074.6765358517; 34952.47; 4088.45
744; 0.0937026635032027; 36298.3407835181; 35132.25; 4139.05
745; 0.0919728307900114; 36433.6199463545; 35282.64; 4160.7
746; 0.0962642769227895; 36751.8536765126; 35543.95; 4170.26
747; 0.0922857663534; 36933.2428301816; 35776.2; 4165.32
748; 0.0887586765017697; 37139.1366335246; 36018.91; 4191.6
749; 0.0918090943575913; 37248.5349634724; 36058.63; 4303.18
750; 0.0933034285742854; 37292.8918250815; 36077.01; 4325.62
751; 0.0939897839355957; 37216.55210632; 35972.11; 4394.76
752; 0.0998116942882152; 37027.7202349518; 35724.03; 4335.18
753; 0.101746208129681; 36797.5396935191; 35464.2; 4349.34
754; 0.105828650628075; 36313.9878977568; 34948.18; 4283.12
755; 0.110269830533972; 35932.4324155024; 34532.21; 4213.14
756; 0.112104797730865; 35357.4259901173; 33962.17; 4128.32
757; 0.110749826720895; 34938.0960425427; 33587.64; 4043.01
758; 0.113849137618719; 34342.7131706538; 32986.28; 3948.75
759; 0.108784675831149; 33916.3144270701; 32637.24; 3895.07
760; 0.107360051476463; 33524.572837282; 32259.49; 3901.75
761; 0.115020936135255; 33011.0679721301; 31671.34; 3854.95
762; 0.114232273554696; 32647.6584697446; 31326.86; 3824.92
763; 0.115293976846208; 32176.2985374455; 30858.15; 3780.55
764; 0.119034466383131; 31892.5875115445; 30552.62; 3720.96
765; 0.121050215200974; 31487.9694823387; 30138.48; 3684.65
766; 0.122214291276538; 31223.9401121992; 29870.46; 3660
767; 0.12732209159865; 30843.0597964248; 29455.42; 3601.95
768; 0.129553929928943; 30592.5102033619; 29204.38; 3541.26
769; 0.129385145682027; 30227.5187795659; 28843.31; 3535.64
770; 0.13258515145904; 30019.4541986049; 28611.77; 3508.6
771; 0.130852514517491; 29671.2314726428; 28287.46; 3493.24
772; 0.134506577097984; 29468.9569891662; 28045.07; 3495.43
773; 0.132317652940133; 29088.3285422693; 27721.45; 3409.49
774; 0.130467817986912; 28820.4112360256; 27494.01; 3353.85
775; 0.129497995792701; 28470.6822449854; 27168.28; 3316.68
776; 0.12821039914144; 28213.9121628512; 26952.81; 3242.53
777; 0.123595861833759; 27853.8304979857; 26651.39; 3206.32
778; 0.121818703005552; 27641.8958185784; 26475.12; 3155.71
779; 0.118578688562762; 27305.9086787658; 26196.88; 3080.8
780; 0.123113564264041; 27131.8424743888; 25989.04; 3056.91
781; 0.126055436390364; 26862.8815228848; 25702.91; 3029.75
782; 0.123188425246063; 26682.2233367033; 25564.84; 2985.68
783; 0.12448101537479; 26386.600165849; 25265.45; 2963.98
784; 0.13656122655662; 26279.648419139; 25057.13; 2945.32
785; 0.146148792961088; 26055.4232301149; 24774.1; 2883.66
786; 0.145411619486269; 25873.5417795201; 24595.43; 2890.19
787; 0.147088666738987; 25601.8132307445; 24317.46; 2870.28
788; 0.149393527701015; 25458.0866771487; 24145.77; 2886.61
789; 0.154616768739813; 25215.1720735045; 23839.99; 2921.87
790; 0.152619617075394; 25041.5300556387; 23681.33; 2927.02
791; 0.155074940481719; 24808.709168945; 23459.54; 2856.59
792; 0.146715065513612; 24585.0400471888; 23322.97; 2823.81
793; 0.146098484981866; 24300.7424632636; 23037.1; 2838.72
794; 0.150550274828947; 24163.6812990949; 22868.76; 2822.52
795; 0.15072132384478; 23912.8947851567; 22607.09; 2842.83
796; 0.158750332115693; 23717.8540025229; 22354.82; 2817.16
797; 0.166473415498827; 23582.0971367674; 22177.05; 2769.18
798; 0.168989354950243; 23380.4812504501; 21947.57; 2781.96
799; 0.1705672531649; 23236.4293889497; 21776.97; 2806.93
800; 0.171810459731962; 23055.8602776063; 21599.88; 2779.62
801; 0.174357866027248; 22904.1402223636; 21427.25; 2777.37
802; 0.18024237489349; 22726.8873083944; 21246.22; 2692.62
803; 0.176300861473188; 22551.6950749571; 21118.69; 2663.1
804; 0.172968044252511; 22341.3999241667; 20955.5; 2624.18
805; 0.177126574869279; 22206.2916290082; 20811.88; 2577.65
806; 0.178429699166433; 21977.1076307288; 20577.48; 2567.74
807; 0.183637130514651; 21850.7308293164; 20444.88; 2505.62
808; 0.187297494053306; 21644.7244111106; 20233.34; 2465.85
809; 0.186876865187423; 21500.0680128; 20117.91; 2419.76
810; 0.182767044141534; 21279.8890787274; 19941.99; 2394.41
811; 0.180889120271434; 21163.8822585369; 19840.25; 2392.78
812; 0.180227314558143; 20952.7815062569; 19616.34; 2424.03
813; 0.179686911643041; 20844.8447678284; 19507.44; 2432.37
814; 0.176925609771483; 20669.3092238934; 19384.56; 2372.31
815; 0.177462588028583; 20544.6801432294; 19269.86; 2346.4
816; 0.182770314640349; 20408.0374209184; 19099.36; 2338.24
817; 0.188402174369611; 20251.8923226522; 18911.16; 2323.53
818; 0.194768724156526; 20154.0822095899; 18779.83; 2303.4
819; 0.19303227367682; 19922.8656566109; 18588.73; 2255.84
820; 0.191879346617918; 19766.3873582614; 18471.08; 2202.85
821; 0.194128234293706; 19590.8831657194; 18304.05; 2162.46
822; 0.190412636484014; 19474.809507562; 18214.57; 2158.47
823; 0.192635093650017; 19329.6096682392; 18072.01; 2128.55
824; 0.196276036470736; 19222.7595673302; 17950.02; 2113.67
825; 0.195978744595718; 19077.1697430048; 17823.05; 2085.84
826; 0.199174546165333; 19004.7165006627; 17718.64; 2104.67
827; 0.208025325652542; 18889.0161607071; 17567.1; 2071.48
828; 0.212892872045339; 18820.8677523531; 17446.36; 2104.85
829; 0.21249233768916; 18661.581678194; 17319.63; 2058.67
830; 0.208643296819107; 18478.1702101815; 17167.7; 2047.33
831; 0.205699053971919; 18368.2082163453; 17070.99; 2054.64
832; 0.20167769368697; 18205.1375440441; 16949.8; 2026.97
833; 0.197757449127973; 18076.7122444284; 16862.72; 1998.1
834; 0.188873953547248; 17900.0438341875; 16745.5; 1988.73
835; 0.191517558790419; 17815.5868878274; 16665.86; 1952.59
836; 0.193990422939607; 17685.6789336228; 16511.91; 1967.5
837; 0.199537035145469; 17627.1074197284; 16426.18; 1957.32
838; 0.200271300830659; 17482.1372690684; 16291.25; 1934.09
839; 0.200827617280607; 17329.49763245; 16142.26; 1924.19
840; 0.201141127647648; 17246.5816111919; 16052.59; 1932.12
841; 0.205718362113838; 17145.7123224936; 15937.23; 1914.22
842; 0.208171230234835; 17056.5266112214; 15840.72; 1902.7
843; 0.207949684383627; 16932.1468770108; 15720.73; 1897.36
844; 0.210474295422691; 16837.5875205154; 15632.51; 1864.37
845; 0.21533102333952; 16688.1502069974; 15468.07; 1844.53
846; 0.218143330132017; 16604.049862889; 15382.36; 1822.74
847; 0.21864190679161; 16489.0657857979; 15250.27; 1843.57
848; 0.227331792332792; 16391.054444213; 15118.86; 1820.49
849; 0.225511593919902; 16302.2094615565; 15039.5; 1821.03
850; 0.225097398820522; 16147.9159603863; 14899.55; 1803.19
851; 0.225815536802246; 16044.9264843748; 14798.65; 1794.04
852; 0.223852938426287; 15889.3470277878; 14672.91; 1765.98
853; 0.226923497409667; 15829.0403292648; 14599.06; 1761.08
854; 0.228305332863926; 15661.1293468043; 14426.29; 1756.88
855; 0.226684234834298; 15453.2839963754; 14252.44; 1720.34
856; 0.228378450144796; 15329.6646288454; 14145.41; 1683.66
857; 0.229547176570752; 15161.8154757608; 13982.24; 1668.09
858; 0.231776843868147; 15060.6350997123; 13875.99; 1658.82
859; 0.230585015110951; 14893.7287514039; 13730.38; 1637.1
860; 0.234651782764122; 14776.5985800002; 13604.73; 1620.14
861; 0.240551576193536; 14623.9535730747; 13458.69; 1571.19
862; 0.230471938827087; 14417.3551270251; 13294.88; 1579.38
863; 0.236134407343667; 14307.6465795308; 13172.94; 1558
864; 0.235776258816117; 14129.5835858755; 12984.52; 1574.25
865; 0.243420794812758; 14046.5849318929; 12852.86; 1589.3
866; 0.249420266212387; 13849.5784238931; 12661.71; 1543.16
867; 0.246973751332168; 13628.3778554966; 12478.66; 1508.05
868; 0.23813518904826; 13442.5170318528; 12339.72; 1499.9
869; 0.248149407951988; 13249.6774023599; 12143.73; 1443.2
870; 0.242860981912324; 13082.7743676581; 12003.74; 1438.46
871; 0.243028040588369; 12810.5329708613; 11795.11; 1352.42
872; 0.237599731655111; 12615.031833638; 11621.28; 1353.53
873; 0.237177906015403; 12348.3192969381; 11391.77; 1304.92
874; 0.232068636555195; 12095.0431942311; 11157.91; 1306.28
875; 0.244843004094478; 11959.6704144584; 10988.42; 1282.95
876; 0.244335920493723; 11734.5813993406; 10764.51; 1283.8
877; 0.246841042920056; 11584.5115169724; 10619.45; 1263.96
878; 0.254188979244915; 11402.3568295309; 10426.64; 1240.69
879; 0.26141289872916; 11254.9754323583; 10281.91; 1202.89
880; 0.256263958712312; 11146.4076737739; 10176.64; 1222.66
881; 0.2557679947997; 11019.5186880509; 10049.07; 1225.61
882; 0.248777278935364; 10919.4857055564; 9964.16; 1240.17
883; 0.24939753998008; 10813.3140818938; 9871.87; 1218.87
884; 0.252485855116417; 10720.917594019; 9759.58; 1229.16
885; 0.253921990096402; 10672.1872583542; 9705.01; 1229.35
886; 0.260588899029272; 10607.4126891665; 9624.7; 1216.9
887; 0.26132444323867; 10546.0113330372; 9581.9; 1190.31
888; 0.269549672865259; 10474.0713978575; 9500.49; 1165.17
889; 0.275238276200771; 10426.78962244; 9458.44; 1134.77
890; 0.268552276358555; 10396.3357146863; 9437.48; 1151.43
891; 0.265467096400714; 10359.5646757905; 9410.91; 1152.23
892; 0.256335268148454; 10361.8432277989; 9440.9; 1158.23
893; 0.262759605674486; 10418.4402303619; 9456.13; 1180.51
894; 0.264874867528177; 10517.425534927; 9516.2; 1218.24
895; 0.261410056721151; 10587.4346128564; 9601.35; 1215.52
896; 0.264451425452808; 10750.9008516066; 9716.85; 1259.78
897; 0.266032966905926; 10843.9699625335; 9809.8; 1252.27
898; 0.265590983479446; 11031.7538279763; 10009.86; 1239.26
899; 0.270461674677189; 11244.963829109; 10218.36; 1222.35
900; 0.271896153725219; 11369.554399696; 10337.8; 1221.8
901; 0.270257012247618; 11521.8802888888; 10488.16; 1231.39
902; 0.270123056699048; 11654.7581702735; 10593.25; 1264.91
903; 0.269788533519829; 11702.6689528676; 10645.88; 1260.64
904; 0.265806790654802; 11732.7434726223; 10679.41; 1275.13
905; 0.274839138153272; 11723.5331885819; 10655.26; 1250.55
906; 0.280699614113155; 11633.729351717; 10541.38; 1251.83
907; 0.273649807859205; 11473.630850112; 10411.05; 1248.88
908; 0.270894471946585; 11338.045492277; 10286.47; 1248.31
909; 0.263049887178295; 11082.8368254301; 10069.8; 1238.26
910; 0.269351629962484; 10817.5217898381; 9823.06; 1186.92
911; 0.271245467044095; 10607.3899584871; 9629.07; 1159.31
912; 0.273844399920083; 10261.8718414027; 9285.22; 1146.16
913; 0.275800136663203; 10016.2252643935; 9042.21; 1134.81
914; 0.275876133962559; 9625.18423716689; 8674.98; 1106.58
915; 0.278827829881587; 9249.86084693082; 8362.8; 1021.94
916; 0.285495093175042; 9012.0766858777; 8140.9; 980.04
917; 0.282310944752821; 8635.71811861142; 7802.17; 948.16
918; 0.282297578997521; 8299.12601712713; 7504.64; 903.62
919; 0.286308569960501; 8086.16108961395; 7335.11; 842.14
920; 0.286621827835371; 7793.05928652269; 7076.67; 802.29
921; 0.292222454090633; 7516.19167708047; 6827.49; 756.4
922; 0.296924807673746; 7347.57961460967; 6642.23; 762.34
923; 0.308508366355119; 7087.71409230093; 6379.21; 736.9
924; 0.310318470745489; 6908.26507117006; 6235.64; 695.41
925; 0.303680588470594; 6623.8539124884; 5975.99; 684.36
926; 0.302146775461909; 6357.9632567801; 5733.56; 662.86
927; 0.308668954024931; 6194.55266519243; 5578.53; 640.06
928; 0.294541932560046; 5909.15937810863; 5344.84; 614.38
929; 0.298976986070536; 5634.20281284076; 5096.11; 577.06
930; 0.295044487521473; 5439.42113741936; 4916.24; 568.49
931; 0.306531117275088; 5130.37389914466; 4622.43; 531.18
932; 0.318444847085301; 4790.05273008292; 4320.37; 472.73
933; 0.313295267685789; 4522.71948330564; 4082.87; 449.92
934; 0.29772731628895; 4084.70053872673; 3709.57; 403.73
935; 0.298256848083355; 3628.7754491628; 3289.86; 364.07
936; 0.27471682202406; 3305.86435107712; 3013.38; 341.07
937; 0.273184106811878; 2849.23779339171; 2607.66; 283.25
938; 0.261136601875074; 2425.48869327306; 2217.03; 255.66
939; 0.243290452284916; 2170.32279978517; 1987.35; 240.84
940; 0.238346999454239; 1857.69902083467; 1708.3; 200.7
941; 0.256894573135908; 1625.50438448128; 1492.92; 165.23
942; 0.243209898779836; 1514.56230886389; 1401.15; 149.27
943; 0.272892970718481; 1412.78225339911; 1302.09; 129.83
944; 0.217949189039386; 1343.28679477502; 1262.49; 118.64
945; 0.207216387164198; 1339.00889949612; 1262.09; 118.78
946; 0.252936463922616; 1373.52101196111; 1273.61; 126.38
947; 0.250651045511477; 1426.36272925219; 1321.41; 133.95
948; 0.263067760615445; 1476.37303637042; 1363.71; 136.99
949; 0.307505335998372; 1565.63285498702; 1428.21; 142.93
950; 0.297603401850562; 1661.95746439649; 1513.54; 159.48
951; 0.300144314179936; 1730.85670893075; 1560.05; 181.96
952; 0.30085621538312; 1831.59686592466; 1643.42; 199.97
953; 0.306783881008285; 1927.42306209049; 1744.87; 190.22
954; 0.297810565620979; 1992.43517158293; 1804.25; 201.97
955; 0.297670218905106; 2091.62165880483; 1886.52; 220.2
956; 0.281013719625995; 2177.81015085073; 1973.27; 232.59
957; 0.29910766556553; 2240.01039988276; 2017.89; 237.27
958; 0.337497923875656; 2339.25366136666; 2093.11; 233
959; 0.357448144242339; 2417.08772535937; 2164.83; 225.43
960; 0.357385092334321; 2463.13352939221; 2197.28; 237.59
961; 0.357165087251149; 2522.32504857833; 2240.09; 252.36
962; 0.357421400016834; 2565.96687372636; 2283.29; 252.54
963; 0.376197230945261; 2600.16795934137; 2296.84; 257.43
964; 0.361308319409848; 2620.84676910425; 2337.1; 250.71
965; 0.333116385788427; 2629.85980541982; 2355.82; 262.59
966; 0.317845957216025; 2641.12355696212; 2365.12; 277.15
967; 0.302295764009315; 2641.52188471259; 2373.35; 283.1
968; 0.308323343884051; 2648.67527455635; 2376.54; 281.63
969; 0.313107877760346; 2654.77023514452; 2370.7; 289.46
970; 0.300194400014311; 2647.35256075682; 2366.85; 298.08
971; 0.306646651039717; 2642.84792277581; 2360.21; 293.99
972; 0.310238687532174; 2640.06187201655; 2353.17; 294.93
973; 0.312236407555456; 2631.44728561736; 2347.33; 290.17
974; 0.325013793513369; 2627.60452827907; 2331.79; 290.21
975; 0.316459485261226; 2605.20498849124; 2324.88; 282.41
976; 0.31943640859984; 2592.87422807399; 2322.23; 270.08
977; 0.289107117320328; 2551.25153287561; 2313.59; 262.02
978; 0.299502197896586; 2532.29119236054; 2288.88; 259.01
979; 0.296096432766598; 2497.02119328922; 2262.7; 252.18
980; 0.305744789630154; 2480.83723735027; 2245.69; 245.05
981; 0.27824730514022; 2426.57689658493; 2220.96; 235.42
982; 0.283341249190495; 2396.84828992267; 2183.47; 239.89
983; 0.291476487378002; 2368.96422254436; 2140.37; 249.79
984; 0.30120272626853; 2340.40885024709; 2104.59; 249.33
985; 0.293062487437208; 2294.33121200137; 2072.4; 241.14
986; 0.310721948120359; 2261.12575874887; 2037.13; 229.52
987; 0.305305764183651; 2234.5515426055; 2018.37; 225.42
988; 0.31703334985404; 2203.17493341068; 1985.88; 218.17
989; 0.327557889158229; 2153.30501999143; 1950.05; 197.49
990; 0.321075866589722; 2128.42421639376; 1942.59; 184.19
991; 0.348311854816422; 2088.91728831187; 1902.07; 170.69
992; 0.331042308326397; 2045.66258263814; 1866.89; 171.81
993; 0.318470620803875; 1995.87755082073; 1826.88; 168.81
994; 0.313455710692386; 1968.84921415671; 1801.55; 169.77
995; 0.342487674421412; 1924.48849166862; 1753.79; 158.52
996; 0.337109018229062; 1884.9004341673; 1712.27; 162.85
997; 0.331857106827285; 1842.36300272294; 1669.42; 165.71
998; 0.310852758251513; 1817.03765831373; 1649.52; 171.34
999; 0.308900519878973; 1773.67961692439; 1609.99; 168.46
1000; 0.32471935695463; 1733.25053052975; 1572.97; 156.9
1001; 0.333044354031049; 1702.15497727112; 1537.56; 157.08
1002; 0.286364498941121; 1656.8846951764; 1507.6; 165.67
1003; 0.28627528859202; 1620.2838460331; 1483.4; 151.94
1004; 0.303080330819907; 1589.15434673205; 1452.09; 143.69
1005; 0.307030998493388; 1555.75487072047; 1426.54; 133.7
1006; 0.335492203939139; 1519.25892865319; 1392.69; 119.84
1007; 0.321100756449917; 1489.04426772479; 1360.28; 127.37
1008; 0.327490530770553; 1455.59589616181; 1330.15; 121.65
1009; 0.329925151088579; 1427.22149920186; 1305.09; 117.55
1010; 0.30118280108483; 1391.88846590754; 1276.43; 121.72
1011; 0.311391750622258; 1354.27270947114; 1247.08; 109.29
1012; 0.33897760637632; 1322.12824558515; 1226.3; 89.74
1013; 0.321089848758827; 1301.36632008471; 1203.11; 97.13
1014; 0.278618968964318; 1256.75016804769; 1183.93; 82.95
1015; 0.301764341159617; 1236.78301054655; 1162.61; 78
1016; 0.316396726019449; 1215.46280845027; 1136.04; 79.65
1017; 0.337304478729712; 1195.61906470387; 1118.19; 72.83
1018; 0.292726164655504; 1157.65165267095; 1089.33; 74.04
1019; 0.262231198660777; 1130.27919306965; 1053.08; 93.38
1020; 0.239634313447314; 1096.31552212494; 1031.33; 86.01
1021; 0.25036329041927; 1081.01482088577; 1012.25; 87.1
1022; 0.223312532051675; 1046.78934528191; 982.3; 91.57
1023; 0.229583868935346; 1016.30251689041; 955.81; 83.54
1024; 0.206421153503584; 986.343784461965; 931.76; 83.83
1025; 0.207039513001704; 970.88405655709; 909.97; 93.26
1026; 0.189384424234324; 944.543940078044; 889.93; 91.4
1027; 0.232737084652216; 932.579572908192; 860.61; 98
1028; 0.227064541553074; 904.479298670011; 835.58; 96.15
1029; 0.224059226362676; 883.769794818728; 814.05; 98.59
1030; 0.221330204362996; 863.456243507286; 791.84; 102.51
1031; 0.237432420210492; 844.081816498216; 762.89; 108.32
1032; 0.268548311952349; 831.972012301667; 750.5; 96.09
1033; 0.281475355080298; 810.70828712235; 735.82; 84.26
1034; 0.267874520957859; 795.096454391941; 719.26; 89.65
1035; 0.287350079113202; 774.493599054005; 702.41; 79.43
1036; 0.312177675319755; 755.77829790957; 683; 73.81
1037; 0.303561835863318; 739.479513161005; 662.23; 80.56
1038; 0.332371985144679; 729.104959687189; 654.69; 70.87
1039; 0.313861572603601; 695.300389788054; 573.11; 123.22
1040; 0.426120161874653; 723.460858866393; 578.24; 107.85
1041; 0.216375525420435; 628.707286156761; 598.75; 43.81
