# 06/03/2019 11:29:03
# NanoCalc data
# Original file name: C:\SVA_DATA\StudentProjects\2018_Nathan\PIswelling\PIslowslow_54.dat
# Fit Result : Fitness; Thickness 1; Thickness 2; Thickness 3 
# Fit Result : 1.3110445051809; 2; 314; -1
# comment:PI id:353 Slowslow swelling start 11:22
#
# WaveLength; Reflectance; Raw Intensity; Dark Intensity; Reference Intensity
400; 0.35087118971191; 4375.96495633037; 3854.36; 720.85
401; 0.348110520653838; 4509.6000397105; 3985.6; 726.75
402; 0.354393152462136; 4612.45927142943; 4083.71; 717.18
403; 0.357191037640223; 4721.99416055102; 4177.83; 729.27
404; 0.353981078644668; 4838.80973525057; 4266.9; 770.15
405; 0.373109744060606; 5025.00549506314; 4419.01; 771.21
406; 0.369145848732847; 5141.75821695224; 4538.57; 772.84
407; 0.370334379486926; 5271.32316557172; 4650.31; 790.01
408; 0.378982866603405; 5395.20283935624; 4747.36; 802.14
409; 0.388240380812606; 5515.10744167152; 4845.27; 806.6
410; 0.385248745889376; 5684.54215482771; 4970.83; 862.87
411; 0.38319817652231; 5786.62762333501; 5045.16; 898.04
412; 0.388974926421996; 5879.91459912227; 5134.48; 886.28
413; 0.38347332727395; 5963.55080808684; 5205.72; 910.9
414; 0.380086736252145; 6105.82412801368; 5316.37; 954.15
415; 0.383200475872894; 6194.9318052512; 5386.19; 966.33
416; 0.377402209025641; 6272.2723814811; 5457.07; 985.72
417; 0.384712585703388; 6375.05206397108; 5520.71; 1010.06
418; 0.392822095532018; 6516.67098808348; 5645.41; 1005.43
419; 0.402180328649945; 6640.4226283552; 5742.25; 1009.35
420; 0.406635033137246; 6769.83309421086; 5841.72; 1028.49
421; 0.403193862712872; 6890.02486425598; 5953.97; 1043.09
422; 0.40500186283236; 7067.85418315914; 6112.25; 1057.02
423; 0.410056184022948; 7201.19873430069; 6213.11; 1076.28
424; 0.406585653334029; 7356.70021165503; 6341.27; 1112.19
425; 0.409112457477813; 7509.40400329625; 6476.56; 1121.22
426; 0.389461603051065; 7715.48373717451; 6672.57; 1186.04
427; 0.393156879617265; 7880.66534784359; 6816.49; 1195.56
428; 0.387304756493234; 8028.23202555042; 6935.77; 1242.47
429; 0.391389024665705; 8169.8882974948; 7065.26; 1240.13
430; 0.397944695763684; 8401.99388777529; 7250.62; 1268.14
431; 0.391788446596875; 8551.84602683593; 7391.86; 1294.51
432; 0.392630766676932; 8684.56551883052; 7498.99; 1316.94
433; 0.388149277469514; 8789.80263878988; 7596.6; 1337.5
434; 0.395626503725222; 8976.47156654939; 7741.1; 1355.32
435; 0.39033944615856; 9079.36648140275; 7839.02; 1376.23
436; 0.383285407623045; 9166.18992444188; 7932.9; 1390.56
437; 0.384394703322302; 9296.09484733156; 8022.45; 1428.62
438; 0.387039776697924; 9485.18462772461; 8192.53; 1436.7
439; 0.389168269209936; 9588.87364239325; 8266.28; 1458.6
440; 0.390412673643127; 9697.54896361583; 8353.7; 1473.93
441; 0.393561847750213; 9813.36316478109; 8471.61; 1456.61
442; 0.394506043609468; 10017.7919043829; 8631.22; 1498.28
443; 0.391069818859169; 10141.6665541598; 8745.18; 1518.91
444; 0.392887456441578; 10303.9513882793; 8868.1; 1551.1
445; 0.401896164521403; 10452.3016622231; 8992.88; 1537.75
446; 0.408528314859348; 10669.687450242; 9180.96; 1539.64
447; 0.402726826347094; 10862.8111486073; 9336.15; 1598.18
448; 0.405535278095849; 11057.7219195233; 9503.28; 1612.48
449; 0.405767478656378; 11358.8618697531; 9759.68; 1654.44
450; 0.411334925254487; 11583.334500326; 9952.86; 1660.42
451; 0.405799235946775; 11767.5015297723; 10135.12; 1681.65
452; 0.41220890547058; 11981.564425488; 10315.84; 1685.87
453; 0.413373556209029; 12358.2836936146; 10632.34; 1738.46
454; 0.402358222768963; 12599.5854136033; 10871.13; 1785.11
455; 0.395626710778948; 12816.3062334786; 11090.19; 1809.49
456; 0.390341704229623; 13070.3632611863; 11336.98; 1838.14
457; 0.386098714292857; 13461.7768503772; 11703.49; 1881.48
458; 0.386584998004488; 13757.9201417661; 11962.1; 1915.55
459; 0.384489170898841; 14005.6790112192; 12166.46; 1968.86
460; 0.382857672550859; 14291.0193227013; 12419.21; 2008.52
461; 0.373631916429276; 14611.1939943783; 12764.35; 2026.89
462; 0.379609395688444; 14864.6220969301; 12966.47; 2046.57
463; 0.380243119192952; 15081.4899498251; 13151.39; 2073.78
464; 0.381025771053104; 15472.7235860067; 13494.02; 2117.77
465; 0.372735944480118; 15706.5885561908; 13718.51; 2171.37
466; 0.365539813137261; 15941.1534371485; 13951.52; 2211.96
467; 0.360799230752885; 16212.8679055741; 14196.36; 2267.48
468; 0.357709343715759; 16748.43847138; 14670.32; 2352.97
469; 0.355358309445334; 17105.7284364043; 14971.26; 2428.75
470; 0.35289039554781; 17481.5707288731; 15302.08; 2493.24
471; 0.346907905911727; 17927.040037026; 15703.48; 2583.28
472; 0.349657234361315; 18643.296048557; 16286.71; 2711.89
473; 0.350669585308424; 19149.4888593819; 16704.77; 2800.68
474; 0.354508320639615; 19710.608168944; 17202.51; 2837.59
475; 0.351332479611039; 20610.1270298857; 18016.84; 2955.76
476; 0.347908393477677; 21215.0563264177; 18568.46; 3041.26
477; 0.351470749252098; 21860.3823509559; 19133.22; 3097.15
478; 0.347434675568307; 22616.1668926881; 19813.99; 3214.11
479; 0.343900918614532; 23741.3753515192; 20817.86; 3382.47
480; 0.340952581076297; 24527.8727994484; 21534.12; 3488.23
481; 0.336611673642805; 25290.7481209192; 22257.23; 3574.77
482; 0.328413227028042; 26414.2738537667; 23325.31; 3725.36
483; 0.326729857693178; 27182.7645019737; 24015.92; 3833.33
484; 0.322509809523389; 27940.6716912094; 24699.09; 3969.2
485; 0.312766495391579; 28673.4983599944; 25415.08; 4107.94
486; 0.308452704863768; 29698.1000913747; 26380.84; 4234.14
487; 0.309221842790535; 30367.2031893937; 26980.79; 4305.15
488; 0.303919235650294; 30987.6125241204; 27586.14; 4393.08
489; 0.302010257200646; 31579.4469152921; 28142.46; 4460.62
490; 0.29649250971474; 32414.262701656; 28938.42; 4588.41
491; 0.292903331652945; 32924.2815761986; 29443.48; 4645.2
492; 0.29420431355821; 33418.6655715465; 29900.14; 4668.67
493; 0.292157032828274; 34069.7414529196; 30557.41; 4687.17
494; 0.291173468901513; 34505.8384112514; 30960.33; 4741.51
495; 0.284172192927877; 34844.4702755172; 31346.74; 4786.87
496; 0.280146706567171; 35354.6743560341; 31887.25; 4807.66
497; 0.278634985473234; 35717.5993456944; 32230.59; 4855.05
498; 0.276722134409366; 36038.1499210621; 32561.18; 4868.51
499; 0.277468358982751; 36432.0148717555; 32899.81; 4926.32
500; 0.267857596033889; 36863.1673870938; 33398.19; 4999.73
501; 0.269527687503179; 37203.936021985; 33710.56; 5003
502; 0.266755692450521; 37554.6097783992; 34042.83; 5074.92
503; 0.26626681018051; 38066.8319614099; 34514.42; 5136.5
504; 0.263409134032067; 38455.6665534837; 34900.59; 5189.47
505; 0.258859258927556; 38817.06018141; 35295.13; 5225.22
506; 0.256376420270332; 39214.5973649925; 35692.76; 5269.39
507; 0.25193659540664; 39760.9873495589; 36254.46; 5332.8
508; 0.247919010866551; 40124.4298231093; 36587.86; 5459.35
509; 0.243719011203431; 40494.103000504; 36997.2; 5485.06
510; 0.238458366914684; 41086.170910082; 37643.04; 5513.6
511; 0.232113402662631; 41499.8961983662; 38097.82; 5590.42
512; 0.228507685827975; 41893.1267039112; 38503.77; 5650.96
513; 0.226033153298458; 42492.3543440507; 39070.86; 5760.55
514; 0.22238801802037; 42880.4521638664; 39482.84; 5807.45
515; 0.218625108838416; 43275.2114487728; 39895.49; 5869.7
516; 0.216931064394741; 43685.2151148999; 40324.14; 5876.14
517; 0.213415339691117; 44334.4327440665; 40949.65; 6008.14
518; 0.214043884138924; 44787.98916566; 41302.36; 6162
519; 0.21754841611073; 45258.3719793985; 41667.33; 6239
520; 0.215113938696536; 45870.3990732543; 42261.46; 6334
521; 0.214712068108779; 46291.150000013; 42653.92; 6388.78
522; 0.212898197479954; 46713.2829768076; 43048.19; 6485.63
523; 0.210558184834607; 47322.6629263192; 43676.28; 6517.4
524; 0.208459332177298; 47730.5220677327; 44062.51; 6615.12
525; 0.210708150878852; 48170.6156362728; 44445.36; 6639.83
526; 0.207675960162733; 48699.9937418967; 45025.6; 6637.96
527; 0.202326793577213; 48984.9406472835; 45380.58; 6677.03
528; 0.202349189629006; 49316.4710740435; 45687.52; 6715.06
529; 0.202383724811386; 49610.502167815; 45960.42; 6746.35
530; 0.20072463852625; 49952.3813309702; 46308.54; 6783.94
531; 0.197772310991074; 50132.7664935405; 46521.33; 6817.73
532; 0.196984816523454; 50318.9504786652; 46743.21; 6771.11
533; 0.189288907874758; 50478.8735313505; 47023.3; 6803.34
534; 0.186980773986687; 50613.8134135315; 47184.78; 6828.13
535; 0.186627339687893; 50782.2275415514; 47355.85; 6828.6
536; 0.181483162012802; 50962.0549459177; 47620.21; 6841.89
537; 0.177476956141701; 51091.7241697572; 47820.9; 6840.27
538; 0.173630066290251; 51225.2623896764; 48015.37; 6854.16
539; 0.170949464513765; 51480.0274023382; 48327.27; 6830.84
540; 0.171002279987724; 51653.0315125912; 48482.08; 6861.21
541; 0.173503446091817; 51910.2929279301; 48678.04; 6887.29
542; 0.170344023853882; 52191.4431004427; 49016.37; 6885.18
543; 0.169295536028033; 52401.1097712441; 49216.43; 6943.33
544; 0.169242493759532; 52645.6902930101; 49448.15; 6968.07
545; 0.165533488952005; 52993.1272612358; 49847.83; 7002.1
546; 0.165615768489768; 53247.0440620357; 50082.68; 7035.31
547; 0.164410570923171; 53513.8714477711; 50337.31; 7108.03
548; 0.160427383624623; 53943.5571142286; 50827.53; 7139.67
549; 0.156711534488242; 54158.3439917133; 51105.64; 7154.2
550; 0.155449137442584; 54453.78693238; 51394.15; 7222.56
551; 0.151855343662578; 54737.8588011865; 51751.08; 7211.31
552; 0.149238344786315; 55167.0641041399; 52223.98; 7224.28
553; 0.147173948001715; 55426.2026321952; 52501.9; 7272.86
554; 0.148560066400006; 55749.7260401691; 52772.9; 7328.16
555; 0.144810229208603; 56156.5394913144; 53239.39; 7360.92
556; 0.144369342494292; 56464.6410381326; 53536.31; 7405.17
557; 0.144161716138032; 56795.7599586813; 53848.91; 7456.34
558; 0.141045589985506; 57302.2134015142; 54409.22; 7475.37
559; 0.140771735948064; 57682.6360597205; 54757.43; 7566.8
560; 0.141090547625647; 58083.0307336957; 55133.58; 7605.72
561; 0.138613082906097; 58743.7689248402; 55812.27; 7688.1
562; 0.132675407586098; 59186.5686517705; 56365.63; 7722.56
563; 0.130936390692162; 59703.9747516073; 56875.89; 7838.57
564; 0.129106151726214; 60535.0691034179; 57717.65; 7913.26
565; 0.128830294777334; 61067.6455686359; 58242.66; 7945.65
566; 0.127980813998324; 61545.1280520838; 58702.52; 8042.35
567; 0.127835413366895; 62199.7320424588; 59350.08; 8065.92
568; 0.126617845647935; 62549.4562627347; 59726.5; 8061.66
569; 0.124470465982582; 62743.8041585164; 59972.48; 8045
570; 0.128864276071943; 62965.2373028566; 60078.28; 8089.14
571; 0.127289724621669; 62943.030824607; 60110.31; 8029.17
572; 0.129697217901427; 62907.9825035155; 60034.61; 7986.84
573; 0.128332305108768; 62657.3541702456; 59836.69; 7917.39
574; 0.126426969946861; 62426.7902931196; 59666.57; 7857.99
575; 0.125901319043315; 62124.274783745; 59389.9; 7810.65
576; 0.125746546427998; 61935.0156852395; 59206.26; 7798.14
577; 0.126598631497609; 61777.3455772585; 59038.27; 7768.91
578; 0.124271132384669; 61499.4499821927; 58845.98; 7661.1
579; 0.126106802462242; 61399.956066868; 58714.81; 7633.96
580; 0.125784190736794; 61247.1330405139; 58552.61; 7674.48
581; 0.12520590183836; 61086.9522449662; 58397.54; 7689.91
582; 0.125151833469092; 60989.1477254554; 58313.45; 7648.63
583; 0.12604527288489; 60924.3559533881; 58250.26; 7584.74
584; 0.123869922420203; 60761.7580084019; 58147.02; 7541.72
585; 0.123686866800278; 60709.6585391825; 58099.9; 7533.6
586; 0.12614411042906; 60646.9292602177; 57970.68; 7570.12
587; 0.129539110645852; 60599.9517018014; 57840.8; 7595.33
588; 0.131720184612844; 60572.2851397594; 57794.5; 7515.31
589; 0.13422191898114; 60533.6935844955; 57715.84; 7477.14
590; 0.138022094716735; 60541.799238646; 57668.65; 7409.31
591; 0.138168215428062; 60490.0024332255; 57609.86; 7414.83
592; 0.137092964751512; 60528.3198812929; 57660.39; 7436.62
593; 0.136591283632104; 60580.8828424571; 57691.3; 7515.55
594; 0.134381395127209; 60664.2537945035; 57857.39; 7415.78
595; 0.13532833804355; 60931.1132998282; 58098.84; 7425.86
596; 0.135242565360034; 61166.9425708681; 58297.75; 7522.67
597; 0.134443410028596; 61410.5781191052; 58525.37; 7604.81
598; 0.136806685319677; 61979.1952839273; 59022.55; 7653.63
599; 0.137625336603798; 62437.345935547; 59424.96; 7746.62
600; 0.140240967244274; 62952.3745260161; 59833.61; 7865.6
601; 0.141204328359305; 63802.3314467929; 60613.83; 7981.54
602; 0.143060720184203; 64457.461751679; 61165.89; 8127.68
603; 0.141311616061119; 64983.1474373784; 61696.52; 8210.69
604; 0.139369281100095; 65791.7200461448; 62521.1; 8279.29
605; 0.139219428208612; 66391.8266055693; 63100.41; 8335.81
606; 0.13844719250358; 66977.0068445614; 63663.49; 8433.43
607; 0.136983433273387; 67669.4484300306; 64323.42; 8601.91
608; 0.138858602599966; 68064.0060459091; 64658.21; 8632.03
609; 0.140982215099968; 68522.9409820714; 65073.97; 8604.5
610; 0.14280183490375; 68684.6432542403; 65172.71; 8644.62
611; 0.142084352047211; 68785.3114760353; 65272.37; 8685.66
612; 0.143027858770704; 68842.030373687; 65299.8; 8694.94
613; 0.142180547372518; 68777.3732221983; 65236.33; 8738.43
614; 0.143726190482112; 68603.6054428549; 65021.77; 8738.88
615; 0.149064972478281; 68270.3007389267; 64611.67; 8601.47
616; 0.149585911840248; 67954.2067206209; 64327.71; 8490.97
617; 0.149963379664825; 67383.5684399152; 63750.78; 8479.51
618; 0.147374293945508; 66947.1779083292; 63409.58; 8397.41
619; 0.149856748732908; 66571.9754211641; 63031.1; 8261.52
620; 0.14803709985179; 65905.7340338533; 62439.89; 8181.46
621; 0.151400166750903; 65502.4223475305; 62031.97; 8006.28
622; 0.15270746743741; 65117.6102560028; 61627.93; 7977.65
623; 0.151154140016195; 64530.986464966; 61089.51; 7944.47
624; 0.152170743042928; 64200.8300187327; 60775.51; 7850.56
625; 0.154017919489323; 63712.9136358131; 60333.15; 7649.55
626; 0.156900647978455; 63456.5137359091; 60001.55; 7672.37
627; 0.159080458632318; 63181.8697085406; 59663.53; 7702.54
628; 0.163347215305337; 62774.2572686155; 59161.71; 7698.47
629; 0.161906282846209; 62486.1209945799; 58904.24; 7697.54
630; 0.162655748316742; 62223.5779171459; 58673.32; 7590.96
631; 0.165339605745643; 61871.5300267163; 58286.63; 7537.38
632; 0.16714703113556; 61668.414615347; 58034.98; 7553.58
633; 0.170544521326279; 61364.8105548934; 57665.6; 7533.89
634; 0.170435935307204; 61124.0713953716; 57491.66; 7399.17
635; 0.169220010320416; 60881.2613648014; 57331.41; 7278.99
636; 0.167284717826328; 60604.0764109992; 57129.43; 7203.28
637; 0.16868174630272; 60419.1035213696; 56921.59; 7186.3
638; 0.167946320133913; 60224.3099695964; 56746.86; 7172.03
639; 0.168489356574772; 59945.234129168; 56474.9; 7130.18
640; 0.168300100105577; 59762.1277894597; 56308.98; 7098.55
641; 0.167397070309677; 59474.0254407567; 56025.04; 7124.54
642; 0.165630981432585; 59260.0778060247; 55851.63; 7112.18
643; 0.169241671641809; 59172.5124861248; 55692.95; 7102.18
644; 0.173509668221327; 59015.4451941619; 55477.42; 7040.41
645; 0.174319698502859; 58867.2638559165; 55315.46; 7031.93
646; 0.175617927856534; 58658.3463969144; 55086.22; 7016.63
647; 0.178235911640445; 58533.654992661; 54921.49; 6988.22
648; 0.179225396979995; 58369.921395241; 54777.47; 6908.9
649; 0.181502568230141; 58192.9891336906; 54584.21; 6850.24
650; 0.18565346488992; 58147.8855056017; 54434.91; 6887.44
651; 0.183843160353929; 57965.6837691288; 54281.94; 6897.29
652; 0.184927664149898; 57855.9236439084; 54181.24; 6836.59
653; 0.185895014767435; 57746.640503195; 54066.57; 6807.61
654; 0.186115531330006; 57580.0327336036; 53933.75; 6733.97
655; 0.186471946879436; 57473.6796766633; 53818.85; 6734.1
656; 0.184317284536529; 57310.9026661453; 53659.37; 6803.89
657; 0.184462911485094; 57218.6934610006; 53572.96; 6785.34
658; 0.184349730620751; 57104.377947261; 53491.61; 6725.75
659; 0.190061181675207; 57015.5428190623; 53290.37; 6723.85
660; 0.19242106751514; 56948.8911824221; 53130.56; 6804.68
661; 0.198122120531626; 56863.3638483453; 52944.07; 6779.84
662; 0.202956407455442; 56823.7741633293; 52776.31; 6831.17
663; 0.20577402941394; 56773.852155677; 52691.11; 6792.76
664; 0.211839381053729; 56691.473899711; 52498.6; 6772.47
665; 0.212083632091119; 56551.0333051953; 52365.21; 6750.71
666; 0.21431546657157; 56397.3420866826; 52168.7; 6746.16
667; 0.215535616696781; 56282.7794443851; 52068.84; 6682.48
668; 0.214716150381164; 56121.324177393; 51924.09; 6679.42
669; 0.212260058734687; 55911.0107034589; 51789.98; 6631.49
670; 0.211840688551188; 55821.5801316332; 51718.39; 6613.31
671; 0.212226578262635; 55654.2989145666; 51538.43; 6617.96
672; 0.212429673830264; 55538.1163782557; 51396.58; 6649.12
673; 0.2134919805921; 55455.6066959836; 51260.48; 6697.67
674; 0.215620479261635; 55260.897282361; 50991.09; 6745.8
675; 0.216693241152479; 55063.6625364229; 50777.7; 6734.8
676; 0.219706259444409; 54801.8309480719; 50449.76; 6741.89
677; 0.222989407573484; 54644.2110722445; 50220.53; 6749.72
678; 0.224670039466787; 54279.0338545594; 49854.15; 6698.66
679; 0.225334033422494; 54015.4146917031; 49569.83; 6707.77
680; 0.22687519416123; 53728.9574739224; 49265.17; 6687.29
681; 0.228040119155828; 53302.7379601537; 48896.52; 6564.97
682; 0.229655281435677; 53025.1321311318; 48676.53; 6431.06
683; 0.232262836375833; 52693.3758625959; 48337.61; 6366.86
684; 0.235466245782092; 52459.1963405244; 48088.67; 6299.26
685; 0.235682669205349; 52022.7955545336; 47686.4; 6241.9
686; 0.238869025000989; 51772.1216052284; 47417.69; 6182.03
687; 0.241700554916373; 51568.7639609895; 47194.51; 6135.03
688; 0.244239341086776; 51236.4054689543; 46880.57; 6043.52
689; 0.249089965257001; 51072.4525124703; 46645.93; 6019.83
690; 0.252021339678255; 50779.8643726898; 46281.98; 6043.37
691; 0.25015021176326; 50507.6478282591; 46019.78; 6072.64
692; 0.250350023624995; 50255.4368261824; 45801.47; 6019.6
693; 0.255549593876863; 49947.9307858615; 45480.32; 5912.87
694; 0.252488671762258; 49666.094512526; 45216.95; 5957.48
695; 0.253824407289216; 49265.7466974214; 44856.77; 5870.15
696; 0.253964907278117; 48991.2364300943; 44601.15; 5839.3
697; 0.249257579922333; 48486.2278555233; 44212.6; 5789.13
698; 0.248728427277371; 48193.1857560847; 43970.67; 5729.64
699; 0.248624296173037; 47846.2913058692; 43685.73; 5645.72
700; 0.249585113977064; 47635.3794504449; 43480.78; 5613.72
701; 0.248494256406866; 47342.4702170938; 43262.21; 5535.8
702; 0.254581786876329; 47072.5172900101; 43047.86; 5328.02
703; 0.254232872571648; 46842.857024849; 42844.93; 5298.29
704; 0.256663174267243; 46574.1826539599; 42562.73; 5264.28
705; 0.258409866516834; 46400.6520058595; 42395.58; 5218.32
706; 0.262684581838777; 46129.782604551; 42117.78; 5140.41
707; 0.265103582697774; 45944.4128736621; 41925.34; 5100.31
708; 0.266172666616416; 45710.7815486641; 41719.61; 5042.41
709; 0.262580757815627; 45396.5328867263; 41441.44; 5063.33
710; 0.257118057057426; 45131.0097176809; 41250.92; 5070.99
711; 0.257360333079464; 44792.8028686254; 40971.05; 4988.98
712; 0.259002713970785; 44548.1273089016; 40745.44; 4931.56
713; 0.263167973549498; 44234.8666007958; 40453.58; 4825.16
714; 0.261131061109717; 43909.6406848907; 40162.51; 4817.99
715; 0.258512308664593; 43427.6780011236; 39741.68; 4785.79
716; 0.259376409940157; 43128.0215019068; 39438.32; 4773.18
717; 0.259076101004515; 42765.9987779839; 39110.62; 4732.38
718; 0.264903860405209; 42272.5453307919; 38587.23; 4664.32
719; 0.265703669719801; 41912.8397912215; 38255.66; 4612.8
720; 0.26507922908762; 41349.3144888827; 37744.76; 4555.32
721; 0.262673266634168; 40974.2814068301; 37408.22; 4546.28
722; 0.269736568279463; 40473.785470314; 36879.41; 4460.74
723; 0.270763192886217; 40174.8202766942; 36550.41; 4479.31
724; 0.275190118636473; 39730.2084833991; 36067.83; 4451.78
725; 0.280622977858957; 39518.0816381502; 35820.25; 4406.23
726; 0.280331749574995; 39231.5482395033; 35556.79; 4381.67
727; 0.279850860689136; 39083.7166406319; 35416.12; 4379.03
728; 0.283227314549162; 38968.1286578307; 35290.02; 4337.76
729; 0.286224331779145; 38872.2490705921; 35184.36; 4302.56
730; 0.282782749607439; 38820.9005403899; 35167.28; 4313.26
731; 0.279023314303226; 38813.4718157623; 35185.56; 4340.21
732; 0.275858796345221; 38858.5959893502; 35258.87; 4355.35
733; 0.273936870856637; 38890.3926642592; 35317.69; 4352.44
734; 0.276279183145815; 38891.6878487161; 35320.05; 4313.85
735; 0.275529916814971; 38857.9939310228; 35287.77; 4322.8
736; 0.273693386664216; 38779.1311484279; 35255.22; 4294.16
737; 0.275521621719639; 38719.6768595159; 35198.54; 4260.86
738; 0.277346411025433; 38649.9975791754; 35153.14; 4202.21
739; 0.285202668482935; 38609.8255357573; 35082.98; 4119.97
740; 0.287722982444155; 38544.6044862441; 35003.05; 4099.39
741; 0.291387528767792; 38513.5164671692; 34937.5; 4085.83
742; 0.298081383859292; 38577.2626481433; 34942.34; 4058.61
743; 0.298709637346659; 38623.0882741869; 34952.47; 4088.45
744; 0.302235791194614; 38893.4490671888; 35132.25; 4139.05
745; 0.302472159874717; 39067.8816562147; 35282.64; 4160.7
746; 0.304166999461215; 39360.572829024; 35543.95; 4170.26
747; 0.299921116354166; 39536.4936076703; 35776.2; 4165.32
748; 0.299748791875392; 39802.0509081336; 36018.91; 4191.6
749; 0.293761378269715; 39865.9665664424; 36058.63; 4303.18
750; 0.292789041408612; 39892.4847309027; 36077.01; 4325.62
751; 0.289247339392086; 39801.7982193835; 35972.11; 4394.76
752; 0.295929665653267; 39589.314705324; 35724.03; 4335.18
753; 0.293862859703698; 39315.1446444881; 35464.2; 4349.34
754; 0.299592943689777; 38814.6793475327; 34948.18; 4283.12
755; 0.307447998713799; 38436.229597344; 34532.21; 4213.14
756; 0.305184489776999; 37760.4952819786; 33962.17; 4128.32
757; 0.305839839033721; 37316.9754843276; 33587.64; 4043.01
758; 0.311696050962153; 36699.9213286046; 32986.28; 3948.75
759; 0.308125694890271; 36260.1371925151; 32637.24; 3895.07
760; 0.305741094634278; 35862.2063377285; 32259.49; 3901.75
761; 0.308463693158412; 35264.2288426444; 31671.34; 3854.95
762; 0.306940339728961; 34875.8249150928; 31326.86; 3824.92
763; 0.307493513136098; 34373.7033333281; 30858.15; 3780.55
764; 0.312506441796632; 34070.4958882159; 30552.62; 3720.96
765; 0.311842176479073; 33614.9524425268; 30138.48; 3684.65
766; 0.310160769056777; 33305.3809746091; 29870.46; 3660
767; 0.316022122008195; 32899.6366912519; 29455.42; 3601.95
768; 0.317630926296558; 32607.696924125; 29204.38; 3541.26
769; 0.315910908886009; 32223.0384173201; 28843.31; 3535.64
770; 0.316142543413114; 31968.3213028575; 28611.77; 3508.6
771; 0.315575736356708; 31624.6881995414; 28287.46; 3493.24
772; 0.31529562627871; 31382.7903530517; 28045.07; 3495.43
773; 0.318291937660693; 31009.4951708327; 27721.45; 3409.49
774; 0.318588447520838; 30732.9398533183; 27494.01; 3353.85
775; 0.321128760871742; 30397.9733750099; 27168.28; 3316.68
776; 0.325466722823839; 30154.1633288859; 26952.81; 3242.53
777; 0.319475768804577; 29759.5086443963; 26651.39; 3206.32
778; 0.320005732411983; 29540.1251360978; 26475.12; 3155.71
779; 0.316839014078683; 29160.1743105048; 26196.88; 3080.8
780; 0.318176726551199; 28942.5175682053; 25989.04; 3056.91
781; 0.321699042437489; 28663.2085706319; 25702.91; 3029.75
782; 0.317864487296164; 28448.0368646812; 25564.84; 2985.68
783; 0.315700826070096; 28108.8396722443; 25265.45; 2963.98
784; 0.324234387668741; 27959.7292299429; 25057.13; 2945.32
785; 0.336505691676369; 27724.3300434709; 24774.1; 2883.66
786; 0.333101532183761; 27523.2633709808; 24595.43; 2890.19
787; 0.338657590943325; 27274.5605073833; 24317.46; 2870.28
788; 0.338097339507627; 27115.7164492428; 24145.77; 2886.61
789; 0.33459638028623; 26815.9346389895; 23839.99; 2921.87
790; 0.33524118727018; 26669.1181383493; 23681.33; 2927.02
791; 0.340638873878526; 26423.1359553066; 23459.54; 2856.59
792; 0.33344598984811; 26191.3338907109; 23322.97; 2823.81
793; 0.329460649369247; 25886.6878418524; 23037.1; 2838.72
794; 0.330544900954304; 25711.8609710162; 22868.76; 2822.52
795; 0.328415344967067; 25452.3830085629; 22607.09; 2842.83
796; 0.337267209696861; 25250.604019008; 22354.82; 2817.16
797; 0.341057557862044; 25055.5993690452; 22177.05; 2769.18
798; 0.334810484586625; 24786.5281715019; 21947.57; 2781.96
799; 0.331480255727902; 24613.2821437256; 21776.97; 2806.93
800; 0.333016524180812; 24421.9753024669; 21599.88; 2779.62
801; 0.335039587769019; 24265.1872984725; 21427.25; 2777.37
802; 0.341028442252613; 24047.7236196372; 21246.22; 2692.62
803; 0.33833596817009; 23868.745532213; 21118.69; 2663.1
804; 0.333846010457289; 23630.4285544367; 20955.5; 2624.18
805; 0.342240433424657; 23506.134324267; 20811.88; 2577.65
806; 0.345550080013389; 23288.023379531; 20577.48; 2567.74
807; 0.352985942350599; 23147.1961296404; 20444.88; 2505.62
808; 0.360254743002752; 22948.0475879084; 20233.34; 2465.85
809; 0.356604264899264; 22755.3870447635; 20117.91; 2419.76
810; 0.354345121943305; 22535.8822108538; 19941.99; 2394.41
811; 0.349908397015035; 22400.6585039888; 19840.25; 2392.78
812; 0.343077008048074; 22160.3625557483; 19616.34; 2424.03
813; 0.34093034126314; 22044.9752035015; 19507.44; 2432.37
814; 0.338840420657902; 21845.057200073; 19384.56; 2372.31
815; 0.340008529943547; 21712.3450761899; 19269.86; 2346.4
816; 0.336176935400709; 21506.4640511047; 19099.36; 2338.24
817; 0.341171958210658; 21339.0527432027; 18911.16; 2323.53
818; 0.343123252449616; 21200.8444102068; 18779.83; 2303.4
819; 0.347656667210143; 20991.5466230902; 18588.73; 2255.84
820; 0.34671963910805; 20811.6575957986; 18471.08; 2202.85
821; 0.346409847381897; 20600.32432694; 18304.05; 2162.46
822; 0.345269217763404; 20499.7224825508; 18214.57; 2158.47
823; 0.343834145885432; 20316.6981282205; 18072.01; 2128.55
824; 0.342195359477865; 20168.9642052912; 17950.02; 2113.67
825; 0.341176809535118; 20006.3305061387; 17823.05; 2085.84
826; 0.34164828408578; 19924.6740445799; 17718.64; 2104.67
827; 0.35339820723466; 19812.8015742819; 17567.1; 2071.48
828; 0.355023679097394; 19738.5118907611; 17446.36; 2104.85
829; 0.358121549661349; 19581.2730304818; 17319.63; 2058.67
830; 0.355925848205483; 19403.238971143; 17167.7; 2047.33
831; 0.352888964926452; 19296.4450267029; 17070.99; 2054.64
832; 0.351625313250859; 19138.4825909721; 16949.8; 2026.97
833; 0.34850778800534; 19002.1375219543; 16862.72; 1998.1
834; 0.345919112000782; 18860.0254302531; 16745.5; 1988.73
835; 0.346954082809393; 18748.7104726503; 16665.86; 1952.59
836; 0.345519910352315; 18602.5314367393; 16511.91; 1967.5
837; 0.346562505570231; 18511.9903624004; 16426.18; 1957.32
838; 0.344010818572566; 18336.8656351942; 16291.25; 1934.09
839; 0.346837411273625; 18192.6673721605; 16142.26; 1924.19
840; 0.345110578463859; 18101.1970672789; 16052.59; 1932.12
841; 0.343395740987563; 17954.4912611675; 15937.23; 1914.22
842; 0.34349126350243; 17846.8519164609; 15840.72; 1902.7
843; 0.341020460989192; 17707.354519642; 15720.73; 1897.36
844; 0.346680239681829; 17617.4391468512; 15632.51; 1864.37
845; 0.353188319493208; 17469.2590124949; 15468.07; 1844.53
846; 0.361161395621458; 17405.008208545; 15382.36; 1822.74
847; 0.359001874014945; 17284.3265774846; 15250.27; 1843.57
848; 0.362557800377448; 17147.8063898259; 15118.86; 1820.49
849; 0.355096973140716; 17027.7982509277; 15039.5; 1821.03
850; 0.352319173362313; 16853.4742368928; 14899.55; 1803.19
851; 0.350659062721984; 16733.9382006788; 14798.65; 1794.04
852; 0.339467548039705; 16517.6072287737; 14672.91; 1765.98
853; 0.32956570958336; 16385.3859848138; 14599.06; 1761.08
854; 0.327963357863045; 16200.1515805383; 14426.29; 1756.88
855; 0.327905528687876; 15989.496773229; 14252.44; 1720.34
856; 0.328036495357569; 15846.4406261871; 14145.41; 1683.66
857; 0.327790873672662; 15666.6609610363; 13982.24; 1668.09
858; 0.334798355538794; 15587.1930031197; 13875.99; 1658.82
859; 0.34031179691364; 15447.3228977725; 13730.38; 1637.1
860; 0.350651341644986; 15355.9090661387; 13604.73; 1620.14
861; 0.351598718009667; 15161.8805794157; 13458.69; 1571.19
862; 0.352021826799633; 15009.3435774899; 13294.88; 1579.38
863; 0.351118772643461; 14860.1857766625; 13172.94; 1558
864; 0.347274875183467; 14671.0842701209; 12984.52; 1574.25
865; 0.346081670393641; 14550.029375927; 12852.86; 1589.3
866; 0.359094371453646; 14371.9032875186; 12661.71; 1543.16
867; 0.352240473241041; 14118.4179067791; 12478.66; 1508.05
868; 0.348632055483441; 13954.2247589668; 12339.72; 1499.9
869; 0.350421030506087; 13705.479558941; 12143.73; 1443.2
870; 0.351631228754212; 13566.0419291943; 12003.74; 1438.46
871; 0.357235905692386; 13287.7177821238; 11795.11; 1352.42
872; 0.350697857736373; 13088.0604409994; 11621.28; 1353.53
873; 0.341247380785127; 12768.0362284015; 11391.77; 1304.92
874; 0.32880343647869; 12485.675006402; 11157.91; 1306.28
875; 0.331882303377697; 12304.9404613427; 10988.42; 1282.95
876; 0.329754710066126; 12073.7141988202; 10764.51; 1283.8
877; 0.327506574579448; 11899.8853277037; 10619.45; 1263.96
878; 0.329177920857701; 11690.2055497141; 10426.64; 1240.69
879; 0.334734243572985; 11527.9017740514; 10281.91; 1202.89
880; 0.335646587790162; 11446.8116319649; 10176.64; 1222.66
881; 0.329577454094582; 11299.5705099942; 10049.07; 1225.61
882; 0.322685453540722; 11203.2993213071; 9964.16; 1240.17
883; 0.330127855272263; 11118.0607829532; 9871.87; 1218.87
884; 0.329159515238379; 11012.8518566821; 9759.58; 1229.16
885; 0.324286023608976; 10940.2006470079; 9705.01; 1229.35
886; 0.322749541965839; 10841.8280952258; 9624.7; 1216.9
887; 0.326729828213877; 10787.3131879833; 9581.9; 1190.31
888; 0.335558905478626; 10712.4889046424; 9500.49; 1165.17
889; 0.348012857880834; 10682.8268265159; 9458.44; 1134.77
890; 0.340063285972524; 10651.663061604; 9437.48; 1151.43
891; 0.338200868298141; 10619.4810034028; 9410.91; 1152.23
892; 0.332122123451139; 10634.1248831923; 9440.9; 1158.23
893; 0.336612961411361; 10688.9149846139; 9456.13; 1180.51
894; 0.336207573155224; 10787.0627678428; 9516.2; 1218.24
895; 0.331918014806902; 10853.4030052907; 9601.35; 1215.52
896; 0.327092801814841; 10995.8394767702; 9716.85; 1259.78
897; 0.328855902095973; 11088.186283869; 9809.8; 1252.27
898; 0.329923561098991; 11279.2812972674; 10009.86; 1239.26
899; 0.339144037626838; 11505.6646359073; 10218.36; 1222.35
900; 0.343410205802397; 11640.9261600531; 10337.8; 1221.8
901; 0.340647514460575; 11791.1206304343; 10488.16; 1231.39
902; 0.338273065986321; 11922.5686731853; 10593.25; 1264.91
903; 0.338663035741403; 11972.4573390989; 10645.88; 1260.64
904; 0.330224463003905; 11988.0164487061; 10679.41; 1275.13
905; 0.33377225085988; 11952.600506458; 10655.26; 1250.55
906; 0.332849078701583; 11836.6702571241; 10541.38; 1251.83
907; 0.326151898943196; 11677.4962100518; 10411.05; 1248.88
908; 0.324215505258685; 11545.0304907193; 10286.47; 1248.31
909; 0.321024205893201; 11306.1029154384; 10069.8; 1238.26
910; 0.325147027810157; 11023.5216243892; 9823.06; 1186.92
911; 0.325915978474442; 10804.5739079771; 9629.07; 1159.31
912; 0.332249525012075; 10470.1706891611; 9285.22; 1146.16
913; 0.338325851096695; 10237.040964531; 9042.21; 1134.81
914; 0.336696574128764; 9834.66897628581; 8674.98; 1106.58
915; 0.337576916362738; 9436.76476693233; 8362.8; 1021.94
916; 0.340824524505983; 9180.91219923917; 8140.9; 980.04
917; 0.331504940951561; 8780.96775820418; 7802.17; 948.16
918; 0.329124683058107; 8430.91418028038; 7504.64; 903.62
919; 0.333826733375492; 8210.81180619643; 7335.11; 842.14
920; 0.326713466215887; 7893.26526326861; 7076.67; 802.29
921; 0.330398537231919; 7606.16399822049; 6827.49; 756.4
922; 0.323304825948418; 7410.24576860742; 6642.23; 762.34
923; 0.332402115273924; 7142.58721969579; 6379.21; 736.9
924; 0.342655942432026; 6978.35756080616; 6235.64; 695.41
925; 0.345805977767148; 6713.72307291847; 5975.99; 684.36
926; 0.35309196302553; 6463.24434403767; 5733.56; 662.86
927; 0.359071644574151; 6295.14327970073; 5578.53; 640.06
928; 0.362156319802489; 6038.70327234539; 5344.84; 614.38
929; 0.37927755883211; 5778.7261811371; 5096.11; 577.06
930; 0.383923090537067; 5597.02316214642; 4916.24; 568.49
931; 0.390173209836908; 5268.97480533045; 4622.43; 531.18
932; 0.39770919027883; 4906.96180696113; 4320.37; 472.73
933; 0.386828853935785; 4625.9566313053; 4082.87; 449.92
934; 0.379168993181784; 4187.31544322533; 3709.57; 403.73
935; 0.367338945886857; 3707.2748712436; 3289.86; 364.07
936; 0.344115222224862; 3379.75114803033; 3013.38; 341.07
937; 0.335341065883408; 2904.20343978922; 2607.66; 283.25
938; 0.323218110087355; 2475.0467789088; 2217.03; 255.66
939; 0.302195515437641; 2214.62385732915; 1987.35; 240.84
940; 0.32382512657956; 1911.27783040452; 1708.3; 200.7
941; 0.350687901031313; 1673.91152090173; 1492.92; 165.23
942; 0.3461959104414; 1562.58618215942; 1401.15; 149.27
943; 0.378244946015595; 1455.51566465181; 1302.09; 129.83
944; 0.353436883563351; 1393.51396697622; 1262.49; 118.64
945; 0.359093404530075; 1395.3857777653; 1262.09; 118.78
946; 0.360079188240542; 1415.84285771187; 1273.61; 126.38
947; 0.340478693718939; 1463.97540636049; 1321.41; 133.95
948; 0.312491549453966; 1497.53957576867; 1363.71; 136.99
949; 0.33422807172289; 1577.57513437675; 1428.21; 142.93
950; 0.307857004953701; 1667.07102749434; 1513.54; 159.48
951; 0.295055820831506; 1727.96093925863; 1560.05; 181.96
952; 0.289558978238582; 1824.53077065799; 1643.42; 199.97
953; 0.293362670532479; 1919.43671332514; 1744.87; 190.22
954; 0.296710491708427; 1991.74003977135; 1804.25; 201.97
955; 0.303824236324131; 2095.86191900149; 1886.52; 220.2
956; 0.293241725753892; 2186.71049287436; 1973.27; 232.59
957; 0.306854443213228; 2245.76323589135; 2017.89; 237.27
958; 0.368072496781542; 2361.55227948364; 2093.11; 233
959; 0.385626005368001; 2436.97335987041; 2164.83; 225.43
960; 0.3832366472556; 2482.36412200369; 2197.28; 237.59
961; 0.379792249816382; 2540.2052349508; 2240.09; 252.36
962; 0.378184644101478; 2582.38807549544; 2283.29; 252.54
963; 0.39641146521713; 2616.46670352916; 2296.84; 257.43
964; 0.385108006537014; 2639.53741076746; 2337.1; 250.71
965; 0.348258610795618; 2642.31663003616; 2355.82; 262.59
966; 0.344084726976728; 2663.90815943968; 2365.12; 277.15
967; 0.336343265770712; 2671.72602186625; 2373.35; 283.1
968; 0.33774169984208; 2674.64078295667; 2376.54; 281.63
969; 0.335594297193521; 2675.17126274443; 2370.7; 289.46
970; 0.317630708562521; 2663.64510051667; 2366.85; 298.08
971; 0.335676959686701; 2669.60531962233; 2360.21; 293.99
972; 0.326005332114706; 2654.64200776842; 2353.17; 294.93
973; 0.319964365804513; 2638.47928594774; 2347.33; 290.17
974; 0.313813081457756; 2617.41008909142; 2331.79; 290.21
975; 0.308543209365203; 2598.19262181304; 2324.88; 282.41
976; 0.314291421989788; 2588.51511029016; 2322.23; 270.08
977; 0.310564606905293; 2568.89073841884; 2313.59; 262.02
978; 0.308980063001064; 2539.99403548595; 2288.88; 259.01
979; 0.299119292706787; 2499.41338741906; 2262.7; 252.18
980; 0.301959723916608; 2477.92615668458; 2245.69; 245.05
981; 0.29620519361455; 2439.84726876499; 2220.96; 235.42
982; 0.283170741199132; 2396.71988396794; 2183.47; 239.89
983; 0.300294100121122; 2375.87954991036; 2140.37; 249.79
984; 0.302583206305444; 2341.48966123153; 2104.59; 249.33
985; 0.302202119820012; 2301.25249936811; 2072.4; 241.14
986; 0.331741909389253; 2276.27879895661; 2037.13; 229.52
987; 0.331210019006959; 2252.89388141697; 2018.37; 225.42
988; 0.330602240007275; 2212.4750625096; 1985.88; 218.17
989; 0.345955186174712; 2164.72084326006; 1950.05; 197.49
990; 0.33463107937278; 2136.26978377429; 1942.59; 184.19
991; 0.353507995764779; 2091.70468940793; 1902.07; 170.69
992; 0.343117797944302; 2052.1837021788; 1866.89; 171.81
993; 0.346096073072494; 2010.53709386406; 1826.88; 168.81
994; 0.330685091019449; 1978.04496874277; 1801.55; 169.77
995; 0.372702006486448; 1939.54754720687; 1753.79; 158.52
996; 0.377184001673284; 1905.42246537123; 1712.27; 162.85
997; 0.362060847869917; 1858.10328841192; 1669.42; 165.71
998; 0.33632610901855; 1830.76517385485; 1649.52; 171.34
999; 0.333076672271932; 1786.49081298667; 1609.99; 168.46
1000; 0.321499541943872; 1731.66123920147; 1572.97; 156.9
1001; 0.35224848602716; 1711.6459163342; 1537.56; 157.08
1002; 0.308941167222655; 1668.65413955575; 1507.6; 165.67
1003; 0.332423663973629; 1642.34990399249; 1483.4; 151.94
1004; 0.323792089684909; 1598.52098458289; 1452.09; 143.69
1005; 0.346402974851749; 1572.32467917669; 1426.54; 133.7
1006; 0.389360304567357; 1539.58139130669; 1392.69; 119.84
1007; 0.361425378162938; 1505.21480074864; 1360.28; 127.37
1008; 0.351923839775538; 1464.95512354807; 1330.15; 121.65
1009; 0.360285443391023; 1438.46025442518; 1305.09; 117.55
1010; 0.306452705182211; 1393.90868432762; 1276.43; 121.72
1011; 0.328499061188662; 1360.16168683715; 1247.08; 109.29
1012; 0.338989231775158; 1322.13153206058; 1226.3; 89.74
1013; 0.297011356380319; 1293.99808946812; 1203.11; 97.13
1014; 0.30835815266588; 1264.52283464967; 1183.93; 82.95
1015; 0.290317152310278; 1233.96931673505; 1162.61; 78
1016; 0.298262309600513; 1210.91065552594; 1136.04; 79.65
1017; 0.32448350626323; 1192.67597924467; 1118.19; 72.83
1018; 0.357160377981726; 1172.69045847152; 1089.33; 74.04
1019; 0.298736049129817; 1141.02598831648; 1053.08; 93.38
1020; 0.308973284334006; 1115.11929509824; 1031.33; 86.01
1021; 0.268469449217952; 1085.98786132087; 1012.25; 87.1
1022; 0.28979697253691; 1065.98906505999; 982.3; 91.57
1023; 0.28363264386359; 1030.54370223768; 955.81; 83.54
1024; 0.274526708183728; 1004.35288311405; 931.76; 83.83
1025; 0.225798594238212; 976.403252959906; 909.97; 93.26
1026; 0.246275605591247; 960.949996606493; 889.93; 91.4
1027; 0.241875639981119; 935.405499532657; 860.61; 98
1028; 0.263846114556564; 915.640110334336; 835.58; 96.15
1029; 0.257780452178363; 894.262721100194; 814.05; 98.59
1030; 0.242952622136304; 870.45265116401; 791.84; 102.51
1031; 0.20909420875734; 834.391350208262; 762.89; 108.32
1032; 0.220636554693752; 817.436574531127; 750.5; 96.09
1033; 0.170642755271616; 781.220577427051; 735.82; 84.26
1034; 0.164633501468978; 765.86846795318; 719.26; 89.65
1035; 0.184281066768355; 748.638080295538; 702.41; 79.43
1036; 0.168886723795001; 722.372733123002; 683; 73.81
1037; 0.189760383864126; 710.519658115487; 662.23; 80.56
1038; 0.251767801265438; 711.058441442333; 654.69; 70.87
1039; 0.280646904449772; 682.369487751432; 573.11; 123.22
1040; 0.335600436127602; 692.611925881138; 578.24; 107.85
1041; 0.881349035687813; 720.773159573072; 598.75; 43.81
