# 01/04/2019 16:36:03
# NanoCalc data
# Original file name: C:\SVA_DATA\StudentProjects\2018_Nathan\daystudy2\daystudy2_8.dat
# Fit Result : Fitness; Thickness 1; Thickness 2; Thickness 3 
# Fit Result : 2.18022946758329; 2; 259.4; -1
# comment:PS id:347 as prepared, daystudy2 start 13:06
#
# WaveLength; Reflectance; Raw Intensity; Dark Intensity; Reference Intensity
400; 0.344941062867723; 4631.35738937444; 4279.7; 494.34
401; 0.365535644316036; 4813.22524827008; 4426.38; 510.95
402; 0.386554518581307; 4945.68073387028; 4526.91; 520.75
403; 0.377130389339195; 5063.37103059911; 4624.14; 557.52
404; 0.377194873503843; 5186.0069313983; 4736.18; 568.47
405; 0.387471732780491; 5372.71891334696; 4906.56; 571.26
406; 0.394530361841255; 5510.03774613751; 5032.31; 572.71
407; 0.416991636325867; 5659.26230690178; 5167.57; 555.51
408; 0.424121659535777; 5797.61600847935; 5279.22; 573.55
409; 0.425975352352807; 5931.52670887312; 5371.09; 615.08
410; 0.401236976547623; 6076.29435385159; 5524.13; 640.96
411; 0.416736380209826; 6194.02148299878; 5613.7; 646.3
412; 0.422951113985368; 6292.8153941881; 5702.3; 645.69
413; 0.418345939250446; 6381.55571950454; 5786.65; 655.46
414; 0.427353195753404; 6545.31416804695; 5903.15; 690.29
415; 0.434752567026313; 6647.03383727722; 5990.75; 691.18
416; 0.437027184996386; 6732.7402825199; 6066.02; 696.19
417; 0.436419859587895; 6828.01078393232; 6151.58; 704.97
418; 0.46744619867395; 7012.51397443907; 6286; 704.55
419; 0.470249167349807; 7122.46295820861; 6392.31; 701.76
420; 0.467797252430178; 7254.76392626174; 6512.29; 715.2
421; 0.479642272867819; 7394.5629298509; 6639.75; 707.06
422; 0.490718473566488; 7605.45837414612; 6818.9; 718.06
423; 0.4948497872017; 7749.90186787845; 6965.73; 707.8
424; 0.501488708958165; 7920.46791124628; 7106.01; 723.25
425; 0.506153725805584; 8098.17727250794; 7268.09; 728.35
426; 0.504212637389351; 8345.02357284819; 7503.66; 739.07
427; 0.492433946856721; 8508.27466597829; 7675.59; 746.89
428; 0.499801109233851; 8684.08789448364; 7825.64; 756.57
429; 0.508791319222062; 8845.84995425134; 7947.66; 775.69
430; 0.513275641501887; 9098.17609305974; 8167.34; 794.87
431; 0.506910520429364; 9271.40404839306; 8313.51; 826.21
432; 0.495734235255172; 9399.70263162539; 8411.94; 869.01
433; 0.481299577351805; 9499.96865130616; 8517.08; 888.52
434; 0.475337630475802; 9699.47181156504; 8669.19; 940.77
435; 0.493514059118631; 9836.95340597801; 8778.12; 929.22
436; 0.491358647550402; 9953.35745545151; 8878.3; 945.54
437; 0.49913457980393; 10084.4052668024; 8983.98; 950.58
438; 0.498442365010286; 10270.1815567734; 9163.02; 955.51
439; 0.492550902252693; 10352.9852669398; 9258.21; 953.94
440; 0.503726188346507; 10484.2419435021; 9363.29; 952.89
441; 0.492966636707119; 10594.8609187863; 9480.27; 966.01
442; 0.494683934494807; 10805.9411655739; 9669.52; 979.3
443; 0.499617586081867; 10925.6093071144; 9804.94; 954.09
444; 0.497776023537691; 11093.4854220875; 9943.63; 980.41
445; 0.496912719915605; 11245.6603291522; 10051.86; 1017.35
446; 0.491820148820977; 11480.8738470501; 10258.9; 1049.74
447; 0.501053543262003; 11703.533649461; 10440.73; 1062.54
448; 0.492938296634281; 11903.6418639248; 10625.06; 1091.15
449; 0.488860144002472; 12251.6893112613; 10912.76; 1149.75
450; 0.4901248206538; 12476.1942728559; 11104.77; 1172.1
451; 0.488401396293265; 12702.2957070636; 11304.48; 1196.46
452; 0.479104646231206; 12902.8586505555; 11501.24; 1220.5
453; 0.477682451048418; 13281.3565775599; 11845.87; 1251.24
454; 0.473149834440033; 13543.9242788885; 12103; 1265.5
455; 0.462510018107732; 13780.2738602495; 12317.89; 1311.33
456; 0.461979775417813; 14065.7967734522; 12560.6; 1348.65
457; 0.467025972921924; 14476.2445415955; 12952.87; 1347.64
458; 0.463078795058251; 14769.8001074909; 13216.94; 1382.78
459; 0.455620813511202; 15045.1074520462; 13458.59; 1433.2
460; 0.450711605930143; 15333.7356971613; 13713.58; 1476.76
461; 0.449674846271123; 15741.5175293499; 14114.49; 1483.68
462; 0.450946655950056; 16003.7165414582; 14336.06; 1513.61
463; 0.454497259691707; 16254.1276343221; 14562.8; 1520.34
464; 0.45132230005392; 16668.2451093476; 14952.61; 1550.21
465; 0.447569972275961; 16937.6884032792; 15194.74; 1585.35
466; 0.444626528564024; 17209.7916067825; 15444.54; 1613.43
467; 0.445693842088218; 17493.0506937443; 15732.78; 1602.33
468; 0.448390527489061; 18096.4557247472; 16302.86; 1620.11
469; 0.449771937547864; 18483.8255829702; 16654.38; 1644.7
470; 0.44334730362826; 18888.1720010818; 17015.55; 1705.12
471; 0.433520598578299; 19368.1197583454; 17467.47; 1766.97
472; 0.434283813786105; 20150.9156666502; 18151.49; 1852.52
473; 0.434925694794207; 20699.1976778088; 18682.94; 1862.36
474; 0.430220757827124; 21299.8348587779; 19227.96; 1931.54
475; 0.437087153208401; 22340.2382647299; 20126.18; 2028.42
476; 0.428276364182287; 22966.7063490732; 20688.68; 2126.5
477; 0.428621801480966; 23669.1328651494; 21347.79; 2161.75
478; 0.422322034672238; 24480.7901679482; 22109.61; 2237.48
479; 0.423446277201471; 25683.726783472; 23228.99; 2306.58
480; 0.41602374169548; 26520.065188671; 24005.77; 2400.94
481; 0.409403543448505; 27308.6271275616; 24784.58; 2445.55
482; 0.402055655883931; 28534.2048809355; 25969.74; 2526.31
483; 0.387530097123985; 29317.3096686527; 26751.91; 2618.11
484; 0.38472780627998; 30133.4064543274; 27486.95; 2716.44
485; 0.380446000538209; 30965.7570645897; 28259.36; 2805.02
486; 0.373720933576124; 32046.6906102358; 29316.03; 2876.7
487; 0.371436090586269; 32752.5977135319; 29980.74; 2933.63
488; 0.369011917672589; 33440.7814026159; 30637.12; 2982.26
489; 0.365595750901843; 34066.6514602621; 31249.17; 3020.64
490; 0.360154067007041; 34956.2938595175; 32104.75; 3098.9
491; 0.362844521017697; 35526.6836249037; 32619.02; 3132.37
492; 0.360945874751131; 36059.6831218343; 33157.92; 3138.35
493; 0.349584827181945; 36709.7572035486; 33873.37; 3163.33
494; 0.346532070907552; 37141.7527536784; 34300.64; 3192.53
495; 0.342878982577298; 37554.8579190893; 34733.76; 3199.81
496; 0.336406749271297; 38111.7679991261; 35259.63; 3293.2
497; 0.333449035755021; 38473.9314319642; 35617.12; 3323.75
498; 0.327829075179486; 38833.7636847306; 35981.25; 3371.47
499; 0.323681940312061; 39207.4046106666; 36386.62; 3372.42
500; 0.314829363570641; 39716.4382126084; 36931.64; 3418.76
501; 0.311814336762011; 40068.0862437796; 37257.08; 3479.8
502; 0.308430408575313; 40412.0291305678; 37640.62; 3463.85
503; 0.302322688193055; 40915.8455859468; 38156.45; 3514.02
504; 0.29799026036726; 41314.8239652002; 38544.22; 3575.01
505; 0.292788853754538; 41718.3281592589; 38985.43; 3584.73
506; 0.291246588869768; 42121.2734359501; 39372.16; 3620.77
507; 0.285434530365396; 42719.2240680127; 39939.93; 3730.76
508; 0.28145603739904; 43100.0326638999; 40353.94; 3733.99
509; 0.277899752465476; 43544.6539221577; 40781.06; 3801.66
510; 0.272876853706473; 44244.6060173775; 41429.8; 3938.91
511; 0.26557616981252; 44661.0624634248; 41876.7; 3998.87
512; 0.259422797529667; 45130.2657211318; 42359.14; 4069.62
513; 0.249272715047014; 45746.9878901216; 43059.33; 4103.17
514; 0.24584228394382; 46185.8753099704; 43510.89; 4136.07
515; 0.239933795100267; 46607.9478881559; 43940.2; 4221.71
516; 0.242456741496502; 47048.7387369908; 44315.45; 4275.5
517; 0.237145317469858; 47698.4443310378; 44964.7; 4366.95
518; 0.232421193491997; 48105.3160136481; 45415.06; 4379.87
519; 0.22731514554166; 48554.2296344518; 45861.75; 4476.87
520; 0.223964744115032; 49176.4373385994; 46461.58; 4576.51
521; 0.224660015853749; 49613.8000029958; 46891.36; 4570.21
522; 0.220711072998123; 50090.2981729238; 47340.31; 4694.03
523; 0.215173929750543; 50751.6045956075; 48023.67; 4771.21
524; 0.212631199038763; 51215.8488821453; 48507.28; 4788.96
525; 0.209599806430843; 51634.2783378104; 48952.45; 4805.32
526; 0.203388165061934; 52196.1253397536; 49553.51; 4874.65
527; 0.200023485309955; 52566.4209303003; 49964.68; 4875.19
528; 0.197722072850885; 52877.863953831; 50297.13; 4887.18
529; 0.192708902883935; 53130.9692546855; 50594.48; 4923.49
530; 0.183442719120446; 53441.3696729894; 51008.97; 4955.16
531; 0.17901296087984; 53603.393650054; 51240.06; 4929.08
532; 0.168722937993738; 53688.1528605317; 51453.24; 4940.98
533; 0.160322643052352; 53847.5774388673; 51709.17; 4970.76
534; 0.159976233894404; 53998.6475153434; 51871.1; 4951.66
535; 0.158230204943677; 54127.0350290962; 52047.63; 4887.89
536; 0.150942521123434; 54339.7430952852; 52329.09; 4949.39
537; 0.150120470113886; 54515.5561484538; 52537.54; 4890.44
538; 0.149765531725266; 54665.0490034234; 52699; 4867.11
539; 0.142583639951745; 54920.9712356852; 53047.74; 4866.01
540; 0.142382812773944; 55111.1697704973; 53259.16; 4812.81
541; 0.142107735468851; 55333.3612323178; 53481.09; 4818.79
542; 0.136653809606516; 55633.3371577034; 53825.04; 4888.06
543; 0.132806225039199; 55835.6231712204; 54054.71; 4949.62
544; 0.132101111156845; 56065.3389474236; 54292.24; 4950.31
545; 0.12582093289934; 56399.2607012401; 54711.84; 4942.23
546; 0.119004752626819; 56626.1058677399; 55009.8; 5001.01
547; 0.112560474636104; 56856.7457391085; 55313.58; 5043.69
548; 0.109315428473533; 57307.130449969; 55779.68; 5136.19
549; 0.103176269294597; 57542.0901110142; 56101.52; 5127.81
550; 0.099264393280303; 57818.0083695306; 56435.86; 5109.41
551; 0.0964220798716792; 58098.444220529; 56742.53; 5155.81
552; 0.0929441560650109; 58540.2859867687; 57246.93; 5097.63
553; 0.08955998967994; 58761.1873860532; 57505.93; 5130.18
554; 0.0884413548035067; 59050.2568406617; 57788.18; 5218.84
555; 0.085905287436378; 59457.8787597983; 58230.23; 5221.88
556; 0.079462624690859; 59724.0436624018; 58588.97; 5214.96
557; 0.0752222314704402; 60009.2940707728; 58928.55; 5240.76
558; 0.0740643977227935; 60536.1867414852; 59460.83; 5291.61
559; 0.0707343503781357; 60906.9400499915; 59873.42; 5320.59
560; 0.0686976155393571; 61336.1512411727; 60317.06; 5397.2
561; 0.0663832899469315; 62078.8718093763; 61079.82; 5470.95
562; 0.0620049057159912; 62559.6440401035; 61618.91; 5510.6
563; 0.0597702817439732; 63157.4295670924; 62243.13; 5551.47
564; 0.061069071046784; 64110.6229004063; 63161.43; 5636.17
565; 0.0601512722402217; 64672.82766177; 63724.27; 5714.13
566; 0.0554735884370369; 65157.9418436214; 64271.03; 5789.02
567; 0.0538827834152627; 65826.3049007918; 64949.26; 5889.59
568; 0.0498948131979156; 66093.531065566; 65280.45; 5892.42
569; 0.0484278921113423; 66310.007215665; 65519.29; 5899.71
570; 0.0497361191529007; 66486.9071962234; 65667.21; 5950.81
571; 0.0483438240437618; 66456.6913675173; 65659.95; 5946.16
572; 0.0469633996364163; 66350.2570791026; 65577.76; 5929.95
573; 0.0475431420980671; 66078.4266403451; 65298.92; 5906.07
574; 0.0485786310536682; 65856.6616715084; 65066.36; 5855.38
575; 0.0484515783645223; 65548.1624289105; 64775.58; 5734.51
576; 0.050441920164469; 65398.5254873249; 64585.95; 5788.88
577; 0.0489068953419543; 65190.6444373653; 64401.11; 5796.77
578; 0.0459596014136493; 64898.4141606476; 64169.14; 5693.27
579; 0.0482690100707048; 64762.6059737934; 63999.74; 5666.31
580; 0.0444446788177807; 64579.0108229702; 63876.28; 5664.51
581; 0.0422876228988455; 64365.7513490108; 63705.76; 5587.45
582; 0.0388084779575728; 64192.6868374351; 63588.35; 5571.04
583; 0.0380206408034209; 64051.6711657638; 63455.61; 5604.82
584; 0.0377045024480693; 63905.0853452313; 63321.7; 5528.03
585; 0.0378203239091043; 63847.5587300054; 63270.03; 5452.23
586; 0.0339688702198611; 63756.9386105405; 63237.67; 5454.49
587; 0.0304201063996016; 63591.8249048017; 63124.85; 5474
588; 0.0319762254630351; 63520.4321709966; 63031.19; 5452.52
589; 0.0327219264984462; 63473.2769868354; 62975.08; 5422.54
590; 0.0342228704496667; 63502.23219618; 62987.33; 5355.21
591; 0.0320345005952737; 63478.9487043549; 63002.42; 5291.35
592; 0.0291039121146993; 63479.1570034098; 63048.32; 5262.4
593; 0.0233116700286122; 63458.0266588612; 63107.61; 5340.23
594; 0.0212891817102018; 63505.7361432544; 63186.52; 5323.54
595; 0.0219109032604351; 63767.8237038351; 63441.06; 5291.44
596; 0.0206645042855096; 64004.5874710966; 63696.81; 5281.26
597; 0.0209774157494581; 64282.2156140839; 63964.68; 5364.03
598; 0.0214682420375723; 64808.896016516; 64477.73; 5462.92
599; 0.0238351937702157; 65245.7846712523; 64866.22; 5635.95
600; 0.020922688817854; 65717.5772862896; 65380.71; 5694.63
601; 0.0236322449890921; 66668.0024083394; 66285.03; 5728.1
602; 0.0271743336983807; 67383.5783055831; 66937.7; 5796.17
603; 0.0320251117757861; 68090.311913458; 67555.79; 5892.26
604; 0.0354268925267908; 69066.4971280339; 68459.17; 6048.11
605; 0.0383049100991441; 69730.606781248; 69066.86; 6109.6
606; 0.0365114345468832; 70317.1408260904; 69672.5; 6221.4
607; 0.03281387370221; 71058.343264076; 70481.9; 6186.32
608; 0.0341139110768006; 71440.0136629679; 70837.62; 6214.64
609; 0.0370266712530173; 71883.5230814672; 71226.07; 6245.26
610; 0.0370301809315125; 72000.6215508751; 71336.46; 6304.51
611; 0.034986369452855; 72066.0626632025; 71431.2; 6374.69
612; 0.0377079987749472; 72124.6893454875; 71438.48; 6389.01
613; 0.0381341317661489; 72056.2914886885; 71357.32; 6431.14
614; 0.0445619801423496; 71924.695974045; 71106.62; 6437.47
615; 0.0514486385922439; 71555.1582859665; 70605.49; 6468.86
616; 0.0577140147625933; 71326.2954914343; 70263.73; 6448.15
617; 0.06083240618604; 70800.6078964609; 69688.78; 6397.62
618; 0.0685372035356598; 70480.7278033207; 69230.69; 6380.51
619; 0.073929272928992; 70139.4807257627; 68810.29; 6286.32
620; 0.0782183220749424; 69530.4485593595; 68141.08; 6207.28
621; 0.0790536069414634; 69054.831283923; 67664.28; 6143.79
622; 0.0758912331692871; 68599.6955555854; 67286.17; 6042.22
623; 0.0740077612729006; 68000.8379217946; 66766.6; 5819.18
624; 0.073241821934711; 67612.0320032816; 66407.94; 5733.65
625; 0.0797631269930634; 67100.7965205184; 65796.43; 5700.57
626; 0.0763975421261072; 66750.1440480087; 65521.92; 5601.56
627; 0.0779301181273489; 66422.9169708968; 65174.46; 5579.32
628; 0.0758957585171; 65870.9140134425; 64679.12; 5466.21
629; 0.0797167034226565; 65603.8928583326; 64369.1; 5389.51
630; 0.0861201617768879; 65381.4451923196; 64043.21; 5404.23
631; 0.0881686330056916; 64999.629139489; 63634.35; 5383.04
632; 0.0880758344837058; 64734.5097815794; 63371.14; 5378.87
633; 0.0818877498942205; 64308.9760879444; 63058.63; 5303.46
634; 0.0833533050158257; 64059.8651492806; 62793.55; 5274.34
635; 0.0862655776919097; 63812.4009593061; 62512.49; 5228.64
636; 0.0913330607614925; 63608.0412928504; 62220.73; 5267.71
637; 0.0936806315038151; 63442.130783294; 62008.98; 5302.2
638; 0.0924632814262931; 63242.9662870452; 61842.92; 5244.75
639; 0.0993612337690378; 63021.3061683662; 61507.17; 5275.33
640; 0.104940235930988; 62900.718450129; 61296.9; 5287.52
641; 0.114143383513334; 62701.7287004393; 60960.52; 5274.89
642; 0.116458509413691; 62533.1061654648; 60752.14; 5285.33
643; 0.113929821666563; 62383.5017873931; 60639.11; 5289.09
644; 0.114254131367808; 62066.8100542085; 60330.07; 5248.36
645; 0.116505689071541; 61908.5069616982; 60154.36; 5196.26
646; 0.121172731574524; 61670.1942671533; 59878.97; 5099.36
647; 0.120702668451918; 61500.3587726175; 59709.25; 5116.81
648; 0.122347143203527; 61340.2296684036; 59548.33; 5048.21
649; 0.120757484913991; 61155.8195215186; 59404.04; 4997.97
650; 0.121087249043432; 61062.188254737; 59338.62; 4901.95
651; 0.12632610046555; 60959.9913895558; 59160.05; 4904.58
652; 0.132056595640831; 60920.3474226583; 59054.29; 4861.68
653; 0.133580676018077; 60834.6077342925; 58945.15; 4864.07
654; 0.13535980535113; 60711.2870950987; 58780.36; 4903.2
655; 0.138764855874609; 60624.736208661; 58672.29; 4834.21
656; 0.138171400812821; 60484.4795319818; 58540.73; 4831.37
657; 0.142223302346762; 60410.1057924451; 58390.55; 4875.07
658; 0.14301530443902; 60318.3107506587; 58258.85; 4942.13
659; 0.148415831950653; 60227.4600248334; 58106.52; 4902.45
660; 0.151743035915859; 60153.9279098122; 58014.53; 4834.7
661; 0.148583168703996; 59949.3488303269; 57881.89; 4768.83
662; 0.154255302128931; 59949.3231971101; 57812.49; 4745.1
663; 0.15437166034601; 59876.1555970794; 57731.14; 4757.16
664; 0.163968493000169; 59835.842561283; 57571.48; 4725.28
665; 0.161645362719224; 59684.8782877528; 57465.24; 4696.72
666; 0.162911673637083; 59556.4699653006; 57343.31; 4644.83
667; 0.16256690093188; 59407.666916857; 57195.93; 4650.18
668; 0.157334840355881; 59219.9173479; 57068.85; 4671.64
669; 0.164946171213212; 59082.9886047409; 56850.14; 4623.71
670; 0.160722458552249; 58915.9007497406; 56750.51; 4600.09
671; 0.166044551379274; 58757.0053298328; 56539.78; 4556.67
672; 0.165416566801243; 58613.0157862743; 56424.05; 4513.13
673; 0.167333502445234; 58488.1567272866; 56297.96; 4461.29
674; 0.174066153148786; 58281.256915262; 56016.46; 4432.31
675; 0.175177341664967; 58087.1413304077; 55786.39; 4472.12
676; 0.182012039806526; 57834.8495293057; 55445.01; 4468.86
677; 0.182460475546234; 57602.3634107816; 55212.54; 4456.39
678; 0.187494457188912; 57208.1466745326; 54782.56; 4400.07
679; 0.193644285251712; 56988.7129193466; 54458.13; 4443.16
680; 0.195572675495076; 56713.9605202675; 54162.88; 4433.53
681; 0.199907600826232; 56300.21030595; 53710.76; 4401.05
682; 0.201131082327486; 55999.0129768204; 53421.59; 4352.27
683; 0.201523202367746; 55599.1290703971; 53086.13; 4233.58
684; 0.199772332414189; 55303.0956509406; 52808.48; 4237.92
685; 0.203676076596366; 54959.7213799388; 52406.97; 4251.91
686; 0.203929349359194; 54735.7135181745; 52166.77; 4272.03
687; 0.201317164962495; 54454.704018917; 51943.15; 4229.14
688; 0.19910501526436; 54055.9328149047; 51563.01; 4242.88
689; 0.204400196048034; 53871.8756664505; 51307.05; 4250.64
690; 0.214550473236977; 53562.0641542069; 50870.69; 4247.69
691; 0.222552738259791; 53333.5530755773; 50553.69; 4227.94
692; 0.225944543762226; 53098.6932091928; 50282.31; 4217.53
693; 0.23770673060726; 52777.5259200002; 49871.68; 4134.56
694; 0.243974049643513; 52510.7177995117; 49553.68; 4097.71
695; 0.249065650325586; 52081.9056490856; 49060.32; 4099.83
696; 0.255956752473037; 51837.7152052304; 48773.93; 4043.46
697; 0.253468914518087; 51390.7927124462; 48345.58; 4056.56
698; 0.25469267359257; 51129.7945323217; 48075.71; 4047.12
699; 0.256010720441944; 50752.5425675529; 47709.79; 4009.77
700; 0.258470984984564; 50484.279947291; 47423.15; 3994.02
701; 0.255567998529681; 50205.7727824149; 47179.73; 3991.88
702; 0.260442400029588; 49889.3368105573; 46822.48; 3968.68
703; 0.262281658533376; 49659.1481044443; 46607.07; 3920.67
704; 0.265207422971589; 49313.3289156307; 46283.22; 3848.34
705; 0.270321501819679; 49074.5388052349; 46019.85; 3804.66
706; 0.268994657149338; 48720.877471785; 45650.83; 3841.25
707; 0.265842945405541; 48478.5749104376; 45465.34; 3813.24
708; 0.270703845496589; 48251.400364695; 45270.23; 3703.34
709; 0.266380577367653; 47826.8162974418; 44941.37; 3641.27
710; 0.26379459350963; 47545.1389115807; 44655.03; 3681.56
711; 0.261244325070844; 47134.3303506994; 44253.65; 3704.58
712; 0.262993335951241; 46902.5637100674; 43969.79; 3745.69
713; 0.265129561391428; 46536.5474588931; 43672.22; 3628.02
714; 0.266334415050073; 46187.1508027963; 43347.91; 3579.32
715; 0.270535690181857; 45738.1386750625; 42895.74; 3526.47
716; 0.273499720733888; 45445.4845816486; 42576.47; 3519.84
717; 0.280151240380955; 45116.6307501934; 42213.96; 3475.2
718; 0.287453034889725; 44632.4736812922; 41724.4; 3391.88
719; 0.28983017987553; 44264.2207507173; 41407.88; 3302.8
720; 0.292871163827835; 43635.6579288782; 40856.57; 3178.84
721; 0.294329060320938; 43278.5103865624; 40475.71; 3188.91
722; 0.293320206582902; 42753.7286310252; 39957.64; 3191.04
723; 0.295210366809584; 42426.1560516173; 39618.6; 3182.44
724; 0.286859963756172; 41874.1088910355; 39151.84; 3174.42
725; 0.282042322261397; 41582.9920595496; 38894.6; 3187.29
726; 0.292990951893907; 41294.4170711303; 38552.92; 3127.64
727; 0.292539220482396; 41185.3289538634; 38431.71; 3145.16
728; 0.293751567248669; 41105.4118975874; 38314.98; 3172.98
729; 0.296359649590207; 41044.6785961536; 38242.58; 3157.33
730; 0.300642564651779; 41035.1503272446; 38198.9; 3149.41
731; 0.304771521215576; 41081.0582831019; 38198.31; 3157.38
732; 0.316676008339578; 41189.3396098574; 38201.72; 3148.84
733; 0.326121403422412; 41267.2310489927; 38238.07; 3099.77
734; 0.318648812449319; 41263.7436029379; 38237.72; 3168.88
735; 0.323255192149537; 41243.4018332502; 38178.66; 3162.91
736; 0.31920334688164; 41152.1100660927; 38136.78; 3150.54
737; 0.324950334042216; 41098.8498579182; 38051.96; 3126.15
738; 0.322461549708483; 41017.048345064; 37957.51; 3162.28
739; 0.320413658319081; 40885.7500624743; 37868.23; 3137.62
740; 0.325055713978998; 40845.3264832695; 37800.13; 3120.02
741; 0.32054873714903; 40788.5736264955; 37762.96; 3142.47
742; 0.329322896140369; 40812.7217926391; 37768.72; 3076.38
743; 0.332916867195844; 40858.7568822078; 37789.77; 3067.1
744; 0.340298828968504; 41087.908269438; 37968.43; 3048.89
745; 0.341368481337524; 41212.9118922342; 38070.93; 3060.12
746; 0.351501601670598; 41507.701249875; 38308.05; 3025.32
747; 0.353500121309229; 41719.7716834274; 38498.31; 3027.59
748; 0.348125993591241; 41925.3630854936; 38704.22; 3072.97
749; 0.344092025985041; 41982.5039579904; 38773.76; 3096.16
750; 0.346362052199855; 41985.0585760597; 38766.82; 3084.2
751; 0.351081302189714; 41912.6864244456; 38665.39; 3070.12
752; 0.345003680293639; 41651.7144573579; 38399.74; 3128.51
753; 0.348767540797846; 41416.6458742526; 38150.54; 3108.1
754; 0.345965191537836; 40838.2894572651; 37631.96; 3075.74
755; 0.350375632245187; 40430.6292916076; 37226.64; 3034.05
756; 0.355350273002002; 39751.0850110536; 36632.41; 2911.1
757; 0.353343844901277; 39265.058556444; 36209.88; 2866.86
758; 0.346867750802405; 38601.6680584362; 35581.58; 2885.67
759; 0.346311866382799; 38158.6703681827; 35175.01; 2854.1
760; 0.346435127520127; 37749.8042986204; 34806.66; 2813.02
761; 0.341305716642998; 37114.0937832511; 34274.44; 2753.6
762; 0.343118212656659; 36736.9424007197; 33954.03; 2683.06
763; 0.34502026160341; 36225.1172634688; 33448.36; 2661.28
764; 0.342302722580264; 35907.3729872771; 33139.58; 2672.74
765; 0.346084437216176; 35439.0682323045; 32669.29; 2645.18
766; 0.344048207300582; 35120.0687589195; 32383.67; 2628.52
767; 0.346456821748932; 34642.7750328808; 31954.05; 2564.85
768; 0.344066884436491; 34316.38918132; 31640.85; 2570.08
769; 0.358715026681798; 33942.9286725436; 31181.43; 2544.17
770; 0.359449946836041; 33684.0024985932; 30919.5; 2541.57
771; 0.364308941634655; 33269.1248739056; 30527.03; 2486.33
772; 0.373782909301155; 33026.8838173372; 30284.02; 2423
773; 0.381163412179206; 32628.6228591524; 29885.94; 2374.88
774; 0.386474229916696; 32386.8082016535; 29633.1; 2350.55
775; 0.38328584645477; 32019.12382928; 29329.19; 2314.41
776; 0.380298531639331; 31738.0630663377; 29065.43; 2316.71
777; 0.376896598964049; 31299.2023125425; 28748.02; 2230.83
778; 0.374248447842914; 31060.3902048052; 28544.7; 2214.73
779; 0.371580971197787; 30725.0541842054; 28199.51; 2238.87
780; 0.365725484813827; 30512.6393347463; 28018.49; 2245.87
781; 0.35715489481591; 30156.17249225; 27736.8; 2230.32
782; 0.361910976822507; 29972.7431399369; 27519.3; 2231.44
783; 0.373902044946177; 29682.4715218561; 27179.16; 2203.29
784; 0.379147601844516; 29503.6551833851; 26995.58; 2176.39
785; 0.386841234532654; 29256.3463201893; 26683.71; 2187.39
786; 0.388539837818083; 29036.5641169867; 26493.05; 2152.56
787; 0.397248197457197; 28743.4137982858; 26188.86; 2113.84
788; 0.406844407525065; 28593.0853904707; 25983.73; 2107.59
789; 0.419239346502243; 28339.1402450267; 25688.89; 2076.74
790; 0.417616580006884; 28147.8631222065; 25487.98; 2091.79
791; 0.417440757900814; 27873.818730038; 25207.77; 2096.99
792; 0.41673364322322; 27681.2420633474; 25031.42; 2087.3
793; 0.417847553198432; 27393.0471289142; 24755.37; 2071.8
794; 0.414546112235123; 27222.8119891636; 24595.29; 2079.93
795; 0.407001009580047; 26921.9965864729; 24368.8; 2058.43
796; 0.400439405061952; 26589.3410897028; 24109.89; 2031.6
797; 0.399489453453151; 26368.1051789354; 23924.87; 2006.62
798; 0.391666002649889; 26024.5139318346; 23694.24; 1952.01
799; 0.39308398640226; 25857.6984378366; 23559.92; 1917.6
800; 0.382365344265097; 25582.1264603456; 23330.98; 1931.1
801; 0.382825371302028; 25376.2192349921; 23179.6; 1881.4
802; 0.387633449730081; 25155.2754674987; 22915.74; 1893.7
803; 0.383911179859512; 25004.0148609921; 22785.38; 1893.43
804; 0.386678682738514; 24829.0235528944; 22570.35; 1913.07
805; 0.389795988789514; 24702.5817769432; 22419.07; 1918.15
806; 0.399392690877434; 24500.7190253073; 22228.41; 1862.4
807; 0.400898212525829; 24359.6176250104; 22095.43; 1848.48
808; 0.412569255667337; 24195.7702611636; 21865.12; 1848.56
809; 0.407443206619857; 24036.9241978795; 21712.15; 1866.74
810; 0.405631779665186; 23797.9080560537; 21525.19; 1832.68
811; 0.404698390896689; 23634.9895236835; 21407.8; 1799.59
812; 0.406531983192533; 23410.5549685078; 21226.07; 1756.56
813; 0.411516868218533; 23271.9586634941; 21103.53; 1722.03
814; 0.402541769297742; 23064.5232623072; 20903.61; 1753.76
815; 0.399473629707108; 22896.7094075531; 20815.73; 1701.53
816; 0.401095708515126; 22658.0564980702; 20652.66; 1632.73
817; 0.409139359912172; 22462.7118887591; 20486.34; 1577.21
818; 0.412969840485973; 22339.7346103148; 20367.46; 1559.09
819; 0.409751262368444; 22124.2950267862; 20176.04; 1551.9
820; 0.40859651223791; 21976.1332901973; 20025.18; 1558.09
821; 0.417971879091914; 21790.3002277558; 19862.23; 1504.84
822; 0.405497149339417; 21649.8129104493; 19734.32; 1540.57
823; 0.406988446092896; 21474.9623221285; 19539.11; 1550.84
824; 0.41268393344083; 21380.1190583685; 19429.09; 1541.03
825; 0.413069284576008; 21205.9027487344; 19307.33; 1498.15
826; 0.407618919875507; 21075.6721383908; 19177.34; 1517.99
827; 0.404154346637133; 20889.6602272482; 19029.85; 1500.08
828; 0.396775191093316; 20764.2674302864; 18911.84; 1522.06
829; 0.398218021726885; 20592.9062101898; 18750.36; 1508.31
830; 0.405240390262437; 20438.431323951; 18576.45; 1497.71
831; 0.402902576048365; 20329.2908415847; 18485.28; 1491.14
832; 0.410606012225132; 20161.9726745988; 18302.12; 1475.02
833; 0.416916273522861; 20053.7975290074; 18184.48; 1459.38
834; 0.415194345286327; 19892.8718075356; 18065.08; 1432.23
835; 0.421343721651322; 19803.8862161569; 17948.75; 1432.07
836; 0.428871760632741; 19644.9453411247; 17776.09; 1416.97
837; 0.424111991772133; 19531.5573976702; 17677.24; 1421.91
838; 0.42170377021113; 19336.7879403507; 17517.25; 1403.39
839; 0.424139164100395; 19130.2839840914; 17350.64; 1365.71
840; 0.428813544670975; 19055.3928620712; 17275.95; 1350.67
841; 0.425609143737539; 18889.0808330721; 17113.75; 1359.23
842; 0.434406119442584; 18814.1538722785; 17012.92; 1350.83
843; 0.422746145499162; 18634.0578800416; 16879.81; 1351.53
844; 0.431159959839593; 18518.4748082973; 16814.22; 1287.1
845; 0.428745612868815; 18343.7416678228; 16674.34; 1267.55
846; 0.436262199031236; 18264.4800626004; 16566.03; 1267.1
847; 0.420405232536298; 18070.5678266814; 16413.04; 1282.88
848; 0.428363968830426; 17911.1526000717; 16249.74; 1261.71
849; 0.436964528083186; 17824.1543310254; 16140.89; 1252.82
850; 0.428516866585511; 17631.4059179598; 15974.76; 1256.99
851; 0.423625196016398; 17531.889516913; 15875.33; 1271.15
852; 0.418915493004883; 17356.5270954822; 15706.41; 1280.11
853; 0.41769218060717; 17240.0302090929; 15604.99; 1271.84
854; 0.413928878473702; 17061.3574254257; 15464.05; 1253.46
855; 0.406799263783122; 16862.2181265675; 15311.47; 1237.97
856; 0.410208335361744; 16739.7625630249; 15209.03; 1211.6
857; 0.40629629886535; 16536.3180809824; 15066.6; 1174.24
858; 0.416143125027396; 16413.7979797835; 14955.25; 1137.52
859; 0.420147342817839; 16212.8319197262; 14747.77; 1131.49
860; 0.421306186084137; 16081.80883254; 14616.8; 1128.08
861; 0.407887940342277; 15900.1444559548; 14454.38; 1149.66
862; 0.399667562965903; 15709.2593889386; 14284.32; 1156.18
863; 0.398705785296911; 15574.6463417763; 14136.38; 1169.58
864; 0.389680886710399; 15354.3875185042; 13944.69; 1172.63
865; 0.381875972631659; 15219.2332315877; 13816.55; 1190.41
866; 0.37750664688281; 15032.3766808706; 13637.98; 1196.84
867; 0.372667437139188; 14801.0422015633; 13446.19; 1177.73
868; 0.384936317375479; 14658.5440026066; 13282.56; 1157.75
869; 0.382206637768567; 14379.1013247533; 13040.25; 1134.33
870; 0.377065964569929; 14183.3942387673; 12895.17; 1106.1
871; 0.376796788072017; 13887.3588762417; 12628.35; 1081.54
872; 0.37232212854456; 13691.4935162654; 12433.72; 1093.25
873; 0.381156745084698; 13388.3967191898; 12156.47; 1045.76
874; 0.39030808048366; 13103.0977410539; 11903.54; 994.18
875; 0.393729823470972; 12914.6695511871; 11727.44; 975.22
876; 0.388353183515972; 12644.2993170564; 11498.85; 953.74
877; 0.401802403489257; 12515.5112659029; 11339.83; 945.96
878; 0.408787968089934; 12299.6306431643; 11140.52; 916.48
879; 0.40500332265413; 12109.5949032218; 11002.11; 883.67
880; 0.39791451477089; 12009.4834048551; 10900.54; 900.42
881; 0.399498376415104; 11860.0552419909; 10792.24; 863.39
882; 0.397281787044821; 11756.0033911251; 10707.78; 852.11
883; 0.388414938681886; 11641.017995681; 10619.26; 849.39
884; 0.37723963704186; 11519.0748214051; 10552.94; 826.78
885; 0.375868259913704; 11458.2212956753; 10492.14; 829.56
886; 0.383700366425999; 11385.6179614762; 10420.08; 812.01
887; 0.378351030510149; 11316.824486017; 10366.96; 809.99
888; 0.369207531815683; 11233.1295985446; 10274.35; 837.73
889; 0.377138228413721; 11189.9414086157; 10227.15; 823.41
890; 0.370488846573207; 11136.0448748826; 10192.21; 821.55
891; 0.37874859700545; 11129.0038056332; 10167.41; 818.62
892; 0.388760615329519; 11140.4593246736; 10161.46; 811.84
893; 0.389536428778585; 11186.1495773577; 10190.3; 824.06
894; 0.378890151610841; 11271.5669534172; 10291.83; 833.37
895; 0.376326352258996; 11351.5701865414; 10391.99; 821.65
896; 0.366069030076135; 11516.4946215186; 10542.5; 857.22
897; 0.366597038049165; 11635.6547766275; 10647.29; 868.5
898; 0.35332045258177; 11819.2522523401; 10838.53; 894.02
899; 0.352177842498182; 12036.4084889911; 11030.23; 920.05
900; 0.344304912767391; 12146.2862110391; 11144.57; 936.76
901; 0.356191613840179; 12309.8752092326; 11300.69; 912.13
902; 0.377112480527658; 12428.8222005869; 11391.62; 885.3
903; 0.376861466961762; 12477.5362792129; 11455.69; 872.63
904; 0.377084042904048; 12511.6196250688; 11482.38; 878.28
905; 0.375099440017961; 12496.7089507343; 11474.29; 876.96
906; 0.357428428665779; 12373.0691339144; 11387.9; 886.64
907; 0.380876146092605; 12259.8844043972; 11244.54; 857.4
908; 0.379494442827667; 12122.9290093122; 11114.83; 854.24
909; 0.37958059960781; 11882.0424798321; 10877.3; 851.09
910; 0.369963528541675; 11559.1816099915; 10556.51; 871.27
911; 0.371368627623252; 11331.3014000585; 10325.88; 870.21
912; 0.387748160471617; 10966.327282037; 9960.45; 833.69
913; 0.408638200744575; 10700.9557653952; 9708.63; 780.31
914; 0.411317536717536; 10282.3914007717; 9290; 775.15
915; 0.395105820214558; 9844.28505299879; 8905.77; 763.02
916; 0.386355604560572; 9565.01701653733; 8674.43; 740.33
917; 0.385256393024156; 9164.99917140985; 8333.19; 693.35
918; 0.388714453769538; 8788.96194906406; 8013.41; 640.6
919; 0.386871023130907; 8549.79395327349; 7803.98; 618.89
920; 0.375641081431834; 8198.06643368954; 7521.4; 578.22
921; 0.356191604477305; 7883.85759790791; 7250.21; 570.95
922; 0.377278792912353; 7697.66545562324; 7064.07; 538.94
923; 0.380448378286482; 7402.79481835137; 6779.81; 525.43
924; 0.377229883953135; 7211.35633588191; 6599.38; 520.48
925; 0.39309293279623; 6951.72083878298; 6324.28; 512.03
926; 0.381400489349872; 6662.14019503039; 6102.66; 470.52
927; 0.382657891484434; 6501.7702008951; 5949.94; 462.5
928; 0.362811037055829; 6221.67246165493; 5699.48; 461.54
929; 0.36534361528763; 5931.32794898005; 5449.7; 422.68
930; 0.365390755159939; 5733.63413880731; 5275.91; 401.61
931; 0.365974709647931; 5404.68414121488; 4983.09; 369.27
932; 0.372937177340094; 5030.23491267944; 4654.96; 322.52
933; 0.359422819691673; 4746.454272239; 4376.7; 329.68
934; 0.358021992167139; 4290.21216734499; 3953.18; 301.64
935; 0.368724355568303; 3800.70371911898; 3507.18; 255.05
936; 0.353328672045795; 3476.31906841827; 3203.76; 247.12
937; 0.350787079603418; 2995.14591144244; 2749.24; 224.54
938; 0.346690834043836; 2550.98602171377; 2333.25; 201.14
939; 0.344284351100732; 2292.1407914285; 2085.85; 191.88
940; 0.344738538486816; 1970.03427389525; 1798.64; 159.19
941; 0.359046220503885; 1733.96426703392; 1573.96; 142.67
942; 0.351824743141136; 1617.7468773145; 1476.47; 128.54
943; 0.368349527172244; 1500.18515279263; 1381.65; 103
944; 0.341304162855646; 1441.43180664264; 1341.93; 93.3
945; 0.308356384687703; 1426.33017700906; 1339.12; 90.5
946; 0.293329779850701; 1439.56302550986; 1362.01; 84.59
947; 0.378398048177688; 1495.82476188574; 1409.24; 73.2
948; 0.366574320311454; 1543.53028445454; 1447.77; 83.56
949; 0.296142230244522; 1611.54360688694; 1525.82; 92.58
950; 0.292812796070016; 1712.2119559323; 1611.6; 109.88
951; 0.292407590382614; 1779.32005612263; 1667.43; 122.35
952; 0.320803474540869; 1895.04460066049; 1752.74; 141.82
953; 0.341921368486362; 2010.00306833862; 1847.7; 151.74
954; 0.322875173492207; 2064.59096716707; 1919.43; 143.7
955; 0.324096730332278; 2162.90785862355; 2012.28; 148.53
956; 0.355677074135753; 2263.4678893734; 2085.09; 160.26
957; 0.376619740329287; 2335.72305348062; 2132.33; 172.55
958; 0.379314053251865; 2420.69919483977; 2211.58; 176.13
959; 0.387250226905707; 2490.35305121428; 2290.82; 164.59
960; 0.369629102243607; 2529.20763682422; 2331.75; 170.62
961; 0.368207842459428; 2606.77177076789; 2382.74; 194.31
962; 0.35173825089069; 2650.51831707269; 2424.56; 205.13
963; 0.354812110405341; 2681.79703365257; 2452.7; 206.15
964; 0.33583591566669; 2703.52515372335; 2493.56; 199.59
965; 0.33575198644545; 2726.43689590562; 2513.33; 202.6
966; 0.32774350975508; 2739.28613741312; 2530.04; 203.77
967; 0.324970737556754; 2746.9664958014; 2545.42; 197.92
968; 0.318559248888737; 2743.92270374292; 2537.85; 206.41
969; 0.320740826351213; 2750.93655071508; 2539.31; 210.51
970; 0.325153462652839; 2748.68586203924; 2543.16; 201.64
971; 0.331793235790559; 2752.25830001118; 2524.99; 218.48
972; 0.333117289103352; 2738.88362850571; 2507.74; 221.3
973; 0.315943010900446; 2731.86926825154; 2509.73; 224.21
974; 0.339881598214776; 2716.90552960736; 2476.44; 225.59
975; 0.349233597639602; 2701.14934041609; 2472.47; 208.76
976; 0.317387792852245; 2668.95417557539; 2463.32; 206.53
977; 0.336022379373458; 2634.89083852576; 2428.02; 196.23
978; 0.33725350262087; 2597.53307055006; 2423.38; 164.57
979; 0.321968902327439; 2559.62186189518; 2400.67; 157.32
980; 0.33367343284003; 2528.86843719055; 2369.08; 152.58
981; 0.32862936577492; 2490.67600462535; 2337.47; 148.52
982; 0.313938558594982; 2442.66666819908; 2293.89; 150.96
983; 0.362554276735623; 2434.70336478319; 2268.26; 146.22
984; 0.337370631092192; 2404.97243496322; 2240.62; 155.14
985; 0.338269388541974; 2371.39406897206; 2187.2; 173.39
986; 0.385994182705297; 2342.84782192685; 2152.23; 157.23
987; 0.38471745994891; 2318.40924217871; 2134.01; 152.59
988; 0.395544717820861; 2280.8094099175; 2095.42; 149.19
989; 0.390426829113419; 2245.32907053572; 2059.48; 151.5
990; 0.388911352102553; 2209.17683683725; 2028.21; 148.08
991; 0.414308474251067; 2172.7459491603; 1982.8; 145.88
992; 0.395135733404754; 2122.60636549297; 1952.43; 137.02
993; 0.356156730158093; 2077.10960761988; 1909.8; 149.44
994; 0.340311133526238; 2046.09552493823; 1886.62; 149.06
995; 0.342857213375901; 2005.893266667; 1850.76; 143.91
996; 0.334501201713185; 1969.94655197969; 1812.21; 149.96
997; 0.332971921051169; 1927.57956636147; 1775.25; 145.47
998; 0.343439550466046; 1907.72974673005; 1755.91; 140.55
999; 0.376988695419788; 1875.07417397312; 1713.88; 135.93
1000; 0.399257378685295; 1835.60962613421; 1692.66; 113.81
1001; 0.431340590061889; 1809.05879359949; 1657.28; 111.84
1002; 0.426979727024648; 1767.29919348406; 1625.62; 105.45
1003; 0.399371123397166; 1713.51362302594; 1586.6; 100.98
1004; 0.377432311103682; 1668.51126793445; 1551.04; 98.89
1005; 0.370799059535306; 1634.19842160816; 1523.9; 94.5
1006; 0.322284329377802; 1572.72927950595; 1487.13; 84.37
1007; 0.321910612466437; 1531.7090850942; 1437.91; 92.55
1008; 0.296595666388862; 1496.28753196434; 1400.71; 102.34
1009; 0.287668767242767; 1465.38362815604; 1369.24; 106.13
1010; 0.31510055971895; 1427.92043675582; 1345.81; 82.74
1011; 0.308233307778978; 1390.84622298789; 1307.09; 86.27
1012; 0.30143501171915; 1355.63571457998; 1273.07; 86.95
1013; 0.296783837805136; 1335.27072943148; 1250.96; 90.17
1014; 0.254987009383557; 1290.52934708716; 1215.04; 93.96
1015; 0.247661907348892; 1258.11833558936; 1195.87; 79.76
1016; 0.294334538026225; 1238.28665431791; 1171.86; 71.61
1017; 0.318069254101322; 1218.97795780306; 1144.22; 74.57
1018; 0.383069211906655; 1196.31969177616; 1118.71; 64.27
1019; 0.361687851105822; 1164.92700196699; 1086.1; 69.13
1020; 0.375425467221292; 1141.85215462588; 1052.53; 75.46
1021; 0.39550536394487; 1118.75154254307; 1035.34; 66.88
1022; 0.353449964218159; 1083.05496521909; 999.22; 75.21
1023; 0.300771313783329; 1043.18639841877; 979.21; 67.44
1024; 0.244229547344987; 1011.62051580426; 959.45; 67.72
1025; 0.195103827179539; 987.173679748041; 950.04; 60.33
1026; 0.14472252153687; 955.990709079788; 930.95; 54.84
1027; 0.0874078664424232; 921.988286987063; 907.82; 51.37
1028; 0.17194530958801; 908.539329743284; 877.81; 56.63
1029; 0.116983668645373; 882.990599090119; 860.59; 60.67
1030; 0.158701413545278; 862.816444140292; 830.06; 65.39
1031; 0.215983714843328; 845.868334115595; 804.76; 60.29
1032; 0.246975059187849; 831.335398395629; 776.76; 69.99
1033; 0.309155484985768; 818.010992451219; 765.19; 54.11
1034; 0.312977962008196; 809.126777910311; 757.11; 52.63
1035; 0.328980478807493; 795.799094254288; 751.32; 42.81
1036; 0.259814711645866; 770.747902660715; 735.83; 42.55
1037; 0.204261367942802; 744.748381100867; 726.94; 27.6
1038; 0.17001675806328; 731.954679575275; 715.75; 30.17
1039; -0.193630838784369; 620.78300342463; 669.67; 79.91
1040; -0.38520123273658; 725.783207083274; 695.28; -25.06
1041; 0.535673973703952; 725.783207083274; 633.81; 54.33
