# 08/03/2019 17:40:24
# NanoCalc data
# Original file name: C:\SVA_DATA\StudentProjects\2018_Nathan\PSswelling_080319\PSswelling2_748.dat
# Fit Result : Fitness; Thickness 1; Thickness 2; Thickness 3 
# Fit Result : 24.240611021479; 2; 370; -1
# comment:PS ID:349 ref:withoptics.ref slowslow2 start 15:37
#
# WaveLength; Reflectance; Raw Intensity; Dark Intensity; Reference Intensity
400; 0.483552376209091; 4601.61152049752; 3869.39; 734.26
401; 0.470361727285718; 4734.31121525708; 4006.64; 746.92
402; 0.446774855042335; 4816.67623126318; 4085.87; 786.28
403; 0.429705594630046; 4918.42162501343; 4170.5; 833.19
404; 0.42948749496093; 5029.17722211248; 4276.9; 834.94
405; 0.432297913453599; 5216.67489682253; 4420.61; 874.39
406; 0.431107696504535; 5337.10743113645; 4512.32; 904.88
407; 0.4232118507522; 5444.65618714864; 4618.2; 920
408; 0.40880086902965; 5544.63100100381; 4719.05; 947.65
409; 0.399479326740587; 5647.80850738231; 4825.46; 962.39
410; 0.40977779896243; 5829.67040112504; 4957.25; 991.61
411; 0.412976948622353; 5932.29979219586; 5054.41; 986.6
412; 0.408585949912539; 6004.79771971007; 5122.07; 999.14
413; 0.401757143075585; 6085.28835069469; 5198.54; 1017.35
414; 0.380372463324945; 6181.89102225315; 5328.84; 1030.24
415; 0.374005792958253; 6266.40656492485; 5407.41; 1051.61
416; 0.373629852170503; 6341.05731477975; 5484.24; 1046.5
417; 0.369678986411592; 6418.2097292685; 5557.11; 1059.45
418; 0.357062183225382; 6545.19263450412; 5686.9; 1089.66
419; 0.345420942035949; 6611.671917766; 5778.65; 1089.96
420; 0.340935208614053; 6711.66585083632; 5873.63; 1107.63
421; 0.330015399479849; 6826.12376861341; 5999.37; 1125.58
422; 0.321252629677489; 6981.95775743553; 6161.07; 1144.72
423; 0.310800632461135; 7089.50029731391; 6283.37; 1158.5
424; 0.300625064606747; 7211.74012403669; 6410.67; 1186.66
425; 0.290603258163925; 7353.53354683674; 6557.12; 1217.13
426; 0.279986316361025; 7555.8667872914; 6756.41; 1264.66
427; 0.271190413004692; 7695.94079775951; 6894.52; 1305.3
428; 0.262222813890304; 7826.41621004429; 7042.42; 1316.97
429; 0.250166284085414; 7940.52044205651; 7172.4; 1349.15
430; 0.25245177459927; 8154.65532567533; 7362.29; 1375.69
431; 0.244654708993782; 8286.21347666816; 7500.15; 1404.78
432; 0.241019692918926; 8397.43395198546; 7593.7; 1454.39
433; 0.234868338986956; 8486.39123474429; 7693.05; 1469.65
434; 0.225352667141697; 8622.42758054563; 7850.92; 1485.96
435; 0.219380782536203; 8710.65314050391; 7946.36; 1508.87
436; 0.21460338081532; 8784.37639218194; 8021.43; 1536.4
437; 0.221313335732553; 8917.7188856253; 8119.95; 1554.23
438; 0.212884526372859; 9065.99628136001; 8283.29; 1581.59
439; 0.210235593582533; 9140.66315212246; 8354.04; 1605.86
440; 0.202519400736693; 9215.85593602826; 8452.56; 1613.9
441; 0.206909570889217; 9334.49638424632; 8550.95; 1617.96
442; 0.201618194832112; 9476.87599173652; 8688.97; 1665.9
443; 0.199522918067791; 9581.17524688266; 8792.56; 1681.21
444; 0.195764032887431; 9720.0637106033; 8949.24; 1671.17
445; 0.188311895909307; 9828.59441319445; 9085.03; 1672.09
446; 0.180551490603308; 9995.43817935208; 9265.24; 1708.7
447; 0.17548909471569; 10168.2268125718; 9440.26; 1748.86
448; 0.171444436866392; 10342.0959385208; 9630.23; 1746.72
449; 0.162924004082922; 10589.4199538297; 9885.28; 1814.28
450; 0.159802301124438; 10778.0965904833; 10081.11; 1827.01
451; 0.163055753439699; 10982.0957314634; 10255.69; 1862.38
452; 0.163134430019361; 11173.4703452943; 10424.07; 1916.49
453; 0.162309998120429; 11507.5194167254; 10737.48; 1975.37
454; 0.161764958363968; 11749.6930134535; 10963; 2020.88
455; 0.164551844500337; 11973.5493585008; 11156.94; 2058.18
456; 0.165723624525969; 12209.0885694284; 11369.12; 2098.01
457; 0.164949874506104; 12583.2911963742; 11721.72; 2157.98
458; 0.168006929155722; 12863.662041356; 11971.21; 2190.45
459; 0.167181337425348; 13104.9002002775; 12197.34; 2234.36
460; 0.16282650435925; 13341.525224091; 12451.85; 2244.7
461; 0.168000011988383; 13719.0983144768; 12770.64; 2315.01
462; 0.167182863789308; 13945.170302225; 12991.06; 2335.82
463; 0.165599707121116; 14146.4333074027; 13180.57; 2382.87
464; 0.171416397036562; 14542.4841163922; 13511.27; 2453.29
465; 0.17435475935922; 14800.9634251757; 13729.67; 2501.36
466; 0.17298883318508; 15054.7725710439; 13965.54; 2558.83
467; 0.177292102764843; 15335.5286932312; 14207.98; 2580.21
468; 0.180384174840021; 15879.9895421198; 14678.16; 2698.49
469; 0.182146609609829; 16230.0197170334; 14993.1; 2745.87
470; 0.180364667953714; 16572.2797423031; 15322.49; 2797.27
471; 0.187953606171198; 17046.2042103001; 15732.43; 2817.13
472; 0.19085260452548; 17742.4568927989; 16372.18; 2888.96
473; 0.191281165906196; 18231.7215622761; 16816.37; 2972.52
474; 0.193597947141213; 18770.7148923748; 17311.54; 3023
475; 0.198083260447056; 19701.9525445572; 18143.65; 3150.22
476; 0.201528061257306; 20323.0040841827; 18682.99; 3253.44
477; 0.206912098147658; 21015.2193295704; 19269.42; 3367.82
478; 0.210502343702698; 21801.5471477155; 19967.43; 3472.23
479; 0.215091232616001; 22954.6677636119; 20949.15; 3709.93
480; 0.219309352936738; 23791.680864884; 21691.29; 3804.75
481; 0.225571566641736; 24606.7075661834; 22361.32; 3948.55
482; 0.236291824046771; 25881.5049803482; 23416.42; 4131.99
483; 0.235162401899809; 26651.3169334059; 24128.61; 4242.65
484; 0.238848271651272; 27448.1909901713; 24824.01; 4338.71
485; 0.24094742588652; 28245.7356549282; 25545.04; 4419.68
486; 0.24224458840252; 29341.6299899938; 26517.16; 4590.47
487; 0.244319945367694; 30025.5028964927; 27144.88; 4634.96
488; 0.251770352156557; 30751.6920400137; 27734.19; 4704.39
489; 0.254700563098553; 31410.4154750577; 28301.4; 4784.45
490; 0.254136157308348; 32322.4387096861; 29129.5; 4917.45
491; 0.255612043186352; 32884.302193798; 29620.01; 4991.8
492; 0.259956417771729; 33440.2053973503; 30076.82; 5050.77
493; 0.263326938193338; 34202.3370288833; 30727.18; 5145.3
494; 0.266191518323241; 34668.9823971778; 31131.56; 5174.67
495; 0.273066762226965; 35173.2448000559; 31508.11; 5219.97
496; 0.27477645931402; 35811.0839962733; 32056.49; 5307.57
497; 0.28046973808078; 36259.897143178; 32397.48; 5342.56
498; 0.282650285775072; 36642.4883522729; 32734.99; 5356.59
499; 0.283037741309472; 37066.0917309817; 33093.5; 5431.5
500; 0.292696107803276; 37716.2716999947; 33580.19; 5461.63
501; 0.29854936167054; 38151.9259366164; 33912.63; 5481.08
502; 0.303452852137796; 38585.5135252024; 34262.4; 5491.88
503; 0.30526102824698; 39191.2524086799; 34758.54; 5590.61
504; 0.311396613611697; 39676.6723661015; 35092.98; 5659.87
505; 0.314684000648013; 40150.9026139009; 35469.61; 5713.19
506; 0.319488509762771; 40657.6394763569; 35860.16; 5760.06
507; 0.326118044089171; 41371.5618119783; 36434.09; 5800.95
508; 0.328353764182011; 41847.0710251303; 36816.82; 5862.95
509; 0.330642859433766; 42343.5210599705; 37220.5; 5923.17
510; 0.33351298195666; 43099.1823506762; 37815.45; 6049.54
511; 0.340799513944561; 43692.2173652361; 38193.07; 6154.56
512; 0.33942565712405; 44153.2750827842; 38664.27; 6161.05
513; 0.342096630341691; 44861.7261687963; 39275.75; 6213.99
514; 0.341274353170694; 45328.4112182348; 39688.32; 6282.11
515; 0.34467327678419; 45876.4318110448; 40099.69; 6363.71
516; 0.347132457959253; 46342.6830437743; 40486.93; 6397.69
517; 0.347534204763673; 47097.3797768853; 41096.3; 6541.34
518; 0.349377505897794; 47614.649474124; 41496.14; 6626.65
519; 0.348342518554317; 48097.6775104179; 41917.64; 6705.56
520; 0.350094243745886; 48844.8238395541; 42548.12; 6790.4
521; 0.349006383692514; 49356.8271051065; 42977.56; 6893.52
522; 0.348841173684161; 49848.2306493336; 43423.9; 6938.08
523; 0.350292267683672; 50596.8016695907; 44015.23; 7071.04
524; 0.350860172287512; 51140.7721651502; 44459.88; 7158.61
525; 0.34998280518518; 51562.5770871582; 44853.54; 7199.39
526; 0.352518914296583; 52236.115463306; 45445.09; 7227.5
527; 0.352337598196234; 52647.3441433899; 45749.02; 7338.26
528; 0.352669300266848; 53052.2744149048; 46051.59; 7432.64
529; 0.355205151766369; 53396.5556428178; 46325.08; 7446.85
530; 0.360587473249007; 53935.1592234952; 46663.24; 7536.36
531; 0.363631784883645; 54232.6217196437; 46895.43; 7533.44
532; 0.364959829022009; 54463.1563607664; 47103.5; 7522.1
533; 0.369302458463604; 54840.7427888035; 47350.71; 7558.38
534; 0.37200700624342; 55060.2830141925; 47499.48; 7567.35
535; 0.37476501573541; 55319.9890447068; 47665.71; 7596.56
536; 0.375927111393483; 55674.1000937327; 47956; 7628.39
537; 0.375752004386711; 55908.4303043613; 48154.07; 7659.54
538; 0.37646690219721; 56128.1033704305; 48333.48; 7676.39
539; 0.378952471053913; 56480.0532704625; 48638.4; 7664.33
540; 0.379530581327589; 56718.6344442575; 48781.81; 7737.72
541; 0.37849287964275; 56987.2287261219; 49000.63; 7801.09
542; 0.382772820876189; 57409.7291588955; 49330.89; 7796.44
543; 0.382807268114092; 57647.9801617216; 49574.67; 7784.29
544; 0.385328182956962; 57936.007874924; 49814.41; 7773.5
545; 0.387177684026952; 58374.8569875415; 50138.07; 7839.71
546; 0.38501569527835; 58688.6112856968; 50409.36; 7917.92
547; 0.386342131288791; 59018.0499084242; 50662.12; 7956.91
548; 0.386430539619339; 59576.4273060626; 51154.89; 8010.79
549; 0.386211061332568; 59882.5907213939; 51448.39; 8020.41
550; 0.383452091467091; 60201.9634783781; 51787.69; 8052.21
551; 0.381605800275914; 60535.7429052553; 52108.28; 8096.98
552; 0.38312009501281; 61055.1962021; 52532.52; 8149.17
553; 0.383380469018011; 61354.8496032423; 52882.77; 8088.61
554; 0.386118820975556; 61707.9958395966; 53142.48; 8112.9
555; 0.385161863660027; 62220.6777531645; 53645.5; 8135.28
556; 0.384771871462114; 62529.9061826221; 53968.23; 8123.54
557; 0.3844937557294; 62868.9159520646; 54277.78; 8150.4
558; 0.383607077731543; 63418.7770318097; 54687.44; 8295.43
559; 0.385488992372409; 63875.345487134; 55059.41; 8327.75
560; 0.386587065619646; 64342.4730187093; 55464.5; 8355.33
561; 0.386454816171671; 65188.0160460726; 56171.38; 8481.63
562; 0.384763374502969; 65746.2444834001; 56732.23; 8509.08
563; 0.384719499148116; 66333.8627755297; 57284.76; 8536.23
564; 0.382404779385372; 67288.4376879303; 58131.67; 8683
565; 0.380299564844511; 67877.9841216729; 58723.39; 8722.57
566; 0.38246213944431; 68464.1225371692; 59260.3; 8713.46
567; 0.380706030783897; 69193.8689886008; 59968.19; 8768.43
568; 0.380358670456032; 69580.4385085778; 60312.67; 8810.43
569; 0.377688104276543; 69769.7039647159; 60536.87; 8832.97
570; 0.3774214538835; 69902.0696619715; 60654.49; 8847
571; 0.376633970357553; 69879.1945976822; 60645.86; 8845.03
572; 0.376699726843966; 69791.1189478709; 60593.21; 8802.53
573; 0.377426318443449; 69505.9907331106; 60388.41; 8701.9
574; 0.374388855452063; 69235.0704845362; 60192.1; 8693.52
575; 0.375910754272026; 68867.7565624266; 59917.07; 8563.1
576; 0.373578389461387; 68606.3958302689; 59761.86; 8507.77
577; 0.374942126215984; 68442.152621151; 59641.09; 8428.61
578; 0.376387544269005; 68184.707388086; 59423.5; 8351.72
579; 0.375507229858735; 68057.3726694342; 59274.96; 8385.25
580; 0.374888581551409; 67912.4323765759; 59125.77; 8396.82
581; 0.375682192471838; 67745.8037961353; 58924.46; 8406.26
582; 0.37646531483276; 67630.0904892815; 58842.88; 8350.45
583; 0.374251255145771; 67508.7115424188; 58773.45; 8344.55
584; 0.373604312211898; 67351.4708395463; 58634.76; 8335.83
585; 0.372810028801812; 67268.310258939; 58543.05; 8356.35
586; 0.367097306008997; 67164.3296183116; 58471.96; 8448.9
587; 0.3634580217547; 66913.4157004691; 58404.36; 8348.32
588; 0.36114103970182; 66782.589100613; 58360.19; 8311.12
589; 0.360915893806495; 66707.9008741912; 58331.89; 8265.55
590; 0.354711206068617; 66571.8165556901; 58337.01; 8263.17
591; 0.354451511784398; 66501.4103548933; 58293.38; 8237.16
592; 0.354698703309116; 66520.2314153169; 58296.42; 8242.06
593; 0.355093447491721; 66601.4581877463; 58354.29; 8251.08
594; 0.355180542093196; 66620.522757674; 58474.67; 8142.58
595; 0.355871501664866; 66897.67429521; 58691.02; 8182.26
596; 0.356573939214095; 67147.2352343207; 58910.07; 8191.32
597; 0.352286949516336; 67368.2128111436; 59148.04; 8268.66
598; 0.352671614878466; 67949.5347545903; 59669.64; 8314.38
599; 0.351356863020916; 68446.9627543064; 60111.73; 8395.94
600; 0.346188410977899; 68903.1538464438; 60597.36; 8485.8
601; 0.34148024605427; 69683.5088027031; 61431.73; 8541.42
602; 0.338669720341555; 70370.3799946325; 62030.86; 8698.58
603; 0.337319772444097; 70992.9492549054; 62682.2; 8697.72
604; 0.333848339598412; 71902.9376751405; 63509.51; 8869.93
605; 0.335772195678863; 72570.5124671437; 64042.25; 8955.31
606; 0.334063941490207; 73181.8010815772; 64550.97; 9103.79
607; 0.332757522703717; 73894.3043240713; 65111.84; 9294.41
608; 0.330557289881752; 74243.5466659375; 65429.29; 9384.39
609; 0.326866714372057; 74631.6534958925; 65822.24; 9479.31
610; 0.324946179408159; 74720.1402152159; 65955.41; 9481.14
611; 0.323146781159795; 74809.115004412; 66022.08; 9552.58
612; 0.318759226063744; 74701.6846998894; 66019.65; 9562.45
613; 0.312018501760884; 74502.8226353912; 66016.95; 9542.42
614; 0.309936060770373; 74227.9863319087; 65905.75; 9415.73
615; 0.305270790457011; 73653.7772618119; 65585.75; 9262.15
616; 0.302860556472392; 73256.8319630221; 65316.88; 9181.97
617; 0.29704616945207; 72486.4893494084; 64768.34; 9095.05
618; 0.294893024695823; 71995.7915639337; 64373.64; 9042.15
619; 0.292124508261669; 71476.2702506865; 63985.54; 8965.65
620; 0.292724290632013; 70806.9889406987; 63448.32; 8784.82
621; 0.292070847461809; 70287.3739051966; 63011.38; 8701.12
622; 0.28996970646445; 69815.2099339458; 62594.57; 8693.06
623; 0.287906732375131; 69150.6861485376; 62070.14; 8581.34
624; 0.286463732876647; 68712.9044745501; 61741.91; 8487.03
625; 0.28537018954063; 68136.0427411085; 61215.67; 8453.6
626; 0.282729142618474; 67715.9489131795; 60906.9; 8391.25
627; 0.281193842729991; 67297.2755242274; 60552.71; 8353.36
628; 0.277151397272173; 66657.1483862273; 59996.17; 8366.11
629; 0.275454863487549; 66311.3060361652; 59718.79; 8327.32
630; 0.27292860731158; 65928.3780809524; 59494.05; 8198.99
631; 0.26805693652004; 65366.9104909195; 59130.04; 8088.35
632; 0.26466190768679; 65024.4271434347; 58876.05; 8072.41
633; 0.260677048987236; 64536.2404422446; 58511.89; 8027.04
634; 0.258825418331941; 64265.0810346098; 58308.74; 7989.54
635; 0.256467014063808; 63985.5324510193; 58140.12; 7908.54
636; 0.249912509885655; 63592.7230271835; 57915.51; 7878.13
637; 0.248200091140782; 63336.3256838884; 57722.82; 7838.74
638; 0.244586163400293; 63082.3595369821; 57474.46; 7941.82
639; 0.24022762844585; 62720.1212162418; 57165.91; 8003.89
640; 0.238791959169715; 62530.5379156765; 57008.09; 8001.12
641; 0.235584308129231; 62158.8106673718; 56758.58; 7926.46
642; 0.235804482174346; 61938.3170796176; 56539.98; 7912.17
643; 0.234703100427872; 61740.8513488857; 56371.02; 7903.44
644; 0.231572501031657; 61370.2564835483; 56100.39; 7857.3
645; 0.227062076643468; 61116.3282428556; 55952.09; 7849.35
646; 0.227389407215382; 60855.910442888; 55757.04; 7735.25
647; 0.228034881812136; 60681.7609502208; 55605.78; 7675.61
648; 0.228115231679923; 60472.2032072576; 55421.19; 7632.06
649; 0.230272990793994; 60308.216310578; 55233.83; 7592.22
650; 0.227640634294259; 60126.0078522562; 55116.84; 7578
651; 0.226943548217093; 59929.423027237; 54970.38; 7521.71
652; 0.228305506940544; 59811.8734658515; 54836.02; 7498.47
653; 0.231542463162528; 59724.4091838789; 54697.14; 7466.34
654; 0.23011036758683; 59509.4524490286; 54559.48; 7393.84
655; 0.22768456765131; 59364.8724953668; 54465.02; 7393.93
656; 0.222224200035078; 59080.4784556093; 54312.69; 7368.41
657; 0.219246183812645; 58935.5645782917; 54258.2; 7324.28
658; 0.215733119104867; 58750.2342632739; 54165.73; 7293.21
659; 0.208465901683215; 58491.5229687758; 54053.82; 7302.78
660; 0.206237797350189; 58346.8173248731; 53974.86; 7269.33
661; 0.197663019293587; 58024.3229873548; 53820.55; 7288.84
662; 0.19318983836312; 57836.0780901453; 53704.12; 7326.33
663; 0.189322645004503; 57678.0351375485; 53597.59; 7378.87
664; 0.185896508935657; 57497.3275029362; 53483.1; 7388.78
665; 0.185781230951791; 57337.2118515944; 53326.55; 7383.97
666; 0.186252633797103; 57157.4932240439; 53150.66; 7355.43
667; 0.186356244380946; 56993.5060594161; 52998.89; 7326.55
668; 0.183389848893341; 56778.4035217453; 52847.85; 7323.5
669; 0.183748670934249; 56572.262503482; 52664.94; 7263.21
670; 0.182009278919993; 56408.5345651116; 52553.29; 7232.11
671; 0.179496859913904; 56128.4009247527; 52404.63; 7079.27
672; 0.176077437443112; 55934.6891339081; 52310.27; 7020.25
673; 0.171495167609681; 55686.6038365083; 52154.03; 7021.01
674; 0.170434424631894; 55401.5730606752; 51884.46; 7029.82
675; 0.17041543238301; 55200.0252307256; 51726.62; 6940.14
676; 0.164287055543319; 54827.6570095938; 51487.64; 6919.48
677; 0.162287303634153; 54543.5575401104; 51264.41; 6874.84
678; 0.161075349677651; 54075.9075830663; 50861.27; 6787.88
679; 0.160697025805912; 53805.5598231061; 50607.72; 6765.89
680; 0.158807105027621; 53469.4413824845; 50288.84; 6807.27
681; 0.154078255661789; 52976.1866684749; 49879.04; 6829.65
682; 0.150366889505869; 52616.829921661; 49603.29; 6806.66
683; 0.146804769334902; 52152.5637327094; 49190.55; 6849.95
684; 0.149124516357492; 51889.9624791034; 48851.84; 6914.18
685; 0.145589524289266; 51447.0034517345; 48496.41; 6875.35
686; 0.145500373940272; 51205.5263491203; 48259.88; 6865.56
687; 0.141264407693733; 50865.3337157439; 48015.34; 6839.14
688; 0.141171681897133; 50466.9859759605; 47660.66; 6736.35
689; 0.14044701937262; 50201.2063067372; 47430.35; 6683.12
690; 0.13634708834138; 49778.5510481253; 47114.92; 6615.1
691; 0.13337388101359; 49461.4673329885; 46875.41; 6563.05
692; 0.132370244235078; 49198.9697846061; 46671.62; 6460.16
693; 0.134067303381284; 48807.2766458047; 46240.6; 6475.1
694; 0.13360122105025; 48495.9149603428; 45936.72; 6476.21
695; 0.133289116972568; 48057.8210810229; 45505.74; 6470.6
696; 0.129665974070786; 47724.0810439324; 45255.77; 6430.36
697; 0.12842425047709; 47276.4421632748; 44881.07; 6297.83
698; 0.126483656928705; 46966.116787968; 44617.46; 6267.1
699; 0.125984568032105; 46573.9310534864; 44279.79; 6143.47
700; 0.124554914580136; 46317.8119217856; 44098.54; 6008.83
701; 0.122127981660387; 46051.7503351534; 43886.31; 5977.78
702; 0.116857122601548; 45703.6912212327; 43667.22; 5873.37
703; 0.11573595858822; 45445.8723319061; 43450.12; 5809.93
704; 0.117647713313255; 45177.7802861213; 43177.28; 5727.38
705; 0.115809221015673; 44932.5981245895; 42984.61; 5663.34
706; 0.113830891917754; 44605.1521778597; 42694.41; 5649.54
707; 0.113661205096696; 44390.7740779747; 42461.28; 5711.07
708; 0.111099416006802; 44110.860082576; 42219.65; 5724.39
709; 0.108954807313129; 43749.269595815; 41899.34; 5707.57
710; 0.108701674583761; 43487.5762055842; 41648.14; 5686.33
711; 0.103054597590859; 43094.3225348027; 41364.18; 5640.34
712; 0.102168344896041; 42819.6005998614; 41116.32; 5599.74
713; 0.102278996930683; 42455.2338122173; 40762.56; 5557.66
714; 0.099835585006197; 42137.0034715932; 40520.22; 5437.41
715; 0.0952204954534523; 41705.0188240803; 40202.88; 5294.92
716; 0.0942711095916405; 41401.0894381516; 39932.78; 5226.2
717; 0.0907560764979392; 41021.9900059618; 39629.07; 5147.84
718; 0.0859950820471118; 40474.2194159887; 39183.73; 5031.33
719; 0.0900917252689694; 40135.415927584; 38793.68; 4991.12
720; 0.09332692244876; 39648.8245739941; 38280.05; 4913.24
721; 0.0875095036944885; 39276.6625421293; 37997.72; 4894.17
722; 0.0902575608374916; 38773.7616744177; 37461.34; 4867.58
723; 0.0905145308452832; 38402.1256219922; 37089.11; 4854.17
724; 0.0890127280757609; 37902.3177831114; 36612.24; 4848.05
725; 0.0910843212451985; 37697.0188787258; 36385.09; 4816.26
726; 0.0894077555153802; 37418.8002643274; 36131.54; 4812.54
727; 0.0863161072882704; 37283.8889500556; 36040.6; 4812.86
728; 0.0844232330481129; 37138.1612818347; 35923.5; 4805.84
729; 0.0847762469874419; 37010.5568676424; 35794.86; 4788.58
730; 0.0808595454033508; 36951.8721716974; 35804.98; 4735.07
731; 0.0753733775722052; 36952.576797521; 35898.6; 4667.75
732; 0.0757672236558474; 36987.8678656037; 35931.8; 4652.12
733; 0.0778880037705631; 37024.7954251473; 35937.66; 4658
734; 0.073814514310434; 36965.3938320356; 35940.73; 4632.18
735; 0.0673328256007751; 36846.3444946442; 35910.34; 4637.56
736; 0.0649986879416746; 36759.4053987665; 35853.79; 4646.83
737; 0.0644657361539309; 36674.1213947331; 35763.82; 4707.89
738; 0.0656187903947935; 36612.0082214511; 35686.23; 4702.2
739; 0.0697392903465237; 36548.1404392283; 35566.35; 4690.32
740; 0.0657583813939435; 36439.6612550296; 35518.53; 4665.2
741; 0.0652301799533816; 36360.7371773571; 35438.57; 4706.66
742; 0.0731898372439955; 36418.1434366648; 35376.98; 4734.62
743; 0.0776644844510336; 36492.3758842004; 35384.87; 4744.52
744; 0.0801675441926607; 36696.2228491226; 35557.26; 4725.32
745; 0.0798358667991761; 36848.6531689699; 35711.59; 4735.27
746; 0.0788088421898081; 37044.3703925622; 35904.99; 4804.96
747; 0.0783489005090759; 37205.0312676742; 36064.38; 4836.75
748; 0.0830675648476905; 37484.7521227832; 36277.22; 4827.83
749; 0.0818614587974975; 37563.4337008015; 36375.65; 4817.49
750; 0.0825043939892514; 37564.0216155505; 36374; 4787.76
751; 0.0792125916802156; 37463.6961879264; 36336.55; 4723.1
752; 0.080023936915445; 37225.3574014919; 36099.96; 4667.67
753; 0.0795925664900576; 36959.401182906; 35843.88; 4651.64
754; 0.0765785056942375; 36452.7781557942; 35400.69; 4559.52
755; 0.0742161838496165; 36045.5571837425; 35033.68; 4523.71
756; 0.0724086940413146; 35405.5465155284; 34423.24; 4499.87
757; 0.0719209863862562; 35003.4447933561; 34033.43; 4471.88
758; 0.0757776798283221; 34454.8799204817; 33441.09; 4434.02
759; 0.0740080064246207; 34042.8665917693; 33053.61; 4428.1
760; 0.0746355354274557; 33670.8498380865; 32681.41; 4389.62
761; 0.0799656511640407; 33145.273860961; 32094.24; 4350.03
762; 0.0830603103842986; 32831.7429665405; 31738.87; 4352.62
763; 0.082887348329492; 32335.8965777034; 31268.89; 4256.73
764; 0.0834431491293423; 32017.467115676; 30955.78; 4205.71
765; 0.0802640684057272; 31527.6929745333; 30523.94; 4133.31
766; 0.0737221496309414; 31190.5771846855; 30282.24; 4071.93
767; 0.071530437759929; 30737.4536437624; 29889.65; 3917.14
768; 0.0688686973592603; 30452.0744336092; 29645; 3873.2
769; 0.0613308429816084; 29973.2381659586; 29266.15; 3810.18
770; 0.0596964304213737; 29703.0213417816; 29018.85; 3787.39
771; 0.055305247808128; 29312.5600644142; 28680.35; 3776.08
772; 0.0602613339547628; 29129.2120646836; 28446.72; 3739.62
773; 0.0662411112725372; 28802.5532018375; 28058.77; 3705.92
774; 0.0681235795968719; 28591.4892868964; 27829.59; 3689.54
775; 0.072801530142274; 28258.7571654439; 27439.76; 3709.91
776; 0.0747092882897206; 28063.2267561808; 27237.96; 3641.47
777; 0.0804936808090982; 27801.1871588088; 26913.56; 3634.26
778; 0.0835826973460161; 27627.3939358898; 26715.7; 3593.82
779; 0.0862429945111128; 27328.7566722109; 26401.43; 3541.9
780; 0.0838290037018943; 27113.4719083005; 26209.45; 3551.42
781; 0.08174866116758; 26837.4852891265; 25959.69; 3535.36
782; 0.0843631205147105; 26683.0244923651; 25778.2; 3530.39
783; 0.0905517272428509; 26446.6336227242; 25494.21; 3461.37
784; 0.0930022217899356; 26288.4820817447; 25318.31; 3432.1
785; 0.0956186481586601; 26036.0083122308; 25049.77; 3392.5
786; 0.0933011797758487; 25849.6458505308; 24888.1; 3388.75
787; 0.0966279601621927; 25582.7028394541; 24582.52; 3402.48
788; 0.0976466240134738; 25430.0328656731; 24429.24; 3367.97
789; 0.0963003452008259; 25139.178250908; 24166.33; 3318.75
790; 0.0932340727754981; 24929.5737416749; 23986.74; 3321.19
791; 0.0890264375485252; 24631.8791124839; 23719.03; 3366.69
792; 0.0895419389964142; 24463.9341045593; 23546.07; 3364.95
793; 0.0909729135579523; 24185.063067417; 23263.87; 3323.4
794; 0.0917459931540874; 24020.9387513793; 23096.99; 3304.73
795; 0.0941455467974525; 23781.5957135421; 22857.12; 3222.13
796; 0.0945306470578415; 23547.5772845284; 22628.84; 3188.88
797; 0.0963938943346642; 23384.9692345764; 22457.2; 3157.88
798; 0.101991746397405; 23201.510412947; 22251.53; 3055.91
799; 0.103396721154207; 23074.7368676068; 22129.09; 3000.25
800; 0.106861342527174; 22898.7749001037; 21918.26; 3009.63
801; 0.105979500999171; 22708.697401929; 21741.23; 2993.24
802; 0.111797219765942; 22515.0802108297; 21479.09; 3037.38
803; 0.110069378800412; 22353.0368733856; 21336.34; 3026.35
804; 0.104869954470413; 22131.6843737704; 21187.49; 2948.75
805; 0.108861769951257; 22008.0062762042; 21034.56; 2927.88
806; 0.110322704344052; 21811.8709582834; 20836.79; 2893.22
807; 0.111043048603491; 21686.8234828375; 20715.72; 2862.27
808; 0.114333499734371; 21515.7541385938; 20539.9; 2792.96
809; 0.116226856978045; 21405.1457809238; 20424.64; 2760.03
810; 0.12087671906176; 21220.8248676382; 20224.7; 2695.53
811; 0.12251752260734; 21106.0312943975; 20091.86; 2706.83
812; 0.126716022911212; 20926.9471340403; 19884.31; 2689.74
813; 0.122903213939169; 20796.3701685; 19793.26; 2667.28
814; 0.126113910132967; 20641.1692710232; 19615.6; 2656.72
815; 0.129556317869731; 20545.2060759562; 19510.51; 2608.64
816; 0.13191840477824; 20379.657880988; 19316.71; 2631.29
817; 0.127565411898162; 20186.6974279993; 19151.29; 2650.15
818; 0.128210949066524; 20059.0914214863; 19034.43; 2609.02
819; 0.133877827079869; 19875.1547689161; 18814.23; 2586.51
820; 0.133258802436842; 19736.7186256272; 18689.96; 2563.25
821; 0.135578065568471; 19565.7549901202; 18518.27; 2520.42
822; 0.135703080766419; 19442.3773849241; 18404.2; 2495
823; 0.135729785588052; 19278.0509412114; 18260.87; 2443.43
824; 0.137955096131171; 19178.1917615163; 18158.8; 2408.62
825; 0.140393120830244; 19036.1749112961; 18009.86; 2382.79
826; 0.141725381440151; 18957.022458738; 17931.53; 2358.5
827; 0.141351146327251; 18825.6615630136; 17798.05; 2369.86
828; 0.145537501379349; 18744.2024914502; 17684; 2374.92
829; 0.143163866819457; 18579.6786854469; 17555.02; 2333.13
830; 0.140281871665195; 18422.1012134509; 17403.79; 2366.16
831; 0.139876997689628; 18315.7560044824; 17305.83; 2352.33
832; 0.14165088260364; 18200.2183164121; 17198.16; 2303.66
833; 0.140065752951067; 18092.8281386056; 17119.37; 2262.14
834; 0.134496908272794; 17936.4794945101; 17011.62; 2237.18
835; 0.13642058714935; 17858.1386384831; 16937.08; 2196
836; 0.146905707690258; 17781.7457375165; 16817.17; 2135.06
837; 0.151576370589952; 17719.0403779519; 16729.78; 2122.5
838; 0.15058699280897; 17554.9804914474; 16579.8; 2106.31
839; 0.159888933109509; 17441.2489114771; 16431.87; 2054.8
840; 0.157172081990119; 17348.2778979165; 16338.43; 2091.29
841; 0.162850553120607; 17229.0473130486; 16176.85; 2105.39
842; 0.159214905253628; 17128.1705053743; 16100.15; 2103.51
843; 0.152987012074465; 16955.2331719943; 15963.29; 2111.77
844; 0.151854646561654; 16862.1544067527; 15892.03; 2080.25
845; 0.156735491502008; 16718.4058053201; 15721.29; 2071.01
846; 0.155543139359371; 16635.3206615109; 15640.73; 2081.13
847; 0.155181394746787; 16502.4223499325; 15512.12; 2076.45
848; 0.157617479045474; 16379.8143422129; 15379; 2065.59
849; 0.160057661520633; 16284.415108789; 15291.55; 2017.42
850; 0.166569295351358; 16134.3847949361; 15122.34; 1975.49
851; 0.16912727207415; 16052.6809993409; 15033.42; 1959.04
852; 0.166391890613563; 15885.3879003848; 14892.72; 1938.79
853; 0.164102910280464; 15779.8013618423; 14821.77; 1896.81
854; 0.164274921445129; 15608.9387361818; 14666.47; 1863.56
855; 0.167113085918475; 15415.4737257598; 14480.87; 1816.21
856; 0.165868242308072; 15317.2512916125; 14373.72; 1846.96
857; 0.174234571387191; 15184.3115249797; 14195.76; 1841.75
858; 0.177043391396809; 15100.6901236865; 14085.44; 1861.12
859; 0.17657718284449; 14925.3073005241; 13917.36; 1852.25
860; 0.178669080342051; 14815.3492330909; 13810.98; 1823.65
861; 0.181283044268163; 14671.7614637553; 13662.8; 1805.22
862; 0.176610942446431; 14507.2093257356; 13537.19; 1781.11
863; 0.179267957948469; 14405.9807366487; 13438.2; 1750.32
864; 0.170085857505941; 14178.1627184595; 13288.14; 1696.2
865; 0.167911122325081; 14062.3785010732; 13208.2; 1648.65
866; 0.165496665739422; 13873.9461225541; 13052.04; 1609.19
867; 0.163817244120116; 13632.8484388013; 12842.9; 1562.12
868; 0.165239369648183; 13476.6486385437; 12685.62; 1550.49
869; 0.169752605594893; 13248.0182070268; 12452.22; 1518.07
870; 0.172807826682377; 13092.0428595892; 12312.23; 1460.99
871; 0.181298983637772; 12848.9182795273; 12058.87; 1410.52
872; 0.189005093925586; 12691.5199602466; 11877.36; 1394.03
873; 0.193524675481902; 12434.5824069385; 11599.66; 1395.92
874; 0.203389523086466; 12224.7520056265; 11341.58; 1404.65
875; 0.205673638540147; 12078.1207620122; 11199.45; 1381.7
876; 0.210506652079365; 11861.8845888529; 10955.32; 1392.56
877; 0.211631952713176; 11706.6849575525; 10806.42; 1375.26
878; 0.209660973385583; 11486.0732554901; 10606.06; 1356.65
879; 0.210932941672879; 11328.760840117; 10447.83; 1349.61
880; 0.212569986534273; 11233.2627918892; 10366.94; 1316.75
881; 0.217335726369624; 11115.671350381; 10243.98; 1295.56
882; 0.213361498710022; 11024.1068110211; 10190.2; 1262.24
883; 0.212587674228346; 10923.6455844924; 10089.13; 1267.51
884; 0.216551597926027; 10846.082496863; 9988.4; 1278.6
885; 0.22389042484708; 10807.3385692835; 9913.56; 1288.44
886; 0.225808409019699; 10723.5521817752; 9804.76; 1312.99
887; 0.226748633845463; 10684.389712395; 9763.04; 1310.97
888; 0.225703938388469; 10596.3717221045; 9696.05; 1286.81
889; 0.233552391887509; 10549.7597176613; 9644.06; 1250.79
890; 0.236789048999039; 10533.5904428925; 9630.85; 1229.46
891; 0.236586299048727; 10485.5737049628; 9604.7; 1200.51
892; 0.230808417657956; 10488.9811355954; 9632.5; 1196.29
893; 0.225488731669189; 10519.2865927958; 9695.44; 1177.7
894; 0.231726920092724; 10626.7978350017; 9773.06; 1187.38
895; 0.232659172040495; 10706.3203977415; 9825.7; 1219.66
896; 0.23215773776358; 10846.9583420738; 9951.28; 1242.99
897; 0.226832333540082; 10941.025250742; 10040.59; 1278.76
898; 0.228711332465636; 11146.9673965173; 10233.74; 1286.06
899; 0.232730786411414; 11358.6954732679; 10407.18; 1316.62
900; 0.233756379975101; 11489.2542132645; 10519.34; 1335.97
901; 0.22613965729146; 11606.4969260283; 10674.23; 1327.19
902; 0.220005870389694; 11705.96036372; 10803.41; 1320.49
903; 0.220017625242485; 11762.3857826772; 10845.48; 1341.2
904; 0.220715170411358; 11807.0272145074; 10871.89; 1363.32
905; 0.220916733126143; 11789.811088864; 10842.71; 1379.32
906; 0.22331901338626; 11733.1266607636; 10775.52; 1379.39
907; 0.230364543060108; 11621.5230764822; 10665.88; 1334.24
908; 0.237289463676336; 11524.2653702661; 10561.98; 1304.09
909; 0.253492938886915; 11334.561576742; 10342.42; 1258.44
910; 0.251936167869349; 11062.244265609; 10084.23; 1247.98
911; 0.261928857684205; 10859.2815862312; 9884.34; 1196.4
912; 0.272349064527797; 10509.2144662347; 9558.26; 1122.13
913; 0.276742964948273; 10238.2044305236; 9303; 1085.88
914; 0.270491231417739; 9813.43624084714; 8920.23; 1060.91
915; 0.264731863779435; 9414.50996522244; 8545.32; 1054.67
916; 0.253961183154885; 9141.89233835864; 8311.13; 1050.62
917; 0.25628938012308; 8762.10719800165; 7972.82; 988.97
918; 0.250003162516146; 8402.47078043228; 7671.41; 938.89
919; 0.246759727413629; 8185.87345224925; 7486.3; 910.14
920; 0.238719688686463; 7857.37283761519; 7193.89; 892.14
921; 0.244970668442008; 7578.73639993864; 6920.81; 861.98
922; 0.239844528720702; 7377.18351281395; 6748.05; 841.79
923; 0.245050004954879; 7095.25498136169; 6496.05; 784.61
924; 0.246299385955393; 6920.23914421169; 6335.94; 761.11
925; 0.256451537615077; 6667.71899535414; 6077.93; 737.75
926; 0.260416666536207; 6404.71416205055; 5815.14; 726.18
927; 0.256098641517328; 6236.43215345271; 5665.7; 714.73
928; 0.25355731593254; 5973.83308386201; 5437.06; 678.85
929; 0.259392063325091; 5704.33608533411; 5175.42; 653.78
930; 0.257091901435773; 5505.45564007093; 4999.79; 630.57
931; 0.250638345356611; 5186.68395255112; 4725.43; 589.92
932; 0.25256721286704; 4832.59593562626; 4403.79; 544.16
933; 0.251651836134013; 4574.21917192214; 4171.45; 512.91
934; 0.260554823604754; 4142.44170873397; 3774.84; 452.07
935; 0.259208263503835; 3674.68386858898; 3360.06; 388.89
936; 0.256112683324435; 3361.8273529861; 3086.68; 344.16
937; 0.28163726312648; 2916.78288735201; 2658.99; 293.19
938; 0.275777555854216; 2479.59461959465; 2252; 264.31
939; 0.278763136891291; 2228.65492596433; 2024.61; 234.4
940; 0.275168057806109; 1905.27784288616; 1733.22; 200.21
941; 0.279603139768291; 1676.91962422484; 1538.72; 158.24
942; 0.302764020341907; 1577.96998611602; 1438.65; 147.3
943; 0.336094333329064; 1472.14239356786; 1334.26; 131.31
944; 0.312109420153918; 1414.0376529135; 1289.05; 128.16
945; 0.299278574304265; 1406.68091357406; 1279.67; 135.8
946; 0.30911027956484; 1428.47758920621; 1299.75; 133.24
947; 0.313682916403612; 1474.74085481781; 1341.65; 135.73
948; 0.302197678121121; 1516.03399386838; 1372.3; 152.14
949; 0.296960408892561; 1593.53290397264; 1429.17; 177.02
950; 0.30007731117961; 1685.1182638281; 1522.48; 173.32
951; 0.297548352339677; 1747.1661180996; 1580.34; 179.27
952; 0.317742825491543; 1848.16837749483; 1680.01; 169.2
953; 0.317060794457049; 1953.440894497; 1761.43; 193.59
954; 0.316135640223537; 2018.03611548724; 1813.87; 206.42
955; 0.30250976558576; 2109.50451692063; 1902.81; 218.36
956; 0.310578189508743; 2201.15432680952; 2005.39; 201.42
957; 0.298604733236534; 2256.4546792177; 2063.96; 205.97
958; 0.308755719029318; 2344.76805749347; 2131.01; 221.18
959; 0.324633505591073; 2429.34632072723; 2196.72; 228.9
960; 0.332117703743064; 2467.42937376861; 2252.42; 206.77
961; 0.30025976861621; 2523.29254733432; 2309.05; 227.87
962; 0.299777669430836; 2575.16329213066; 2346.14; 243.95
963; 0.297984281841867; 2599.56021151042; 2362.87; 253.6
964; 0.325753517348614; 2648.19055021911; 2387.56; 255.42
965; 0.28479406996851; 2658.52418348666; 2411.05; 277.37
966; 0.269581308033672; 2668.05638607267; 2422.73; 290.45
967; 0.260579870054806; 2672.29501960252; 2412.51; 318.15
968; 0.264790804537426; 2681.96412557754; 2424.46; 310.3
969; 0.279796015101665; 2689.64600814767; 2433.22; 292.4
970; 0.285782402517538; 2692.82470243006; 2425.52; 298.38
971; 0.270127212225833; 2672.56525748097; 2406.15; 314.58
972; 0.288131796212536; 2665.93980766038; 2389.96; 305.48
973; 0.303400318528435; 2672.82728348224; 2390.88; 296.34
974; 0.339734982815386; 2668.0655297098; 2376.55; 273.6
975; 0.348219746255705; 2655.61452012726; 2360.35; 270.33
976; 0.334170655108939; 2639.98163908595; 2346.14; 280.3
977; 0.316269211906988; 2611.21803753175; 2340.7; 272.63
978; 0.318857299668385; 2586.42874369848; 2312.92; 273.37
979; 0.310991130029913; 2555.40329804807; 2292.47; 269.42
980; 0.30322532246641; 2529.42019411224; 2271.21; 271.32
981; 0.282490300403457; 2491.50770285699; 2242.64; 280.66
982; 0.302273902618732; 2462.99427062903; 2202.63; 274.38
983; 0.308472998011385; 2434.99727372935; 2191.33; 251.59
984; 0.340650665100131; 2409.77766729546; 2150.38; 242.5
985; 0.364837151897681; 2380.44165652528; 2126.43; 221.7
986; 0.380091336474515; 2349.50046988832; 2089.99; 217.38
987; 0.381534994490607; 2322.13440140895; 2070.96; 209.58
988; 0.401103404283663; 2278.43256796364; 2031.15; 196.24
989; 0.40532978479957; 2234.45895259967; 2001.59; 182.85
990; 0.398060924003937; 2213.3219022663; 1964.58; 198.86
991; 0.38580993698432; 2167.71145107338; 1922.47; 202.26
992; 0.382867465952727; 2109.83775896996; 1892.5; 180.6
993; 0.368466772208833; 2060.47372935555; 1843.17; 187.61
994; 0.360693004002202; 2025.72265314787; 1823.97; 177.92
995; 0.329258139762787; 1974.19263255725; 1786.35; 181.45
996; 0.322525340555934; 1926.25003489724; 1743.39; 180.3
997; 0.297078438029667; 1871.89001246328; 1714.96; 167.97
998; 0.302011885441673; 1845.62742296821; 1691.86; 161.88
999; 0.283083423917459; 1803.21184743537; 1639.65; 183.68
1000; 0.282249833344974; 1764.53181301185; 1609.32; 174.8
1001; 0.309487334296423; 1751.45747818238; 1574.59; 181.64
1002; 0.338548854982036; 1722.10009149094; 1536.62; 174.11
1003; 0.298953946395663; 1670.56014435186; 1503.2; 177.89
1004; 0.314520639313419; 1628.88658450334; 1462.01; 168.58
1005; 0.316139084205405; 1600.69407821618; 1442.35; 159.12
1006; 0.360318976377204; 1578.64555955485; 1418.13; 141.51
1007; 0.362478800691458; 1542.16100262108; 1387.48; 135.54
1008; 0.326939190444297; 1497.91676348456; 1361.78; 132.24
1009; 0.322214696622278; 1464.61426761175; 1342.09; 120.75
1010; 0.374829212190961; 1444.67506701857; 1308.87; 115.04
1011; 0.36446230236139; 1409.7344932566; 1283.94; 109.58
1012; 0.336713511339435; 1373.58142571958; 1251.78; 114.83
1013; 0.318512660659033; 1347.07607416839; 1226.98; 119.68
1014; 0.340848812418978; 1314.26758049924; 1191.45; 114.36
1015; 0.373595185328879; 1287.21422033436; 1162.48; 105.95
1016; 0.361330210662864; 1249.15653741797; 1141.02; 94.96
1017; 0.383280837702947; 1231.06288000742; 1125.72; 87.2
1018; 0.372273235730262; 1207.59906701979; 1093.11; 97.56
1019; 0.408176617793747; 1174.19698859758; 1062.77; 86.59
1020; 0.449405837073944; 1144.95177015218; 1039.53; 74.4
1021; 0.417213165876128; 1120.79963345743; 1027.85; 70.65
1022; 0.422764792203818; 1090.34291382208; 1001.12; 66.92
1023; 0.40146278340357; 1066.98125545151; 969.14; 77.27
1024; 0.352027586617997; 1033.81454619307; 953.82; 72.04
1025; 0.371794210046246; 1013.66529056234; 932.44; 69.25
1026; 0.356708206314703; 992.5695271062; 909.32; 73.97
1027; 0.312896139458617; 963.813774779216; 891.7; 73.04
1028; 0.245972493324136; 927.790944108775; 867.22; 78.03
1029; 0.260915972899859; 914.079516551407; 845.82; 82.89
1030; 0.216517523789844; 882.473300328566; 820.39; 90.84
1031; 0.250342425836114; 860.684088506309; 787.28; 92.88
1032; 0.258561747554957; 838.482428233948; 774.62; 78.23
1033; 0.274004099634625; 818.026823173575; 749.98; 78.65
1034; 0.285472219135267; 803.356724429082; 726; 85.81
1035; 0.292232312141526; 783.023396922697; 702.83; 86.89
1036; 0.251943663906017; 754.205963243551; 698.12; 70.48
1037; 0.261712806282756; 733.999423754992; 685.86; 58.23
1038; 0.198161233539925; 718.375711451385; 684.37; 54.32
1039; -0.728767574612287; 641.837387721923; 735.85; 40.83
1040; 0.0840745916446074; 690.499510035361; 710.26; -74.38
1041; -0.0174750678961995; 682.817616667617; 684.65; 33.18
