# 08/03/2019 17:35:43
# NanoCalc data
# Original file name: C:\SVA_DATA\StudentProjects\2018_Nathan\PSswelling_080319\PSswelling2_720.dat
# Fit Result : Fitness; Thickness 1; Thickness 2; Thickness 3 
# Fit Result : 11.8916046107598; 2; 276.6; -1
# comment:PS ID:349 ref:withoptics.ref slowslow2 start 15:37
#
# WaveLength; Reflectance; Raw Intensity; Dark Intensity; Reference Intensity
400; 0.505679547951965; 4635.11769714977; 3869.39; 734.26
401; 0.507742810744296; 4792.14146982498; 4006.64; 746.92
402; 0.501467802425723; 4906.13951753103; 4085.87; 786.28
403; 0.479797652374641; 5005.6090707828; 4170.5; 833.19
404; 0.478343319308687; 5114.75159681619; 4276.9; 834.94
405; 0.488270506471131; 5319.74691058596; 4420.61; 874.39
406; 0.486248552925924; 5442.60191821523; 4512.32; 904.88
407; 0.49271415226284; 5580.3816093041; 4618.2; 920
408; 0.481843695867299; 5692.14235595741; 4719.05; 947.65
409; 0.475129764245619; 5803.53877976629; 4825.46; 962.39
410; 0.473153243383879; 5964.59725851857; 4957.25; 991.61
411; 0.477242585183333; 6068.91309837205; 5054.41; 986.6
412; 0.485887771170307; 6171.80409969673; 5122.07; 999.14
413; 0.473153196132304; 6242.87193915188; 5198.54; 1017.35
414; 0.467020170191024; 6376.21348784882; 5328.84; 1030.24
415; 0.460378231319001; 6464.78217635381; 5407.41; 1051.61
416; 0.464038170032443; 6548.38392879149; 5484.24; 1046.5
417; 0.459610629644671; 6627.68907888578; 5557.11; 1059.45
418; 0.43847656846753; 6740.89346892127; 5686.9; 1089.66
419; 0.435404580411682; 6828.67770370793; 5778.65; 1089.96
420; 0.431168207283605; 6933.46308944054; 5873.63; 1107.63
421; 0.422786810489875; 7058.53447972874; 5999.37; 1125.58
422; 0.416419449282663; 7225.13483961659; 6161.07; 1144.72
423; 0.409507411775326; 7345.51819768094; 6283.37; 1158.5
424; 0.406872537151821; 7494.85582538915; 6410.67; 1186.66
425; 0.394064826011552; 7637.07542703252; 6557.12; 1217.13
426; 0.393724085071645; 7880.6270553962; 6756.41; 1264.66
427; 0.388358554780201; 8042.19561043279; 6894.52; 1305.3
428; 0.383875944920847; 8190.13587368829; 7042.42; 1316.97
429; 0.379803702929803; 8338.56429450394; 7172.4; 1349.15
430; 0.375269213669125; 8540.13996036119; 7362.29; 1375.69
431; 0.372587279761314; 8697.2544975838; 7500.15; 1404.78
432; 0.362454182629056; 8802.38435724091; 7593.7; 1454.39
433; 0.351488228701212; 8880.31136761835; 7693.05; 1469.65
434; 0.347154033757768; 9039.42143669568; 7850.92; 1485.96
435; 0.341602352133073; 9136.4566506591; 7946.36; 1508.87
436; 0.340689561037307; 9232.63119571251; 8021.43; 1536.4
437; 0.335147380683774; 9328.05682972778; 8119.95; 1554.23
438; 0.319254316252727; 9457.0829615638; 8283.29; 1581.59
439; 0.311178282437851; 9518.35303202339; 8354.04; 1605.86
440; 0.30711353594872; 9610.07139414888; 8452.56; 1613.9
441; 0.309281971188928; 9722.17068929045; 8550.95; 1617.96
442; 0.31116723967376; 9904.98392560441; 8688.97; 1665.9
443; 0.306941662535404; 10005.7483260483; 8792.56; 1681.21
444; 0.295002810023868; 10110.8178307538; 8949.24; 1671.17
445; 0.286974842892701; 10218.1728618819; 9085.03; 1672.09
446; 0.281921785437179; 10405.4065738568; 9265.24; 1708.7
447; 0.275371870341475; 10582.5622213956; 9440.26; 1748.86
448; 0.269627066118415; 10749.7666147842; 9630.23; 1746.72
449; 0.254715770390228; 10986.1340565391; 9885.28; 1814.28
450; 0.248961315089622; 11166.9685699053; 10081.11; 1827.01
451; 0.243740981544052; 11341.5446371477; 10255.69; 1862.38
452; 0.240378116946954; 11528.3092695389; 10424.07; 1916.49
453; 0.235149752991364; 11853.0895171798; 10737.48; 1975.37
454; 0.230457103378325; 12083.7556627965; 10963; 2020.88
455; 0.22594213781639; 12278.206460311; 11156.94; 2058.18
456; 0.227128864027617; 12520.3204250383; 11369.12; 2098.01
457; 0.220830763805832; 12875.1699552552; 11721.72; 2157.98
458; 0.221468366290565; 13147.6489515661; 11971.21; 2190.45
459; 0.214493715299807; 13361.7400593229; 12197.34; 2234.36
460; 0.208918669944026; 13593.3703269927; 12451.85; 2244.7
461; 0.206723645349788; 13937.7158704738; 12770.64; 2315.01
462; 0.200846801181343; 14137.2899295074; 12991.06; 2335.82
463; 0.197779880209479; 14334.1247529509; 13180.57; 2382.87
464; 0.191861580077761; 14665.4791257892; 13511.27; 2453.29
465; 0.189921871340783; 14896.612920355; 13729.67; 2501.36
466; 0.18002156064778; 15099.0544803128; 13965.54; 2558.83
467; 0.175570573333198; 15324.58004842; 14207.98; 2580.21
468; 0.166136053603388; 15785.0598564249; 14678.16; 2698.49
469; 0.161422084687506; 16089.2837815281; 14993.1; 2745.87
470; 0.154452421888007; 16392.7276177081; 15322.49; 2797.27
471; 0.152954426393495; 16801.5639466186; 15732.43; 2817.13
472; 0.151930015723774; 17463.0018433093; 16372.18; 2888.96
473; 0.146232811373702; 17898.3941347509; 16816.37; 2972.52
474; 0.146052992035795; 18412.3618944563; 17311.54; 3023
475; 0.148725041799816; 19313.656039647; 18143.65; 3150.22
476; 0.147344106368441; 19882.060780307; 18682.99; 3253.44
477; 0.149580817760878; 20531.4926081332; 19269.42; 3367.82
478; 0.149913406346331; 21273.63279288; 19967.43; 3472.23
479; 0.152221925424796; 22368.4722649649; 20949.15; 3709.93
480; 0.147438980093708; 23103.3569400086; 21691.29; 3804.75
481; 0.147245507735976; 23827.0332420055; 22361.32; 3948.55
482; 0.150573746947853; 24987.2618331158; 23416.42; 4131.99
483; 0.150512633912523; 25743.2357312768; 24128.61; 4242.65
484; 0.148362406278095; 26454.0398240361; 24824.01; 4338.71
485; 0.146948599451557; 27192.1355959642; 25545.04; 4419.68
486; 0.144178078869581; 28198.2157448055; 26517.16; 4590.47
487; 0.142691936038711; 28827.2709217865; 27144.88; 4634.96
488; 0.147912227101106; 29506.9382334498; 27734.19; 4704.39
489; 0.149101790575451; 30121.4186470672; 28301.4; 4784.45
490; 0.146528151977066; 30970.4635742571; 29129.5; 4917.45
491; 0.147169940278016; 31499.4429141253; 29620.01; 4991.8
492; 0.150428245303045; 32023.100718661; 30076.82; 5050.77
493; 0.152452969590437; 32739.1200334855; 30727.18; 5145.3
494; 0.158341397234309; 33235.7607968748; 31131.56; 5174.67
495; 0.161193671657109; 33671.6707743729; 31508.11; 5219.97
496; 0.161968168163352; 34269.6516125038; 32056.49; 5307.57
497; 0.165895427420076; 34682.0663772212; 32397.48; 5342.56
498; 0.170886049941152; 35097.4038809569; 32734.99; 5356.59
499; 0.172598420379745; 35516.0145890751; 33093.5; 5431.5
500; 0.17795098330886; 36094.8110897158; 33580.19; 5461.63
501; 0.18240487942137; 36502.7151364182; 33912.63; 5481.08
502; 0.184989477642071; 36897.8358088268; 34262.4; 5491.88
503; 0.186327830920105; 37464.2168200811; 34758.54; 5590.61
504; 0.190464755815939; 37896.5809676507; 35092.98; 5659.87
505; 0.195278852889242; 38374.6113658113; 35469.61; 5713.19
506; 0.196926259930178; 38817.2293827839; 35860.16; 5760.06
507; 0.204183610105531; 39525.4577965282; 36434.09; 5800.95
508; 0.206913036101196; 39986.6466488698; 36816.82; 5862.95
509; 0.211107280040375; 40491.4221164251; 37220.5; 5923.17
510; 0.218730019069364; 41280.7150431791; 37815.45; 6049.54
511; 0.224183761019982; 41810.5033832597; 38193.07; 6154.56
512; 0.225420633999981; 42309.6485381879; 38664.27; 6161.05
513; 0.229990789713719; 43031.1891257823; 39275.75; 6213.99
514; 0.231160023682064; 43508.600098587; 39688.32; 6282.11
515; 0.233512916755783; 44013.3784710872; 40099.69; 6363.71
516; 0.23512078255217; 44453.165961277; 40486.93; 6397.69
517; 0.235450583489903; 45161.9652371755; 41096.3; 6541.34
518; 0.237733205472675; 45659.4671903428; 41496.14; 6626.65
519; 0.237965240119426; 46139.444780585; 41917.64; 6705.56
520; 0.242743599630938; 46914.0431282099; 42548.12; 6790.4
521; 0.242069739788443; 47402.1997783217; 42977.56; 6893.52
522; 0.243068834718194; 47900.3055466449; 43423.9; 6938.08
523; 0.24813075736542; 48677.3093939565; 44015.23; 7071.04
524; 0.252159980470218; 49261.3757836463; 44459.88; 7158.61
525; 0.255722471066816; 49755.6423804276; 44853.54; 7199.39
526; 0.256689876583054; 50390.0373981467; 45445.09; 7227.5
527; 0.260970270021278; 50858.4875209545; 45749.02; 7338.26
528; 0.261976692541851; 51251.9750268745; 46051.59; 7432.64
529; 0.266042265504185; 51621.487980339; 46325.08; 7446.85
530; 0.271757481093853; 52143.7366825077; 46663.24; 7536.36
531; 0.273162193387648; 52407.1687059134; 46895.43; 7533.44
532; 0.276957851781909; 52688.5382793993; 47103.5; 7522.1
533; 0.282114094242329; 53072.426082935; 47350.71; 7558.38
534; 0.288133273081248; 53355.6033606884; 47499.48; 7567.35
535; 0.29144339703444; 53618.2108818162; 47665.71; 7596.56
536; 0.295001473453001; 54012.6286147043; 47956; 7628.39
537; 0.29575957436998; 54257.6337238253; 48154.07; 7659.54
538; 0.297358114877693; 54490.1819519784; 48333.48; 7676.39
539; 0.305056921334356; 54950.9346516568; 48638.4; 7664.33
540; 0.307152102675563; 55205.0402653796; 48781.81; 7737.72
541; 0.310162568753978; 55545.3871400533; 49000.63; 7801.09
542; 0.313364358337025; 55944.7876203699; 49330.89; 7796.44
543; 0.316208487633533; 56243.4284303482; 49574.67; 7784.29
544; 0.320520194486177; 56570.0438870233; 49814.41; 7773.5
545; 0.326324410278794; 57080.2693239529; 50138.07; 7839.71
546; 0.328141945362978; 57465.6168133057; 50409.36; 7917.92
547; 0.330008025483762; 57799.6380360501; 50662.12; 7956.91
548; 0.330623470990153; 58360.2156917693; 51154.89; 8010.79
549; 0.33129934503082; 58683.4110923921; 51448.39; 8020.41
550; 0.332612639497245; 59086.3689572256; 51787.69; 8052.21
551; 0.331985935609017; 59439.9273580553; 52108.28; 8096.98
552; 0.335213314290019; 59989.4886464269; 52532.52; 8149.17
553; 0.336570467897537; 60320.42534909; 52882.77; 8088.61
554; 0.339054607080277; 60663.9408811265; 53142.48; 8112.9
555; 0.338658044982503; 61185.3247003693; 53645.5; 8135.28
556; 0.340750679996344; 61550.3772345445; 53968.23; 8123.54
557; 0.343851992601631; 61960.8156067159; 54277.78; 8150.4
558; 0.345323774265448; 62547.4051394291; 54687.44; 8295.43
559; 0.351805730286666; 63105.0265638448; 55059.41; 8327.75
560; 0.352978525532688; 63570.6528037417; 55464.5; 8355.33
561; 0.354921826964189; 64452.2987636613; 56171.38; 8481.63
562; 0.356776198259591; 65090.5770557684; 56732.23; 8509.08
563; 0.357581972658211; 65695.5528722766; 57284.76; 8536.23
564; 0.359388820783887; 66737.3154285079; 58131.67; 8683
565; 0.358138684873575; 67344.5260789429; 58723.39; 8722.57
566; 0.360492830691349; 67935.4385233206; 59260.3; 8713.46
567; 0.358122864325137; 68646.6093513797; 59968.19; 8768.43
568; 0.360007458156862; 69084.5635907496; 60312.67; 8810.43
569; 0.359274737896815; 69319.5771203951; 60536.87; 8832.97
570; 0.360706121909849; 69492.5106334316; 60654.49; 8847
571; 0.361470596473173; 69507.4583345636; 60645.86; 8845.03
572; 0.362108413798567; 69434.8416286759; 60593.21; 8802.53
573; 0.363894060800876; 69179.0886451315; 60388.41; 8701.9
574; 0.364255380090323; 68990.3070059563; 60192.1; 8693.52
575; 0.370088126430488; 68729.1158978886; 59917.07; 8563.1
576; 0.370733867399061; 68539.0512567873; 59761.86; 8507.77
577; 0.372279547312682; 68379.6535792369; 59641.09; 8428.61
578; 0.373298157188284; 68112.7954416669; 59423.5; 8351.72
579; 0.371136075477239; 67955.1395336447; 59274.96; 8385.25
580; 0.370963403604391; 67820.433806639; 59125.77; 8396.82
581; 0.373618185591829; 67697.3391239975; 58924.46; 8406.26
582; 0.375664811382801; 67611.4056542249; 58842.88; 8350.45
583; 0.373429792858496; 67489.5380918881; 58773.45; 8344.55
584; 0.37150148681894; 67302.4089837343; 58634.76; 8335.83
585; 0.370032442022139; 67203.3035110725; 58543.05; 8356.35
586; 0.365832533683857; 67134.3815136723; 58471.96; 8448.9
587; 0.367622933033392; 67010.9220421556; 58404.36; 8348.32
588; 0.368660373140808; 66957.9522419664; 58360.19; 8311.12
589; 0.367905644297747; 66870.1165790889; 58331.89; 8265.55
590; 0.362817833158492; 66760.0161523257; 58337.01; 8263.17
591; 0.362726854996317; 66693.0424005253; 58293.38; 8237.16
592; 0.363491772965257; 66724.1017591868; 58296.42; 8242.06
593; 0.365837060217684; 66850.9823108212; 58354.29; 8251.08
594; 0.368822377860694; 66933.3900810119; 58474.67; 8142.58
595; 0.371376679465661; 67255.2349130218; 58691.02; 8182.26
596; 0.369040478664326; 67435.2230372938; 58910.07; 8191.32
597; 0.367988617649118; 67734.5914852667; 59148.04; 8268.66
598; 0.368778268339025; 68327.6808538959; 59669.64; 8314.38
599; 0.369931833430571; 68887.6164544723; 60111.73; 8395.94
600; 0.36821106183149; 69431.5239251112; 60597.36; 8485.8
601; 0.368539590778009; 70337.3906297968; 61431.73; 8541.42
602; 0.366852626064004; 71064.3655849066; 62030.86; 8698.58
603; 0.368233481852969; 71754.588827868; 62682.2; 8697.72
604; 0.369122629396798; 72789.7840814184; 63509.51; 8869.93
605; 0.369185752704188; 73419.1818565097; 64042.25; 8955.31
606; 0.368939321225439; 74082.8367038533; 64550.97; 9103.79
607; 0.367403061551235; 74808.7035131393; 65111.84; 9294.41
608; 0.36758131554232; 75230.7863214152; 65429.29; 9384.39
609; 0.36689670363855; 75710.5052485469; 65822.24; 9479.31
610; 0.366615869759412; 75844.0912484163; 65955.41; 9481.14
611; 0.362959501408477; 75891.7059099765; 66022.08; 9552.58
612; 0.361837939349499; 75875.0182161991; 66019.65; 9562.45
613; 0.358419551603657; 75764.7779261578; 66016.95; 9542.42
614; 0.357226045972295; 75497.7915685263; 65905.75; 9415.73
615; 0.356742885945709; 75014.1375799534; 65585.75; 9262.15
616; 0.354276652335287; 74604.7834296394; 65316.88; 9181.97
617; 0.350268491975943; 73869.3647277354; 64768.34; 9095.05
618; 0.347083586031431; 73344.7701269808; 64373.64; 9042.15
619; 0.344940211134551; 72830.5838123093; 63985.54; 8965.65
620; 0.343295132402933; 72078.2673912885; 63448.32; 8784.82
621; 0.343380783279121; 71565.5938423357; 63011.38; 8701.12
622; 0.34241632130841; 71121.2019500083; 62594.57; 8693.06
623; 0.340390497863695; 70441.4295796659; 62070.14; 8581.34
624; 0.341353499852954; 70048.627703661; 61741.91; 8487.03
625; 0.340338169328984; 69469.0443050542; 61215.67; 8453.6
626; 0.341486730382106; 69131.0251426677; 60906.9; 8391.25
627; 0.343584701973604; 68793.7493950491; 60552.71; 8353.36
628; 0.34309692821274; 68242.0646471114; 59996.17; 8366.11
629; 0.340910074904023; 67877.8586301193; 59718.79; 8327.32
630; 0.341518425995047; 67545.3921447022; 59494.05; 8198.99
631; 0.339887838787919; 67038.1973470131; 59130.04; 8088.35
632; 0.335379400433055; 66667.2695903981; 58876.05; 8072.41
633; 0.331690511327908; 66177.3898449996; 58511.89; 8027.04
634; 0.329449215321934; 65890.3442052152; 58308.74; 7989.54
635; 0.325014051607966; 65547.8608783367; 58140.12; 7908.54
636; 0.320790953239457; 65202.854597383; 57915.51; 7878.13
637; 0.31910042403001; 64939.8682927326; 57722.82; 7838.74
638; 0.31399950839398; 64673.8766524184; 57474.46; 7941.82
639; 0.308484663610877; 64298.2660480984; 57165.91; 8003.89
640; 0.304994618795172; 64061.5808407903; 57008.09; 8001.12
641; 0.303093919620463; 63706.3138827274; 56758.58; 7926.46
642; 0.301684047569726; 63446.5161493877; 56539.98; 7912.17
643; 0.302709008691791; 63296.7756525668; 56371.02; 7903.44
644; 0.299751315502026; 62921.7932492041; 56100.39; 7857.3
645; 0.295667267641589; 62676.6660863575; 55952.09; 7849.35
646; 0.293425366263083; 62336.6689526155; 55757.04; 7735.25
647; 0.295816712797869; 62190.5620604742; 55605.78; 7675.61
648; 0.299127450240377; 62044.5824437691; 55421.19; 7632.06
649; 0.297834903401526; 61797.0372238341; 55233.83; 7592.22
650; 0.29636377853221; 61638.2412278569; 55116.84; 7578
651; 0.293482402533125; 61383.3927220291; 54970.38; 7521.71
652; 0.294753924492563; 61260.0977912624; 54836.02; 7498.47
653; 0.298538264806056; 61179.0275914552; 54697.14; 7466.34
654; 0.301046038281329; 61035.3707258687; 54559.48; 7393.84
655; 0.29583324432174; 60831.4561416987; 54465.02; 7393.93
656; 0.291637170518338; 60569.7238181189; 54312.69; 7368.41
657; 0.289867607869034; 60442.1912461117; 54258.2; 7324.28
658; 0.289630957053339; 60320.623429885; 54165.73; 7293.21
659; 0.284796859276485; 60116.4127679521; 54053.82; 7302.78
660; 0.280819302160405; 59927.8425319132; 53974.86; 7269.33
661; 0.274861508437665; 59666.131983738; 53820.55; 7288.84
662; 0.270589963791262; 59491.5175125851; 53704.12; 7326.33
663; 0.266077382308996; 59332.3195186403; 53597.59; 7378.87
664; 0.261678334378844; 59133.7513909289; 53483.1; 7388.78
665; 0.261268297656309; 58966.8334079245; 53326.55; 7383.97
666; 0.258900827398666; 58720.3661341077; 53150.66; 7355.43
667; 0.260456412613603; 58581.8709838697; 52998.89; 7326.55
668; 0.258951279413661; 58397.8947238592; 52847.85; 7323.5
669; 0.257922356631855; 58149.5283950876; 52664.94; 7263.21
670; 0.257364810531693; 58004.6839780479; 52553.29; 7232.11
671; 0.257023048373151; 57736.7285948296; 52404.63; 7079.27
672; 0.253561908555345; 57529.6476008079; 52310.27; 7020.25
673; 0.250737886982595; 57318.8991430888; 52154.03; 7021.01
674; 0.248101269371464; 57004.3189531494; 51884.46; 7029.82
675; 0.245267339927635; 56725.6558825962; 51726.62; 6940.14
676; 0.237831018222717; 56322.8331541158; 51487.64; 6919.48
677; 0.235484980952326; 56022.5764044621; 51264.41; 6874.84
678; 0.235502517103801; 55561.2768222955; 50861.27; 6787.88
679; 0.233642628827554; 55257.1632556726; 50607.72; 6765.89
680; 0.233118225920633; 54957.7504465228; 50288.84; 6807.27
681; 0.227628253716179; 54454.6245600649; 49879.04; 6829.65
682; 0.225814444385633; 54128.8929786879; 49603.29; 6806.66
683; 0.223642223010489; 53702.8784398175; 49190.55; 6849.95
684; 0.224594127637153; 53427.5092763602; 48851.84; 6914.18
685; 0.219990282873945; 52954.848141493; 48496.41; 6875.35
686; 0.218295215103191; 52679.2535451368; 48259.88; 6865.56
687; 0.215540122674606; 52363.8380055634; 48015.34; 6839.14
688; 0.211884422192268; 51872.67157278; 47660.66; 6736.35
689; 0.211673393996906; 51606.4198186745; 47430.35; 6683.12
690; 0.207797854092152; 51174.3892752649; 47114.92; 6615.1
691; 0.204520490448364; 50840.9668995289; 46875.41; 6563.05
692; 0.202853739966898; 50544.7136773177; 46671.62; 6460.16
693; 0.20469981912775; 50159.5140969101; 46240.6; 6475.1
694; 0.20191963668334; 49804.5867195705; 45936.72; 6476.21
695; 0.200983911692464; 49353.9704502467; 45505.74; 6470.6
696; 0.197699676472709; 49019.1651259492; 45255.77; 6430.36
697; 0.195533339173216; 48528.1624759747; 44881.07; 6297.83
698; 0.192499767719013; 48191.9604304419; 44617.46; 6267.1
699; 0.19082658209221; 47754.6846074306; 44279.79; 6143.47
700; 0.189504313823793; 47475.0555244502; 44098.54; 6008.83
701; 0.186187597923357; 47187.5856697291; 43886.31; 5977.78
702; 0.180160052435706; 46806.8725417804; 43667.22; 5873.37
703; 0.179784299776811; 46550.3227364397; 43450.12; 5809.93
704; 0.179014893996799; 46221.2775123616; 43177.28; 5727.38
705; 0.178215278594358; 45982.3095206213; 42984.61; 5663.34
706; 0.174392214750962; 45621.7222137687; 42694.41; 5649.54
707; 0.170784542814342; 45360.4905414468; 42461.28; 5711.07
708; 0.16577899673395; 45041.6532235217; 42219.65; 5724.39
709; 0.158885687265082; 44597.0395551775; 41899.34; 5707.57
710; 0.1579913481873; 44321.6499264809; 41648.14; 5686.33
711; 0.151051980689782; 43900.1314555105; 41364.18; 5640.34
712; 0.149032962158286; 43600.8953686465; 41116.32; 5599.74
713; 0.148278892533707; 43216.5124812361; 40762.56; 5557.66
714; 0.144375461956546; 42858.3027645823; 40520.22; 5437.41
715; 0.143131708996208; 42460.8360841003; 40202.88; 5294.92
716; 0.143940813318015; 42174.7145189165; 39932.78; 5226.2
717; 0.145099299246898; 41856.0472402141; 39629.07; 5147.84
718; 0.141628387881684; 41309.0833482848; 39183.73; 5031.33
719; 0.144630726201982; 40947.6651856362; 38793.68; 4991.12
720; 0.146088671095041; 40422.6520841228; 38280.05; 4913.24
721; 0.140084690305896; 40045.0435748051; 37997.72; 4894.17
722; 0.139230775765302; 39485.8738580484; 37461.34; 4867.58
723; 0.140463797273914; 39126.6962132042; 37089.11; 4854.17
724; 0.139731832189944; 38637.3990553238; 36612.24; 4848.05
725; 0.138791749074071; 38384.1706458223; 36385.09; 4816.26
726; 0.134738398075867; 38071.4543275927; 36131.54; 4812.54
727; 0.129260370458702; 37902.4540075572; 36040.6; 4812.86
728; 0.125318751868547; 37726.5562238219; 35923.5; 4805.84
729; 0.124187709800911; 37575.7197946901; 35794.86; 4788.58
730; 0.118101438022965; 37480.1021399909; 35804.98; 4735.07
731; 0.109305408805231; 37427.0622825069; 35898.6; 4667.75
732; 0.111977075033694; 37492.5723883948; 35931.8; 4652.12
733; 0.114165739806646; 37531.1482661463; 35937.66; 4658
734; 0.110435895187947; 37473.7573268705; 35940.73; 4632.18
735; 0.104116341748567; 37357.6780995532; 35910.34; 4637.56
736; 0.101505514236542; 37268.048651418; 35853.79; 4646.83
737; 0.0997132018136898; 37171.8403236579; 35763.82; 4707.89
738; 0.0994302692506552; 37089.0351610134; 35686.23; 4702.2
739; 0.0978265115026117; 36943.5526245046; 35566.35; 4690.32
740; 0.088648419635447; 36760.3006808507; 35518.53; 4665.2
741; 0.0881025874572652; 36684.0872506252; 35438.57; 4706.66
742; 0.092794121967743; 36697.0245658615; 35376.98; 4734.62
743; 0.0981021902438723; 36783.8202887454; 35384.87; 4744.52
744; 0.0983039856021059; 36953.8923734753; 35557.26; 4725.32
745; 0.0972748683533526; 37097.0283312356; 35711.59; 4735.27
746; 0.0984285797638198; 37328.0231360602; 35904.99; 4804.96
747; 0.0966850979548063; 37471.9808575841; 36064.38; 4836.75
748; 0.0980394910514238; 37702.3952168609; 36277.22; 4827.83
749; 0.0951102630248906; 37755.6696314527; 36375.65; 4817.49
750; 0.0926927708323965; 37710.9760756039; 36374; 4787.76
751; 0.0865973630365675; 37568.7769169678; 36336.55; 4723.1
752; 0.0873720711935442; 37328.6961216442; 36099.96; 4667.67
753; 0.0844072182922894; 37026.8804251336; 35843.88; 4651.64
754; 0.0766343671146636; 36453.5456183905; 35400.69; 4559.52
755; 0.0759291458077074; 36068.9120240496; 35033.68; 4523.71
756; 0.0759906840618772; 35454.1402953548; 34423.24; 4499.87
757; 0.0729435640413065; 35017.2365320765; 34033.43; 4471.88
758; 0.073549813138709; 34425.0744579863; 33441.09; 4434.02
759; 0.0716678770329329; 34011.5863487502; 33053.61; 4428.1
760; 0.0708770055230902; 33621.0231811366; 32681.41; 4389.62
761; 0.0772037103873818; 33108.9721084462; 32094.24; 4350.03
762; 0.0787044521847613; 32774.4303987168; 31738.87; 4352.62
763; 0.0774724977188714; 32266.1913532602; 31268.89; 4256.73
764; 0.0746052947314406; 31905.0188650721; 30955.78; 4205.71
765; 0.0713974531518747; 31416.8103391041; 30523.94; 4133.31
766; 0.0688990311926425; 31131.1511119844; 30282.24; 4071.93
767; 0.0644734411714823; 30653.8116640812; 29889.65; 3917.14
768; 0.0601811578385555; 30350.2648843221; 29645; 3873.2
769; 0.0535081062306916; 29883.0492118684; 29266.15; 3810.18
770; 0.0541871534269251; 29639.8803900207; 29018.85; 3787.39
771; 0.0520091840411101; 29274.8818192377; 28680.35; 3776.08
772; 0.0540906748564609; 29059.326026787; 28446.72; 3739.62
773; 0.0566469106797747; 28694.8254614831; 28058.77; 3705.92
774; 0.0557183983667219; 28452.7487980818; 27829.59; 3689.54
775; 0.0621428235728045; 28138.8496518156; 27439.76; 3709.91
776; 0.062281634409482; 27925.9462407393; 27237.96; 3641.47
777; 0.0653390832500404; 27634.0730171889; 26913.56; 3634.26
778; 0.0659955913516694; 27435.5592811822; 26715.7; 3593.82
779; 0.0660565623417854; 27111.7023239301; 26401.43; 3541.9
780; 0.0650435231838748; 26910.887060619; 26209.45; 3551.42
781; 0.0635816611816878; 26642.4128955556; 25959.69; 3535.36
782; 0.0652292580140362; 26477.8070073014; 25778.2; 3530.39
783; 0.0647377208336664; 26175.1217449295; 25494.21; 3461.37
784; 0.0658566116775975; 26005.3069858593; 25318.31; 3432.1
785; 0.0647100641716512; 25717.208263372; 25049.77; 3392.5
786; 0.063155599782201; 25538.9707076829; 24888.1; 3388.75
787; 0.0677083559148422; 25283.3599593658; 24582.52; 3402.48
788; 0.0678088015003111; 25124.2211676232; 24429.24; 3367.97
789; 0.0679009513836669; 24852.281038398; 24166.33; 3318.75
790; 0.0681646683755699; 24676.0582655371; 23986.74; 3321.19
791; 0.0643031380366786; 24378.3741690253; 23719.03; 3366.69
792; 0.0644348534348517; 24206.5698698181; 23546.07; 3364.95
793; 0.0687643081823196; 23960.1784011037; 23263.87; 3323.4
794; 0.0694826199251207; 23796.7304215196; 23096.99; 3304.73
795; 0.0693586801787632; 23538.1975180536; 22857.12; 3222.13
796; 0.0674950382898053; 23284.8199401306; 22628.84; 3188.88
797; 0.0673130023677899; 23105.0722860494; 22457.2; 3157.88
798; 0.0687779986731184; 22892.148029292; 22251.53; 3055.91
799; 0.070801702472828; 22776.6289878641; 22129.09; 3000.25
800; 0.0704725587425252; 22564.8866683662; 21918.26; 3009.63
801; 0.0697963588993882; 22378.3881425829; 21741.23; 2993.24
802; 0.0698769576554566; 22126.6181249853; 21479.09; 3037.38
803; 0.0699921698933382; 21982.8487844374; 21336.34; 3026.35
804; 0.0696317382864066; 21814.417854197; 21187.49; 2948.75
805; 0.0690260871109468; 21651.7940160296; 21034.56; 2927.88
806; 0.0685064356768255; 21442.2802419725; 20836.79; 2893.22
807; 0.0691824391663986; 21320.7403814701; 20715.72; 2862.27
808; 0.0661534553979028; 21104.5299936791; 20539.9; 2792.96
809; 0.0685322943504091; 21002.7878785342; 20424.64; 2760.03
810; 0.0739932690024107; 20834.4661804792; 20224.7; 2695.53
811; 0.0738648051079233; 20703.2955188752; 20091.86; 2706.83
812; 0.0738815922486001; 20492.2180595387; 19884.31; 2689.74
813; 0.069326026852644; 20359.0844422478; 19793.26; 2667.28
814; 0.0701795128085933; 20186.3058937114; 19615.6; 2656.72
815; 0.0743567022219408; 20104.356670507; 19510.51; 2608.64
816; 0.0739504574712384; 19912.5744072393; 19316.71; 2631.29
817; 0.0754037287036249; 19763.3178188018; 19151.29; 2650.15
818; 0.0753394065622885; 19636.5422531586; 19034.43; 2609.02
819; 0.085241355905001; 19489.7314462676; 18814.23; 2586.51
820; 0.0877245165376975; 19379.0431426189; 18689.96; 2563.25
821; 0.0914044384206813; 19224.4666614922; 18518.27; 2520.42
822; 0.0905674592657936; 19097.0736436104; 18404.2; 2495
823; 0.0922004663546441; 18951.8351904365; 18260.87; 2443.43
824; 0.0948012912508136; 18859.315298038; 18158.8; 2408.62
825; 0.0975327861784841; 18722.8532877286; 18009.86; 2382.79
826; 0.0961928909805431; 18627.5597674444; 17931.53; 2358.5
827; 0.0912059415116134; 18461.1099223857; 17798.05; 2369.86
828; 0.0918778555676176; 18353.3060582921; 17684; 2374.92
829; 0.0902324697236624; 18200.8357764646; 17555.02; 2333.13
830; 0.0853849634344272; 18023.6025580538; 17403.79; 2366.16
831; 0.0832932233963166; 17907.2154578989; 17305.83; 2352.33
832; 0.0754691793689454; 17732.0396160632; 17198.16; 2303.66
833; 0.0735938988009713; 17630.8482038444; 17119.37; 2262.14
834; 0.068635092592055; 17483.5848790112; 17011.62; 2237.18
835; 0.0702181424202301; 17411.1655321461; 16937.08; 2196
836; 0.0712093607202733; 17284.7272019275; 16817.17; 2135.06
837; 0.0716121809235511; 17197.1555737168; 16729.78; 2122.5
838; 0.0731022519064752; 17053.2000500993; 16579.8; 2106.31
839; 0.0825312742855436; 16952.8899741849; 16431.87; 2054.8
840; 0.0865381450029349; 16894.4470910397; 16338.43; 2091.29
841; 0.0924285750467918; 16774.0423119053; 16176.85; 2105.39
842; 0.0879630012230892; 16668.1104483484; 16100.15; 2103.51
843; 0.0904683118699971; 16549.8719785905; 15963.29; 2111.77
844; 0.0909965769579642; 16473.362229449; 15892.03; 2080.25
845; 0.100789690805916; 16362.4912541181; 15721.29; 2071.01
846; 0.100540098059208; 16283.6143023802; 15640.73; 2081.13
847; 0.0990314949823189; 16144.0973214975; 15512.12; 2076.45
848; 0.0996027303898979; 16011.4415394882; 15379; 2065.59
849; 0.10317458091284; 15931.5596098435; 15291.55; 2017.42
850; 0.111494445700479; 15799.7600082761; 15122.34; 1975.49
851; 0.112836198266877; 15713.4376860707; 15033.42; 1959.04
852; 0.113118361874069; 15567.5663904247; 14892.72; 1938.79
853; 0.106824950635094; 15445.4131319881; 14821.77; 1896.81
854; 0.107452210510092; 15282.938710796; 14666.47; 1863.56
855; 0.110558263244543; 15099.1828279511; 14480.87; 1816.21
856; 0.109750446306795; 14998.0286616097; 14373.72; 1846.96
857; 0.120641823037142; 14880.2433214797; 14195.76; 1841.75
858; 0.116546850770144; 14753.7744897888; 14085.44; 1861.12
859; 0.116887190145599; 14584.5816980427; 13917.36; 1852.25
860; 0.120061932883094; 14485.8953867157; 13810.98; 1823.65
861; 0.126588105253656; 14367.3475239361; 13662.8; 1805.22
862; 0.12563151179913; 14227.2095009349; 13537.19; 1781.11
863; 0.128134605936048; 14129.9365754711; 13438.2; 1750.32
864; 0.120889325588214; 13920.7278457531; 13288.14; 1696.2
865; 0.118335610505946; 13810.1835553827; 13208.2; 1648.65
866; 0.114816889057092; 13622.2551379728; 13052.04; 1609.19
867; 0.115930825901344; 13401.9337904998; 12842.9; 1562.12
868; 0.115551849918383; 13238.7861293356; 12685.62; 1550.49
869; 0.117827014908086; 13004.5916521144; 12452.22; 1518.07
870; 0.118846685650088; 12848.5377330973; 12312.23; 1460.99
871; 0.119355828337187; 12578.9880113494; 12058.87; 1410.52
872; 0.120781798752546; 12397.6407100511; 11877.36; 1394.03
873; 0.125201933135101; 12139.8179881542; 11599.66; 1395.92
874; 0.134955533569168; 11927.5932195797; 11341.58; 1404.65
875; 0.133638909259489; 11770.3768483165; 11199.45; 1381.7
876; 0.134498317886637; 11534.5483096609; 10955.32; 1392.56
877; 0.133670898912595; 11375.0450331898; 10806.42; 1375.26
878; 0.139014808629465; 11189.549012418; 10606.06; 1356.65
879; 0.147058196007405; 11061.9972283497; 10447.83; 1349.61
880; 0.151846204022266; 10985.7847840219; 10366.94; 1316.75
881; 0.153899838521908; 10861.2423355832; 10243.98; 1295.56
882; 0.149131901720523; 10773.0704304065; 10190.2; 1262.24
883; 0.150425416777926; 10679.6268623445; 10089.13; 1267.51
884; 0.151490626663662; 10588.3995390134; 9988.4; 1278.6
885; 0.156796823250641; 10539.4985163473; 9913.56; 1288.44
886; 0.158836231248608; 10451.0489849293; 9804.76; 1312.99
887; 0.157222523788688; 10401.8836596864; 9763.04; 1310.97
888; 0.159485259210724; 10332.2287226581; 9696.05; 1286.81
889; 0.16790108099429; 10295.1685603645; 9644.06; 1250.79
890; 0.169406032552245; 10276.6977598577; 9630.85; 1229.46
891; 0.173380770982729; 10250.2427162053; 9604.7; 1200.51
892; 0.173492035999632; 10276.29218712; 9632.5; 1196.29
893; 0.173583707197507; 10329.6461737672; 9695.44; 1177.7
894; 0.177582794149305; 10427.317822742; 9773.06; 1187.38
895; 0.179140460231128; 10503.7508241166; 9825.7; 1219.66
896; 0.17913882871274; 10642.408241721; 9951.28; 1242.99
897; 0.177012844506739; 10743.2614513776; 10040.59; 1278.76
898; 0.18003398235556; 10952.6023459046; 10233.74; 1286.06
899; 0.181080495611244; 11147.5242240621; 10407.18; 1316.62
900; 0.175753540238091; 11248.5857931058; 10519.34; 1335.97
901; 0.172648903071724; 11385.979827857; 10674.23; 1327.19
902; 0.170328036161624; 11502.1624047295; 10803.41; 1320.49
903; 0.165342006469822; 11534.5295326661; 10845.48; 1341.2
904; 0.164154325323091; 11567.3873609013; 10871.89; 1363.32
905; 0.1673918326512; 11560.3423166085; 10842.71; 1379.32
906; 0.161668414866288; 11468.7648274938; 10775.52; 1379.39
907; 0.16628211663712; 11355.6838708397; 10665.88; 1334.24
908; 0.170056606660024; 11251.6144328598; 10561.98; 1304.09
909; 0.173080864363623; 11019.8381656799; 10342.42; 1258.44
910; 0.182024748118477; 10790.848671941; 10084.23; 1247.98
911; 0.194373029410388; 10607.8278634197; 9884.34; 1196.4
912; 0.198021195520796; 10249.6856915702; 9558.26; 1122.13
913; 0.202764223273224; 9988.20621650574; 9303; 1085.88
914; 0.204970448735974; 9597.07591119875; 8920.23; 1060.91
915; 0.194982650984818; 9185.50347171716; 8545.32; 1054.67
916; 0.191346770738564; 8937.06695903202; 8311.13; 1050.62
917; 0.191026585667059; 8561.11920487757; 7972.82; 988.97
918; 0.17815590104729; 8192.37457799743; 7671.41; 938.89
919; 0.176188924109734; 7985.80247222035; 7486.3; 910.14
920; 0.173386891721045; 7675.79087527908; 7193.89; 892.14
921; 0.175210981172538; 7391.38033728041; 6920.81; 861.98
922; 0.179720089031659; 7219.47176450225; 6748.05; 841.79
923; 0.186225468340008; 6951.41513376644; 6496.05; 784.61
924; 0.182974182561579; 6770.01196436505; 6335.94; 761.11
925; 0.183673094894457; 6500.34263639442; 6077.93; 737.75
926; 0.19349422261077; 6253.20410578374; 5815.14; 726.18
927; 0.191067909063585; 6091.50701931677; 5665.7; 714.73
928; 0.190474931746671; 5840.28960564572; 5437.06; 678.85
929; 0.198708853753596; 5580.59935553356; 5175.42; 653.78
930; 0.194162603264305; 5381.68206470205; 4999.79; 630.57
931; 0.200485316089704; 5094.38649124743; 4725.43; 589.92
932; 0.213494703134349; 4766.25904295123; 4403.79; 544.16
933; 0.203839748214072; 4497.69584765309; 4171.45; 512.91
934; 0.200990559592936; 4058.40593872865; 3774.84; 452.07
935; 0.202915669897317; 3606.35659640259; 3360.06; 388.89
936; 0.188020687676041; 3288.67466051103; 3086.68; 344.16
937; 0.198327008995255; 2840.52596481235; 2658.99; 293.19
938; 0.180338329473303; 2400.83021704822; 2252; 264.31
939; 0.163603350798613; 2144.36196567772; 2024.61; 234.4
940; 0.169264181620775; 1839.05797479896; 1733.22; 200.21
941; 0.179436114725676; 1627.41000415376; 1538.72; 158.24
942; 0.171465129436246; 1517.55144748858; 1438.65; 147.3
943; 0.209495830940631; 1420.205473482; 1334.26; 131.31
944; 0.23003582016499; 1381.17037635479; 1289.05; 128.16
945; 0.231604218183129; 1377.96057561982; 1279.67; 135.8
946; 0.223455053603102; 1392.8068546176; 1299.75; 133.24
947; 0.223298191835814; 1436.39200116292; 1341.65; 135.73
948; 0.218828287554478; 1476.38109002405; 1372.3; 152.14
949; 0.243669833377409; 1564.03741068884; 1429.17; 177.02
950; 0.260717111860006; 1663.78551309095; 1522.48; 173.32
951; 0.260759974944757; 1726.54001769031; 1580.34; 179.27
952; 0.256346967311717; 1815.67597462011; 1680.01; 169.2
953; 0.256496106395731; 1916.76313385018; 1761.43; 193.59
954; 0.252805561600822; 1977.13640504409; 1813.87; 206.42
955; 0.24754097617636; 2071.94623396508; 1902.81; 218.36
956; 0.239369201825019; 2156.26972123325; 2005.39; 201.42
957; 0.223364695439761; 2207.95140606782; 2063.96; 205.97
958; 0.239943096688243; 2297.12763635761; 2131.01; 221.18
959; 0.24302331033794; 2370.86597557308; 2196.72; 228.9
960; 0.254566964194421; 2417.22387205123; 2252.42; 206.77
961; 0.237729839410083; 2478.67594292043; 2309.05; 227.87
962; 0.233919152248599; 2524.8488892982; 2346.14; 243.95
963; 0.228127412009279; 2544.07259587536; 2362.87; 253.6
964; 0.226452066075093; 2568.74093416086; 2387.56; 255.42
965; 0.21760619937232; 2600.14072270099; 2411.05; 277.37
966; 0.208207970130289; 2612.20496484886; 2422.73; 290.45
967; 0.221304321263649; 2633.1392735717; 2412.51; 318.15
968; 0.233790956374606; 2651.81735062382; 2424.46; 310.3
969; 0.245169181272231; 2657.91138615726; 2433.22; 292.4
970; 0.245484284597186; 2655.13212120638; 2425.52; 298.38
971; 0.259704961008813; 2662.28622369302; 2406.15; 314.58
972; 0.271045717857193; 2649.57433644144; 2389.96; 305.48
973; 0.287792097296607; 2658.32269892; 2390.88; 296.34
974; 0.316344377930578; 2647.99481306849; 2376.55; 273.6
975; 0.309389425355176; 2622.68928774063; 2360.35; 270.33
976; 0.305462025887702; 2614.73767903946; 2346.14; 280.3
977; 0.289222747975014; 2588.08408686695; 2340.7; 272.63
978; 0.27596123126848; 2549.63344439104; 2312.92; 273.37
979; 0.25836759680256; 2510.91174246872; 2292.47; 269.42
980; 0.257353110127005; 2490.3579127824; 2271.21; 271.32
981; 0.231806807883229; 2446.85666762405; 2242.64; 280.66
982; 0.247497325733403; 2415.81234931612; 2202.63; 274.38
983; 0.239820905065584; 2380.76799456469; 2191.33; 251.59
984; 0.257041037391099; 2346.11085371449; 2150.38; 242.5
985; 0.271647807548248; 2315.5601618486; 2126.43; 221.7
986; 0.279597489361624; 2280.88747353053; 2089.99; 217.38
987; 0.276906974473537; 2253.25505697692; 2070.96; 209.58
988; 0.309834914138235; 2222.16501606482; 2031.15; 196.24
989; 0.308970588053075; 2179.09893204062; 2001.59; 182.85
990; 0.297723832853424; 2150.6228594424; 1964.58; 198.86
991; 0.297601078698605; 2111.64117830487; 1922.47; 202.26
992; 0.328399217292608; 2078.91842486213; 1892.5; 180.6
993; 0.321864306346721; 2032.98986814251; 1843.17; 187.61
994; 0.310836923553276; 1997.83578981946; 1823.97; 177.92
995; 0.275223769339792; 1943.36588246949; 1786.35; 181.45
996; 0.268586777841968; 1895.66884880135; 1743.39; 180.3
997; 0.274442627511409; 1859.93277298704; 1714.96; 167.97
998; 0.274065321143735; 1831.3986082094; 1691.86; 161.88
999; 0.231008569303906; 1773.12368717628; 1639.65; 183.68
1000; 0.210747149393303; 1725.21182093311; 1609.32; 174.8
1001; 0.223390775378757; 1702.25455590264; 1574.59; 181.64
1002; 0.232156860935685; 1663.81132016821; 1536.62; 174.11
1003; 0.214620924881301; 1623.34890387674; 1503.2; 177.89
1004; 0.239637774117285; 1589.15565680005; 1462.01; 168.58
1005; 0.242407806123493; 1563.7644107158; 1442.35; 159.12
1006; 0.266302385875616; 1536.76287609606; 1418.13; 141.51
1007; 0.287774524981586; 1510.28235966364; 1387.48; 135.54
1008; 0.263149525746902; 1471.35488669069; 1361.78; 132.24
1009; 0.274869999109784; 1446.61113352498; 1342.09; 120.75
1010; 0.28894092916562; 1413.55672390922; 1308.87; 115.04
1011; 0.260348476028488; 1373.79951194387; 1283.94; 109.58
1012; 0.2347828403439; 1336.70942434838; 1251.78; 114.83
1013; 0.207883505722168; 1305.36304722311; 1226.98; 119.68
1014; 0.241046774093526; 1278.30605025645; 1191.45; 114.36
1015; 0.263807796267347; 1250.5589182456; 1162.48; 105.95
1016; 0.269728587210744; 1221.74260387556; 1141.02; 94.96
1017; 0.254711863944454; 1195.72632090239; 1125.72; 87.2
1018; 0.233787269147067; 1165.00903478623; 1093.11; 97.56
1019; 0.260975903930529; 1134.01307910799; 1062.77; 86.59
1020; 0.294622259053849; 1108.64258713931; 1039.53; 74.4
1021; 0.245806429327028; 1082.61245568485; 1027.85; 70.65
1022; 0.255743769812717; 1055.09375740678; 1001.12; 66.92
1023; 0.195631714801636; 1016.81777580788; 969.14; 77.27
1024; 0.20214911636149; 999.756248866243; 953.82; 72.04
1025; 0.235573455070551; 983.905358576994; 932.44; 69.25
1026; 0.20095834436512; 956.220202575327; 909.32; 73.97
1027; 0.197133164462768; 937.133659386719; 891.7; 73.04
1028; 0.187278539357435; 913.337506014153; 867.22; 78.03
1029; 0.173255237725723; 891.146158593195; 845.82; 82.89
1030; 0.217216501279468; 882.673722117304; 820.39; 90.84
1031; 0.275345322495048; 868.015306269885; 787.28; 92.88
1032; 0.268071066256792; 840.831144503436; 774.62; 78.23
1033; 0.293737084407122; 822.92735906808; 749.98; 78.65
1034; 0.273751037900468; 800.180540807746; 726; 85.81
1035; 0.272325079518843; 777.560521870844; 702.83; 86.89
1036; 0.301803896777212; 765.30550488224; 698.12; 70.48
1037; 0.237148217759775; 729.481016142194; 685.86; 58.23
1038; 0.125516735781164; 705.909459676577; 684.37; 54.32
1039; 0.196164524621384; 761.155653048237; 735.85; 40.83
1040; 0.644369755162437; 558.810414205659; 710.26; -74.38
1041; -0.344674030364031; 648.508512476408; 684.65; 33.18
