# 08/03/2019 16:22:24
# NanoCalc data
# Original file name: C:\SVA_DATA\StudentProjects\2018_Nathan\PSswelling_080319\PSswelling2_280.dat
# Fit Result : Fitness; Thickness 1; Thickness 2; Thickness 3 
# Fit Result : 0.502425472833713; 2; 343; -1
# comment:PS ID:349 ref:withoptics.ref slowslow2 start 15:37
#
# WaveLength; Reflectance; Raw Intensity; Dark Intensity; Reference Intensity
400; 0.395779237765848; 4468.70062179901; 3869.39; 734.26
401; 0.385026306945757; 4602.29339700986; 4006.64; 746.92
402; 0.368822572575471; 4689.1667863492; 4085.87; 786.28
403; 0.362854845752417; 4802.06493485451; 4170.5; 833.19
404; 0.348601445297623; 4887.49967978054; 4276.9; 834.94
405; 0.340707198509813; 5048.01307641462; 4420.61; 874.39
406; 0.339715620547471; 5162.25776789444; 4512.32; 904.88
407; 0.329941179543937; 5262.51543857893; 4618.2; 920
408; 0.323816072122651; 5373.00261413877; 4719.05; 947.65
409; 0.321901227887446; 5488.11004609281; 4825.46; 962.39
410; 0.320715829400064; 5640.05671437255; 4957.25; 991.61
411; 0.318007747632302; 5730.41808330076; 5054.41; 986.6
412; 0.317576523771703; 5808.17680500015; 5122.07; 999.14
413; 0.307136758467508; 5876.44459660238; 5198.54; 1017.35
414; 0.294815387594593; 5990.01448556912; 5328.84; 1030.24
415; 0.287121925833821; 6066.85633117859; 5407.41; 1051.61
416; 0.28501305205672; 6137.8390540418; 5484.24; 1046.5
417; 0.280201111566184; 6209.78735029369; 5557.11; 1059.45
418; 0.262784472410363; 6318.57142231217; 5686.9; 1089.66
419; 0.259951577318653; 6405.55281656907; 5778.65; 1089.96
420; 0.250093171557506; 6488.37156531544; 5873.63; 1107.63
421; 0.233762032775345; 6584.99007064021; 5999.37; 1125.58
422; 0.228983945842037; 6746.18619960813; 6161.07; 1144.72
423; 0.218658478495107; 6850.50920716203; 6283.37; 1158.5
424; 0.204484845113; 6955.55703545918; 6410.67; 1186.66
425; 0.196442304432535; 7095.48048986638; 6557.12; 1217.13
426; 0.187632225494771; 7292.16424019281; 6756.41; 1264.66
427; 0.187143596342155; 7447.56598940051; 6894.52; 1305.3
428; 0.182033291436464; 7586.66482931442; 7042.42; 1316.97
429; 0.179538838422012; 7723.66314259016; 7172.4; 1349.15
430; 0.180681710538578; 7929.3920639159; 7362.29; 1375.69
431; 0.180387991048257; 8079.72769125213; 7500.15; 1404.78
432; 0.182528464393821; 8202.38189756773; 7593.7; 1454.39
433; 0.1808801553673; 8304.02926786889; 7693.05; 1469.65
434; 0.180025695338001; 8467.24813317862; 7850.92; 1485.96
435; 0.179921131274321; 8573.18102267538; 7946.36; 1508.87
436; 0.180963088782251; 8664.78023604932; 8021.43; 1536.4
437; 0.178306754744623; 8762.69292627346; 8119.95; 1554.23
438; 0.173494120570638; 8921.1707340456; 8283.29; 1581.59
439; 0.175867354926301; 9012.0700258874; 8354.04; 1605.86
440; 0.172242923859627; 9101.74384763844; 8452.56; 1613.9
441; 0.177153290891911; 9221.81225126828; 8550.95; 1617.96
442; 0.183659888465709; 9406.69652604241; 8688.97; 1665.9
443; 0.18120160158677; 9508.76015963446; 8792.56; 1681.21
444; 0.177297018220609; 9647.34957328559; 8949.24; 1671.17
445; 0.177134448677899; 9784.45937885951; 9085.03; 1672.09
446; 0.182354668825974; 10002.7307109775; 9265.24; 1708.7
447; 0.180803360586516; 10190.271539587; 9440.26; 1748.86
448; 0.183073286948457; 10390.3808664478; 9630.23; 1746.72
449; 0.187080634707382; 10693.822303062; 9885.28; 1814.28
450; 0.182587715456732; 10877.4764375598; 10081.11; 1827.01
451; 0.185386017964607; 11081.5760122496; 10255.69; 1862.38
452; 0.192611848848514; 11308.8825194523; 10424.07; 1916.49
453; 0.195690516575263; 11665.8849842111; 10737.48; 1975.37
454; 0.193411299293216; 11903.5950424355; 10963; 2020.88
455; 0.202043884278924; 12159.6083519168; 11156.94; 2058.18
456; 0.206841046644435; 12417.4918211327; 11369.12; 2098.01
457; 0.206570099084712; 12800.6832179864; 11721.72; 2157.98
458; 0.211441315375034; 13094.3853028385; 11971.21; 2190.45
459; 0.214117272441827; 13359.696502543; 12197.34; 2234.36
460; 0.214938688703967; 13626.2633843015; 12451.85; 2244.7
461; 0.215844813911123; 13989.2102010834; 12770.64; 2315.01
462; 0.216275245801196; 14225.3398505667; 12991.06; 2335.82
463; 0.221098489963459; 14470.1309689797; 13180.57; 2382.87
464; 0.22236680073141; 14848.9937411092; 13511.27; 2453.29
465; 0.224114982286572; 15106.7067260943; 13729.67; 2501.36
466; 0.227665555432048; 15399.0472022601; 13965.54; 2558.83
467; 0.232626144368417; 15687.4441216588; 14207.98; 2580.21
468; 0.23459508677456; 16241.1757466522; 14678.16; 2698.49
469; 0.23895828948573; 16615.8160112759; 14993.1; 2745.87
470; 0.244694832685612; 17018.0387754593; 15322.49; 2797.27
471; 0.25593619890323; 17521.3947581171; 15732.43; 2817.13
472; 0.264911389882393; 18274.181584404; 16372.18; 2888.96
473; 0.272063628697003; 18829.4572796104; 16816.37; 2972.52
474; 0.27930761270098; 19416.7206680839; 17311.54; 3023
475; 0.290393065814396; 20428.1451782349; 18143.65; 3150.22
476; 0.296891714654374; 21099.0634265619; 18682.99; 3253.44
477; 0.302390927640282; 21820.8120329871; 19269.42; 3367.82
478; 0.304768816898909; 22622.895508511; 19967.43; 3472.23
479; 0.307420656262449; 23815.5503620095; 20949.15; 3709.93
480; 0.308064833012408; 24641.7184809865; 21691.29; 3804.75
481; 0.313286487311236; 25479.8406262241; 22361.32; 3948.55
482; 0.31692335263155; 26722.6833446809; 23416.42; 4131.99
483; 0.316852994873007; 27527.653557044; 24128.61; 4242.65
484; 0.317281434563067; 28309.9213836515; 24824.01; 4338.71
485; 0.32112974533439; 29144.4713062355; 25545.04; 4419.68
486; 0.318360092715072; 30229.1047489627; 26517.16; 4590.47
487; 0.322135448369577; 30942.97657762; 27144.88; 4634.96
488; 0.327232925562029; 31656.1212837481; 27734.19; 4704.39
489; 0.327721433257454; 32301.7484684534; 28301.4; 4784.45
490; 0.323852535212509; 33198.3476085494; 29129.5; 4917.45
491; 0.326952586426446; 33795.3562094735; 29620.01; 4991.8
492; 0.329890813203454; 34345.0352391514; 30076.82; 5050.77
493; 0.333199975345407; 35124.4598388564; 30727.18; 5145.3
494; 0.338089004159252; 35624.4289805218; 31131.56; 5174.67
495; 0.340371474152745; 36076.6167076259; 31508.11; 5219.97
496; 0.341536607522884; 36723.3064344002; 32056.49; 5307.57
497; 0.342877660411721; 37119.3318569927; 32397.48; 5342.56
498; 0.346265023023568; 37521.9301695601; 32734.99; 5356.59
499; 0.349784155037588; 38002.9146791237; 33093.5; 5431.5
500; 0.35297310527874; 38568.0445098896; 33580.19; 5461.63
501; 0.354918691888028; 38952.3506007444; 33912.63; 5481.08
502; 0.355471338772375; 39326.5901753187; 34262.4; 5491.88
503; 0.356023681134491; 39928.3797211449; 34758.54; 5590.61
504; 0.358764733828551; 40373.9210886111; 35092.98; 5659.87
505; 0.362243058161324; 40858.3992270198; 35469.61; 5713.19
506; 0.367851243854652; 41383.8603485835; 35860.16; 5760.06
507; 0.372983855495301; 42081.1166095656; 36434.09; 5800.95
508; 0.372948989609941; 42530.2524072094; 36816.82; 5862.95
509; 0.375595533932629; 43040.0233178872; 37220.5; 5923.17
510; 0.380530211447484; 43844.0602712968; 37815.45; 6049.54
511; 0.384491444760329; 44397.2311824409; 38193.07; 6154.56
512; 0.386322154362325; 44911.6594485589; 38664.27; 6161.05
513; 0.388644196121955; 45621.7850822803; 39275.75; 6213.99
514; 0.385762123448955; 46063.641041789; 39688.32; 6282.11
515; 0.385660044642062; 46563.3721442009; 40099.69; 6363.71
516; 0.388217531995049; 47035.7442710452; 40486.93; 6397.69
517; 0.387927022809945; 47794.8665859138; 41096.3; 6541.34
518; 0.389484488027649; 48317.027120073; 41496.14; 6626.65
519; 0.387520053971404; 48792.7366133036; 41917.64; 6705.56
520; 0.390608548203614; 49573.503562209; 42548.12; 6790.4
521; 0.386902064284469; 50049.4982994502; 42977.56; 6893.52
522; 0.387295684510436; 50556.4168129602; 43423.9; 6938.08
523; 0.38634576903329; 51274.20372771; 44015.23; 7071.04
524; 0.386886138916068; 51826.7593965349; 44459.88; 7158.61
525; 0.388731414145758; 52305.3731638248; 44853.54; 7199.39
526; 0.387241690375206; 52905.0249797701; 45445.09; 7227.5
527; 0.389197297202252; 53369.0103886984; 45749.02; 7338.26
528; 0.386424139150429; 53722.3269948177; 46051.59; 7432.64
529; 0.38789769079195; 54047.4034480133; 46325.08; 7446.85
530; 0.387346472741624; 54474.8043782715; 46663.24; 7536.36
531; 0.386127441051364; 54686.5285259878; 46895.43; 7533.44
532; 0.389149955848088; 54950.966269162; 47103.5; 7522.1
533; 0.391919720762893; 55299.4563238268; 47350.71; 7558.38
534; 0.393276236740991; 55492.5664372374; 47499.48; 7567.35
535; 0.392159878786303; 55675.2653649223; 47665.71; 7596.56
536; 0.391501341669373; 55993.8521533982; 47956; 7628.39
537; 0.389194069066795; 56185.8329836472; 48154.07; 7659.54
538; 0.389753704334771; 56403.2022379678; 48333.48; 7676.39
539; 0.393526784068303; 56781.6391368805; 48638.4; 7664.33
540; 0.391432725679176; 56967.5346248393; 48781.81; 7737.72
541; 0.387384854328446; 57174.858764934; 49000.63; 7801.09
542; 0.386251692408512; 57483.15454866; 49330.89; 7796.44
543; 0.386614774326493; 57728.2795216236; 49574.67; 7784.29
544; 0.386377047302503; 57958.1148860813; 49814.41; 7773.5
545; 0.389872537912485; 58432.1870928999; 50138.07; 7839.71
546; 0.387576851626821; 58743.6855521514; 50409.36; 7917.92
547; 0.386339168654221; 59017.9858316259; 50662.12; 7956.91
548; 0.384819992136047; 59541.3284090472; 51154.89; 8010.79
549; 0.384506528367897; 59845.3665851647; 51448.39; 8020.41
550; 0.381666350385972; 60162.7781038489; 51787.69; 8052.21
551; 0.381765604549243; 60539.2720565015; 52108.28; 8096.98
552; 0.382277482225682; 61036.4519074469; 52532.52; 8149.17
553; 0.378941491453511; 61256.7554791995; 52882.77; 8088.61
554; 0.378617685090911; 61541.5934402715; 53142.48; 8112.9
555; 0.376570903597871; 62029.4100899974; 53645.5; 8135.28
556; 0.375124686103144; 62315.2437209318; 53968.23; 8123.54
557; 0.375721449955981; 62672.9073813414; 54277.78; 8150.4
558; 0.378197510027506; 63295.6490668627; 54687.44; 8295.43
559; 0.378326987859786; 63711.5541182722; 55059.41; 8327.75
560; 0.376195031202812; 64103.8199199195; 55464.5; 8355.33
561; 0.37289878907902; 64871.7313022674; 56171.38; 8481.63
562; 0.372689710572075; 65463.3896464984; 56732.23; 8509.08
563; 0.373505747154427; 66070.1007501713; 57284.76; 8536.23
564; 0.369026195969657; 66968.0845256916; 58131.67; 8683
565; 0.363744798716835; 67479.4767903798; 58723.39; 8722.57
566; 0.362997325992726; 67995.708359003; 59260.3; 8713.46
567; 0.357231355342491; 68625.0053445496; 59968.19; 8768.43
568; 0.356606127444732; 69001.6872213919; 60312.67; 8810.43
569; 0.354943961000927; 69213.7084325407; 60536.87; 8832.97
570; 0.352574620411007; 69293.2726009662; 60654.49; 8847
571; 0.348972472360873; 69201.0617509982; 60645.86; 8845.03
572; 0.347145404267051; 69069.4885650831; 60593.21; 8802.53
573; 0.347537400718044; 68783.9567702683; 60388.41; 8701.9
574; 0.344011182189003; 68501.3296193733; 60192.1; 8693.52
575; 0.344486363277694; 68119.5207883528; 59917.07; 8563.1
576; 0.342845275611773; 67878.7838101771; 59761.86; 8507.77
577; 0.341730130024056; 67662.5633517121; 59641.09; 8428.61
578; 0.340789595421432; 67356.0906679185; 59423.5; 8351.72
579; 0.340252179085245; 67232.8228872872; 59274.96; 8385.25
580; 0.339557416730418; 67084.338292279; 59125.77; 8396.82
581; 0.336636181917454; 66828.9695945952; 58924.46; 8406.26
582; 0.336609719678373; 66699.8069013957; 58842.88; 8350.45
583; 0.334636051038268; 66584.0675654719; 58773.45; 8344.55
584; 0.331766424274512; 66375.3344316755; 58634.76; 8335.83
585; 0.329862170159225; 66263.1569227343; 58543.05; 8356.35
586; 0.324247614548266; 66149.7066556517; 58471.96; 8448.9
587; 0.319829613072551; 65892.0142252534; 58404.36; 8348.32
588; 0.3157750368048; 65724.579791248; 58360.19; 8311.12
589; 0.313705737160931; 65612.2639343352; 58331.89; 8265.55
590; 0.307153306588122; 65467.7349937981; 58337.01; 8263.17
591; 0.303057263690346; 65311.2742307752; 58293.38; 8237.16
592; 0.299982947491478; 65251.6278002125; 58296.42; 8242.06
593; 0.299168866393328; 65302.5904406627; 58354.29; 8251.08
594; 0.300864798459041; 65374.8237465179; 58474.67; 8142.58
595; 0.29717091620197; 65543.9963255869; 58691.02; 8182.26
596; 0.296571772099311; 65761.1334736841; 58910.07; 8191.32
597; 0.294467384079871; 66019.0659852237; 59148.04; 8268.66
598; 0.292737002741707; 66542.4119249842; 59669.64; 8314.38
599; 0.293404161921465; 67072.1518334339; 60111.73; 8395.94
600; 0.290346158725429; 67563.3798377762; 60597.36; 8485.8
601; 0.286984960397185; 68366.6448018469; 61431.73; 8541.42
602; 0.282112189928613; 68977.6878600948; 62030.86; 8698.58
603; 0.280196869484457; 69585.5780837164; 62682.2; 8697.72
604; 0.27802561755579; 70499.4741124406; 63509.51; 8869.93
605; 0.276367606429086; 71061.6980525056; 64042.25; 8955.31
606; 0.274827974963617; 71651.3886139391; 64550.97; 9103.79
607; 0.272798142230953; 72311.7972912721; 65111.84; 9294.41
608; 0.269489446332939; 72615.1824956386; 65429.29; 9384.39
609; 0.266617859734693; 73007.8813287751; 65822.24; 9479.31
610; 0.264188703052414; 73081.3368608101; 65955.41; 9481.14
611; 0.262118861900388; 73149.6385867476; 66022.08; 9552.58
612; 0.258039884902204; 73047.8739743812; 66019.65; 9562.45
613; 0.253904326849432; 72922.3090317865; 66016.95; 9542.42
614; 0.251536593826934; 72659.8752694116; 65905.75; 9415.73
615; 0.245417744386372; 72071.9160995387; 65585.75; 9262.15
616; 0.24412699501452; 71717.0419618925; 65316.88; 9181.97
617; 0.238208133562115; 70957.7009147277; 64768.34; 9095.05
618; 0.235692066301774; 70465.6140425257; 64373.64; 9042.15
619; 0.232220932255846; 69940.2076601791; 63985.54; 8965.65
620; 0.22790571280562; 69177.5428349399; 63448.32; 8784.82
621; 0.226233374213854; 68647.2476883947; 63011.38; 8701.12
622; 0.223198004813236; 68152.5037799863; 62594.57; 8693.06
623; 0.223172772972865; 67558.6713208743; 62070.14; 8581.34
624; 0.221277776638637; 67126.6270907072; 61741.91; 8487.03
625; 0.219251292417507; 66532.6257406868; 61215.67; 8453.6
626; 0.218425644318392; 66167.3088927035; 60906.9; 8391.25
627; 0.219808615881534; 65824.9222156362; 60552.71; 8353.36
628; 0.219204439151373; 65264.4675648811; 59996.17; 8366.11
629; 0.216179619758473; 64892.659838077; 59718.79; 8327.32
630; 0.211865935082565; 64488.8174922282; 59494.05; 8198.99
631; 0.203623906674805; 63867.7496495725; 59130.04; 8088.35
632; 0.200995963401053; 63545.3996548063; 58876.05; 8072.41
633; 0.194544181133445; 63007.8835222558; 58511.89; 8027.04
634; 0.191332708060311; 62711.8734620353; 58308.74; 7989.54
635; 0.185526175573241; 62368.6443607039; 58140.12; 7908.54
636; 0.178449058320752; 61969.3019412307; 57915.51; 7878.13
637; 0.175284883362106; 61687.2129401089; 57722.82; 7838.74
638; 0.174452622456301; 61474.3296864012; 57474.46; 7941.82
639; 0.17517297772635; 61216.0174916513; 57165.91; 8003.89
640; 0.17387985726015; 61029.341212324; 57008.09; 8001.12
641; 0.172869299321445; 60721.2127366874; 56758.58; 7926.46
642; 0.171270150923908; 60460.9148263391; 56539.98; 7912.17
643; 0.172133565615721; 60309.307202656; 56371.02; 7903.44
644; 0.171592514772177; 60005.2994274888; 56100.39; 7857.3
645; 0.170243568849635; 59824.0635230555; 55952.09; 7849.35
646; 0.166479747048971; 59490.1015878841; 55757.04; 7735.25
647; 0.165134145913381; 59281.6114001182; 55605.78; 7675.61
648; 0.163333393367548; 59037.7793921686; 55421.19; 7632.06
649; 0.161492831181223; 58792.5496265479; 55233.83; 7592.22
650; 0.160484683458441; 58648.2601247585; 55116.84; 7578
651; 0.158901180418881; 58442.5993997874; 54970.38; 7521.71
652; 0.159631379585924; 58315.140429531; 54836.02; 7498.47
653; 0.160214278521904; 58175.7257169758; 54697.14; 7466.34
654; 0.161155362777845; 58026.1408642157; 54559.48; 7393.84
655; 0.158730348557425; 57880.9532909231; 54465.02; 7393.93
656; 0.155930807960989; 57658.1632020765; 54312.69; 7368.41
657; 0.152583774842264; 57513.3989332646; 54258.2; 7324.28
658; 0.153278758781394; 57423.0283045828; 54165.73; 7293.21
659; 0.145693849549376; 57155.2673995854; 54053.82; 7302.78
660; 0.140447594457556; 56952.1556133104; 53974.86; 7269.33
661; 0.135107734508154; 56693.9364672202; 53820.55; 7288.84
662; 0.131376366683861; 56514.0071336749; 53704.12; 7326.33
663; 0.128338792571239; 56363.6584863858; 53597.59; 7378.87
664; 0.125036913891476; 56183.132515399; 53483.1; 7388.78
665; 0.126584859615069; 56059.2752857924; 53326.55; 7383.97
666; 0.12263903062985; 55788.9805030407; 53150.66; 7355.43
667; 0.122850428558567; 55632.2350561659; 52998.89; 7326.55
668; 0.123540154113707; 55495.6584297403; 52847.85; 7323.5
669; 0.125065955060534; 55324.4042461515; 52664.94; 7263.21
670; 0.125491866830069; 55211.4063357886; 52553.29; 7232.11
671; 0.12271420879388; 54950.4104831787; 52404.63; 7079.27
672; 0.118790300830277; 54755.4773218697; 52310.27; 7020.25
673; 0.116724708312283; 54558.4047494769; 52154.03; 7021.01
674; 0.115569795118358; 54269.3774643458; 51884.46; 7029.82
675; 0.113609418627805; 54042.2057624128; 51726.62; 6940.14
676; 0.109431880569556; 53712.4308776829; 51487.64; 6919.48
677; 0.105738292185979; 53400.9385697196; 51264.41; 6874.84
678; 0.10473557532031; 52951.5148287868; 50861.27; 6787.88
679; 0.107200794938102; 52740.9951455882; 50607.72; 6765.89
680; 0.106053474723322; 52412.8874616272; 50288.84; 6807.27
681; 0.101616296223251; 51921.6421307083; 49879.04; 6829.65
682; 0.101924920944233; 51645.9924811576; 49603.29; 6806.66
683; 0.10291485909315; 51267.0167749884; 49190.55; 6849.95
684; 0.105221926245336; 50995.5324472845; 48851.84; 6914.18
685; 0.10275680417637; 50578.933141717; 48496.41; 6875.35
686; 0.101596631419618; 50316.6977133824; 48259.88; 6865.56
687; 0.100317896851824; 50039.242413014; 48015.34; 6839.14
688; 0.100017797713239; 49648.8954591876; 47660.66; 6736.35
689; 0.0996308576327253; 49395.9509180576; 47430.35; 6683.12
690; 0.0965989296519418; 49002.0443336884; 47114.92; 6615.1
691; 0.0929705396888688; 48678.0653931485; 46875.41; 6563.05
692; 0.0904626713304483; 48398.8270035307; 46671.62; 6460.16
693; 0.0930013164855599; 48021.0811541089; 46240.6; 6475.1
694; 0.0950216699063356; 47756.9053009725; 45936.72; 6476.21
695; 0.0918036125101617; 47263.499883014; 45505.74; 6470.6
696; 0.0934745969992303; 47035.1449035069; 45255.77; 6430.36
697; 0.0936943144675196; 46628.6585738001; 44881.07; 6297.83
698; 0.0928845789695729; 46342.2203539594; 44617.46; 6267.1
699; 0.0934473017936466; 45981.4372313316; 44279.79; 6143.47
700; 0.0919436135912568; 45736.7562094399; 44098.54; 6008.83
701; 0.0925703226757198; 45527.6661235916; 43886.31; 5977.78
702; 0.0872217982279072; 45187.2358792285; 43667.22; 5873.37
703; 0.0879840951026005; 44967.3188473903; 43450.12; 5809.93
704; 0.0876369605635875; 44667.4727096148; 43177.28; 5727.38
705; 0.0855458798203718; 44423.5485969109; 42984.61; 5663.34
706; 0.0844240120894351; 44111.5342797603; 42694.41; 5649.54
707; 0.0851106098061203; 43906.1038293269; 42461.28; 5711.07
708; 0.085336615854119; 43672.3081157397; 42219.65; 5724.39
709; 0.0832346732433869; 43312.5707626262; 41899.34; 5707.57
710; 0.0846728219725379; 43080.9629529275; 41648.14; 5686.33
711; 0.0802013086074134; 42710.6477812767; 41364.18; 5640.34
712; 0.0815326518233563; 42475.5764727096; 41116.32; 5599.74
713; 0.0848658455291354; 42167.0535772708; 40762.56; 5557.66
714; 0.0837277834856991; 41876.1463106878; 40520.22; 5437.41
715; 0.08214960059421; 41498.8205834595; 40202.88; 5294.92
716; 0.0819575429579922; 41209.3008171858; 39932.78; 5226.2
717; 0.0816782183493856; 40882.6634648162; 39629.07; 5147.84
718; 0.0775462495205324; 40347.4315963429; 39183.73; 5031.33
719; 0.0806331809631114; 39994.5498416041; 38793.68; 4991.12
720; 0.0799460201645063; 39452.5742494016; 38280.05; 4913.24
721; 0.0750385354850036; 39094.4006035822; 37997.72; 4894.17
722; 0.0779232548910399; 38594.4103789382; 37461.34; 4867.58
723; 0.0812176748958258; 38267.2642137404; 37089.11; 4854.17
724; 0.0823329869127261; 37805.5070701083; 36612.24; 4848.05
725; 0.0831131333887726; 37582.2062369491; 36385.09; 4816.26
726; 0.0847695034481247; 37352.0204022484; 36131.54; 4812.54
727; 0.0823339889026198; 37226.5308978655; 36040.6; 4812.86
728; 0.0821458379562697; 37105.3946660392; 35923.5; 4805.84
729; 0.083926370827698; 36998.3695885165; 35794.86; 4788.58
730; 0.0796770160506963; 36935.0994622963; 35804.98; 4735.07
731; 0.07374557331279; 36929.8145441155; 35898.6; 4667.75
732; 0.0740744065393013; 36964.2728376633; 35931.8; 4652.12
733; 0.0760201766059859; 36998.7249010567; 35937.66; 4658
734; 0.0754443840894609; 36988.019038326; 35940.73; 4632.18
735; 0.0730223900591339; 36925.4360500345; 35910.34; 4637.56
736; 0.0741713880316664; 36887.2070315813; 35853.79; 4646.83
737; 0.0729838665821477; 36794.4033688783; 35763.82; 4707.89
738; 0.0735768680578341; 36724.2842164936; 35686.23; 4702.2
739; 0.0756919141545004; 36631.9415377762; 35566.35; 4690.32
740; 0.0711721944567943; 36515.4969479918; 35518.53; 4665.2
741; 0.0732070779984899; 36473.5075784135; 35438.57; 4706.66
742; 0.0780821957305432; 36487.7397763624; 35376.98; 4734.62
743; 0.0820331025317407; 36554.6729594261; 35384.87; 4744.52
744; 0.0828952802422381; 36734.9765624111; 35557.26; 4725.32
745; 0.0803019880169106; 36855.291905295; 35711.59; 4735.27
746; 0.0883161272149818; 37181.822153598; 35904.99; 4804.96
747; 0.0933350770791886; 37423.209202415; 36064.38; 4836.75
748; 0.0971684929790359; 37689.7337387831; 36277.22; 4827.83
749; 0.0982910235407884; 37801.8214537197; 36375.65; 4817.49
750; 0.0989258687844758; 37800.8806362723; 36374; 4787.76
751; 0.0999582139317296; 37758.8935617398; 36336.55; 4723.1
752; 0.0994020128776473; 37497.8763148868; 36099.96; 4667.67
753; 0.09975481099224; 37241.9829845611; 35843.88; 4651.64
754; 0.0923632782544061; 36669.6402126065; 35400.69; 4559.52
755; 0.0912191231830745; 36277.3784048786; 35033.68; 4523.71
756; 0.0891493182368021; 35632.6521751314; 34423.24; 4499.87
757; 0.0881633880141078; 35222.5097791175; 34033.43; 4471.88
758; 0.0928350966072492; 34683.082172637; 33441.09; 4434.02
759; 0.092671742294835; 34292.3426231964; 33053.61; 4428.1
760; 0.0934346036132341; 33920.0682147671; 32681.41; 4389.62
761; 0.0979143675651075; 33381.1840101775; 32094.24; 4350.03
762; 0.0995210987218694; 33048.3271629978; 31738.87; 4352.62
763; 0.0984177381689333; 32535.8188631541; 31268.89; 4256.73
764; 0.0994772862088585; 32221.4771144108; 30955.78; 4205.71
765; 0.0978778675050747; 31747.9646800421; 30523.94; 4133.31
766; 0.0940657717097573; 31441.2327678161; 30282.24; 4071.93
767; 0.0949995197353543; 31015.6173715073; 29889.65; 3917.14
768; 0.0928429784967845; 30733.0297894121; 29645; 3873.2
769; 0.0898836105200166; 30302.4252935157; 29266.15; 3810.18
770; 0.092221575403114; 30075.7868811401; 29018.85; 3787.39
771; 0.0912042145840499; 29722.9313943926; 28680.35; 3776.08
772; 0.0951669752884517; 29524.5372534824; 28446.72; 3739.62
773; 0.0997759945641491; 29179.097048834; 28058.77; 3705.92
774; 0.0979559762093002; 28925.1370758106; 27829.59; 3689.54
775; 0.108750024696766; 28663.1678294033; 27439.76; 3709.91
776; 0.111384607459589; 28468.3560563802; 27237.96; 3641.47
777; 0.114523158471855; 28176.4400764282; 26913.56; 3634.26
778; 0.116945500477124; 27991.3049637069; 26715.7; 3593.82
779; 0.119882854424116; 27690.4688266137; 26401.43; 3541.9
780; 0.118591326614669; 27488.3529173641; 26209.45; 3551.42
781; 0.116798848010732; 27213.8448337905; 25959.69; 3535.36
782; 0.121109701170686; 27077.144648013; 25778.2; 3530.39
783; 0.125272501118457; 26811.8269353785; 25494.21; 3461.37
784; 0.127594600575828; 26649.3396988348; 25318.31; 3432.1
785; 0.128005506828671; 26370.0557124844; 25049.77; 3392.5
786; 0.124777699540823; 26174.0374288782; 24888.1; 3388.75
787; 0.130076191876808; 25928.9209249325; 24582.52; 3402.48
788; 0.131198710219504; 25773.9125322021; 24429.24; 3367.97
789; 0.130105514209869; 25480.6858485549; 24166.33; 3318.75
790; 0.12756130520079; 25276.7094188517; 23986.74; 3321.19
791; 0.120440773144029; 24953.9918371675; 23719.03; 3366.69
792; 0.118546263354166; 24761.2476148915; 23546.07; 3364.95
793; 0.1294361288843; 24574.5421543611; 23263.87; 3323.4
794; 0.131722519277742; 24423.5313892333; 23096.99; 3304.73
795; 0.134458885436988; 24177.4583302226; 22857.12; 3222.13
796; 0.135884154818223; 23949.4893692118; 22628.84; 3188.88
797; 0.138399170148715; 23789.2604281126; 22457.2; 3157.88
798; 0.147017992508139; 23620.8977985405; 22251.53; 3055.91
799; 0.145905633748321; 23463.5153471492; 22129.09; 3000.25
800; 0.147407356655014; 23270.8081354344; 21918.26; 3009.63
801; 0.147750339882092; 23090.0157190512; 21741.23; 2993.24
802; 0.154840893271375; 22913.952602139; 21479.09; 3037.38
803; 0.155097621267677; 22768.9570305578; 21336.34; 3026.35
804; 0.154615128757311; 22579.5639778105; 21187.49; 2948.75
805; 0.156848987840748; 22437.1098869653; 21034.56; 2927.88
806; 0.159544315973404; 22246.9133778938; 20836.79; 2893.22
807; 0.158802031681815; 22104.4895626814; 20715.72; 2862.27
808; 0.156258545590155; 21873.5909021334; 20539.9; 2792.96
809; 0.15596456956082; 21740.3785999225; 20424.64; 2760.03
810; 0.158325790317838; 21529.4364136636; 20224.7; 2695.53
811; 0.157333730763205; 21394.2316933283; 20091.86; 2706.83
812; 0.158762621642183; 21190.6310241195; 19884.31; 2689.74
813; 0.158452776895746; 21086.5182203249; 19793.26; 2667.28
814; 0.15881389349385; 20907.0883759224; 19615.6; 2656.72
815; 0.159256214244989; 20782.4030474437; 19510.51; 2608.64
816; 0.163144478601337; 20631.2656006055; 19316.71; 2631.29
817; 0.161237215317947; 20460.0006287354; 19151.29; 2650.15
818; 0.160728610019272; 20318.9724452043; 19034.43; 2609.02
819; 0.171313046352851; 20171.8129401966; 18814.23; 2586.51
820; 0.169644524710831; 20022.5314045468; 18689.96; 2563.25
821; 0.1741583368397; 19863.8286859052; 18518.27; 2520.42
822; 0.177779214233008; 19764.2749421745; 18404.2; 2495
823; 0.180857987867476; 19616.248979843; 18260.87; 2443.43
824; 0.185813086762428; 19531.8288705495; 18158.8; 2408.62
825; 0.189892849793782; 19398.0324555972; 18009.86; 2382.79
826; 0.189903498228486; 19305.6282973013; 17931.53; 2358.5
827; 0.184404642427225; 19138.6570467437; 17798.05; 2369.86
828; 0.186969137779945; 19046.0210861111; 17684; 2374.92
829; 0.186603449671385; 18890.5863666257; 17555.02; 2333.13
830; 0.181765625263164; 18723.2332910559; 17403.79; 2366.16
831; 0.180989240170239; 18612.5905338872; 17305.83; 2352.33
832; 0.175023096659017; 18436.2980641455; 17198.16; 2303.66
833; 0.171606073462517; 18312.0336263798; 17119.37; 2262.14
834; 0.170545086396055; 18184.3625144638; 17011.62; 2237.18
835; 0.17129958188461; 18093.6280178635; 16937.08; 2196
836; 0.176445053167012; 17975.699644393; 16817.17; 2135.06
837; 0.175676420677988; 17876.3289089146; 16729.78; 2122.5
838; 0.180947096716899; 17751.5883159153; 16579.8; 2106.31
839; 0.191017706766728; 17637.7648745189; 16431.87; 2054.8
840; 0.189200018386059; 17554.0609087064; 16338.43; 2091.29
841; 0.194672309320314; 17434.6515663238; 16176.85; 2105.39
842; 0.194091040980436; 17353.3591120457; 16100.15; 2103.51
843; 0.192242949528951; 17209.7623545059; 15963.29; 2111.77
844; 0.19193573837232; 17118.2127249882; 15892.03; 2080.25
845; 0.197387306999699; 16977.0234761441; 15721.29; 2071.01
846; 0.193901864467669; 16880.5981448979; 15640.73; 2081.13
847; 0.195792483458523; 16761.5852260631; 15512.12; 2076.45
848; 0.192923779269081; 16603.9966590997; 15379; 2065.59
849; 0.197439721737785; 16516.3024357164; 15291.55; 2017.42
850; 0.204198555043432; 16363.0133445636; 15122.34; 1975.49
851; 0.201201174357267; 16245.977309823; 15033.42; 1959.04
852; 0.200735341203362; 16090.2755356129; 14892.72; 1938.79
853; 0.199341907540387; 15985.5263211205; 14821.77; 1896.81
854; 0.199816057686645; 15812.8433216251; 14666.47; 1863.56
855; 0.209662426241137; 15653.4369694856; 14480.87; 1816.21
856; 0.208454070836191; 15559.4981571753; 14373.72; 1846.96
857; 0.211306967253978; 15394.6485044723; 14195.76; 1841.75
858; 0.210975723891965; 15295.2740869222; 14085.44; 1861.12
859; 0.213658977335634; 15136.9795792061; 13917.36; 1852.25
860; 0.214852116440752; 15018.7483223333; 13810.98; 1823.65
861; 0.219080770183534; 14882.1311043367; 13662.8; 1805.22
862; 0.211682965697088; 14699.8391813636; 13537.19; 1781.11
863; 0.209896084854262; 14571.3271351812; 13438.2; 1750.32
864; 0.211985213528555; 14397.4130388316; 13288.14; 1696.2
865; 0.214105919132546; 14297.3754551046; 13208.2; 1648.65
866; 0.206442389991358; 14077.2948806981; 13052.04; 1609.19
867; 0.210349508650765; 13857.2331787431; 12842.9; 1562.12
868; 0.211010007742863; 13695.7603769533; 12685.62; 1550.49
869; 0.216358685673816; 13466.5069591339; 12452.22; 1518.07
870; 0.224793619956004; 13326.634028803; 12312.23; 1460.99
871; 0.229765232352169; 13060.120105614; 12058.87; 1410.52
872; 0.228548966480627; 12861.859484112; 11877.36; 1394.03
873; 0.235950465511894; 12617.6197516073; 11599.66; 1395.92
874; 0.23770695261915; 12373.7675134481; 11341.58; 1404.65
875; 0.243574836359112; 12240.0407562572; 11199.45; 1381.7
876; 0.24365787285425; 12004.6531072579; 10955.32; 1392.56
877; 0.242898676180141; 11839.6910330242; 10806.42; 1375.26
878; 0.243013717712135; 11626.0652465621; 10606.06; 1356.65
879; 0.246764066804655; 11478.4043377819; 10447.83; 1349.61
880; 0.249912357524205; 11385.4505377662; 10366.94; 1316.75
881; 0.25055670414032; 11248.9142343635; 10243.98; 1295.56
882; 0.245448109653644; 11149.5148324788; 10190.2; 1262.24
883; 0.244850992802671; 11050.295646663; 10089.13; 1267.51
884; 0.253086848618533; 10990.7854006401; 9988.4; 1278.6
885; 0.257266685113377; 10940.5777918595; 9913.56; 1288.44
886; 0.252921455416739; 10833.8724978425; 9804.76; 1312.99
887; 0.253068835408977; 10791.3368182251; 9763.04; 1310.97
888; 0.260716618718418; 10736.0355528521; 9696.05; 1286.81
889; 0.270944710993309; 10694.7644961743; 9644.06; 1250.79
890; 0.270453673541512; 10661.934292398; 9630.85; 1229.46
891; 0.26791623118429; 10602.2233736353; 9604.7; 1200.51
892; 0.263231903969903; 10609.297823601; 9632.5; 1196.29
893; 0.259797545856687; 10644.6374227996; 9695.44; 1177.7
894; 0.265603627913392; 10751.6077931206; 9773.06; 1187.38
895; 0.270179676506272; 10848.3363830832; 9825.7; 1219.66
896; 0.267696037102739; 10984.0672118399; 9951.28; 1242.99
897; 0.263541027937094; 11086.7443461105; 10040.59; 1278.76
898; 0.268190347142918; 11304.6041756052; 10233.74; 1286.06
899; 0.272918353810891; 11523.0015919522; 10407.18; 1316.62
900; 0.268087327447735; 11631.7019783783; 10519.34; 1335.97
901; 0.266227419705937; 11771.759823678; 10674.23; 1327.19
902; 0.256597879505013; 11856.0751360113; 10803.41; 1320.49
903; 0.257685681015064; 11919.3643798329; 10845.48; 1341.2
904; 0.258079331478702; 11965.3335848299; 10871.89; 1363.32
905; 0.25600354561016; 11940.2331860866; 10842.71; 1379.32
906; 0.260782390325729; 11893.7720923726; 10775.52; 1379.39
907; 0.26885802400808; 11781.2092333403; 10665.88; 1334.24
908; 0.276246405203444; 11682.2483431342; 10561.98; 1304.09
909; 0.285251229037864; 11458.8597927134; 10342.42; 1258.44
910; 0.279866523443917; 11170.6696910906; 10084.23; 1247.98
911; 0.286595811211112; 10951.0959781681; 9884.34; 1196.4
912; 0.290709957801836; 10573.324741382; 9558.26; 1122.13
913; 0.295369251142531; 10301.1487058237; 9303; 1085.88
914; 0.290548515818651; 9879.66867103514; 8920.23; 1060.91
915; 0.277142703856187; 9455.25828127585; 8545.32; 1054.67
916; 0.270572901176861; 9196.23288574723; 8311.13; 1050.62
917; 0.272039538325893; 8810.61251737934; 7972.82; 988.97
918; 0.277053039475684; 8481.57019646211; 7671.41; 938.89
919; 0.27720591090363; 8272.18957001757; 7486.3; 910.14
920; 0.271631130127096; 7948.84487612693; 7193.89; 892.14
921; 0.276019043063261; 7662.1241192457; 6920.81; 861.98
922; 0.272648216152075; 7463.23050007287; 6748.05; 841.79
923; 0.27960045724756; 7179.73897525463; 6496.05; 784.61
924; 0.281571934485687; 7003.91665660365; 6335.94; 761.11
925; 0.28499049939971; 6733.35309431857; 6077.93; 737.75
926; 0.289191269848926; 6469.85885060709; 5815.14; 726.18
927; 0.283560857988935; 6297.63345406314; 5665.7; 714.73
928; 0.269507506683306; 6007.59914991295; 5437.06; 678.85
929; 0.273314435401911; 5732.72464296013; 5175.42; 653.78
930; 0.282554814930896; 5555.5378106048; 4999.79; 630.57
931; 0.27882512037312; 5238.55654757458; 4725.43; 589.92
932; 0.274661521844546; 4870.10741910651; 4403.79; 544.16
933; 0.27218144923968; 4607.07685099764; 4171.45; 512.91
934; 0.278416434312711; 4167.64162069932; 3774.84; 452.07
935; 0.284260181800028; 3705.09158531599; 3360.06; 388.89
936; 0.284861507410103; 3392.71283177597; 3086.68; 344.16
937; 0.277865640518652; 2913.33058323826; 2658.99; 293.19
938; 0.263408537129347; 2469.38667463435; 2252; 264.31
939; 0.256259564477788; 2212.18309321681; 2024.61; 234.4
940; 0.271299717610316; 1902.85903644858; 1733.22; 200.21
941; 0.257542997144182; 1666.01594330221; 1538.72; 158.24
942; 0.247486473440401; 1552.53345287753; 1438.65; 147.3
943; 0.277885762147625; 1448.26238035501; 1334.26; 131.31
944; 0.28713485703506; 1404.03631419957; 1289.05; 128.16
945; 0.303132808637564; 1408.31661310564; 1279.67; 135.8
946; 0.311739680085466; 1429.57259125711; 1299.75; 133.24
947; 0.292317578830462; 1465.67586946992; 1341.65; 135.73
948; 0.282045233752049; 1506.44890594386; 1372.3; 152.14
949; 0.292940066798581; 1591.30770801472; 1429.17; 177.02
950; 0.311776771462166; 1691.45922942994; 1522.48; 173.32
951; 0.315729506845581; 1757.35972665075; 1580.34; 179.27
952; 0.330654800225757; 1855.00175514293; 1680.01; 169.2
953; 0.316684545200675; 1953.21303927953; 1761.43; 193.59
954; 0.322404290267867; 2022.08452308846; 1813.87; 206.42
955; 0.322241919677142; 2122.98681905334; 1902.81; 218.36
956; 0.317624541246794; 2205.5957987192; 2005.39; 201.42
957; 0.310417506397289; 2264.06974933265; 2063.96; 205.97
958; 0.312651720601171; 2347.46534106317; 2131.01; 221.18
959; 0.304158187227493; 2414.67408913497; 2196.72; 228.9
960; 0.321135748066238; 2460.31977561646; 2252.42; 206.77
961; 0.300871332710467; 2523.72891298535; 2309.05; 227.87
962; 0.29408321188129; 2570.81285663167; 2346.14; 243.95
963; 0.318053309464308; 2615.50112746546; 2362.87; 253.6
964; 0.329277474926002; 2651.01001632901; 2387.56; 255.42
965; 0.293828127220531; 2666.37440291807; 2411.05; 277.37
966; 0.304858848814532; 2700.15991599626; 2422.73; 290.45
967; 0.300615059296432; 2712.20808894183; 2412.51; 318.15
968; 0.306376011397879; 2722.40496470815; 2424.46; 310.3
969; 0.317566515526734; 2724.26172147805; 2433.22; 292.4
970; 0.318260692922937; 2723.20305909504; 2425.52; 298.38
971; 0.311935474243749; 2713.79901100975; 2406.15; 314.58
972; 0.323717614557672; 2700.02479040585; 2389.96; 305.48
973; 0.317986327463958; 2686.38193502698; 2390.88; 296.34
974; 0.343181426413091; 2671.02281077245; 2376.55; 273.6
975; 0.341868187687676; 2650.22886950631; 2360.35; 270.33
976; 0.329697818573799; 2636.04860188248; 2346.14; 280.3
977; 0.314781326141311; 2609.9453877693; 2340.7; 272.63
978; 0.316456404638267; 2584.36930901054; 2312.92; 273.37
979; 0.321729643478408; 2564.48237614549; 2292.47; 269.42
980; 0.322286391894842; 2545.65156422694; 2271.21; 271.32
981; 0.301663777354939; 2508.39911172265; 2242.64; 280.66
982; 0.307707082011556; 2467.67415128546; 2202.63; 274.38
983; 0.312874210884277; 2438.47385530619; 2191.33; 251.59
984; 0.326215727764042; 2398.78579363675; 2150.38; 242.5
985; 0.304206647192944; 2338.22869971453; 2126.43; 221.7
986; 0.295901603808989; 2292.01924106987; 2089.99; 217.38
987; 0.303308817511827; 2270.63607632506; 2070.96; 209.58
988; 0.320579240739152; 2228.78895553913; 2031.15; 196.24
989; 0.337397269245554; 2195.4305506964; 2001.59; 182.85
990; 0.337079954339885; 2175.21587004464; 1964.58; 198.86
991; 0.335485389908796; 2135.72247472435; 1922.47; 202.26
992; 0.379692736281497; 2108.03559844853; 1892.5; 180.6
993; 0.368085824137581; 2060.24906476482; 1843.17; 187.61
994; 0.357932718880345; 2024.17869515423; 1823.97; 177.92
995; 0.314158182144291; 1965.57806712053; 1786.35; 181.45
996; 0.300272650031548; 1913.63357580342; 1743.39; 180.3
997; 0.292109484783833; 1869.26519088427; 1714.96; 167.97
998; 0.28428780656548; 1836.60332138594; 1691.86; 161.88
999; 0.25523450912631; 1787.12111386547; 1639.65; 183.68
1000; 0.247864656051772; 1745.6230836597; 1609.32; 174.8
1001; 0.26122601694953; 1723.87684225002; 1574.59; 181.64
1002; 0.278438883672841; 1689.16776041412; 1536.62; 174.11
1003; 0.248455679697792; 1642.29024758024; 1503.2; 177.89
1004; 0.270318304539098; 1605.43395935825; 1462.01; 168.58
1005; 0.27464163874022; 1579.90931897951; 1442.35; 159.12
1006; 0.304053870336493; 1553.58047674865; 1418.13; 141.51
1007; 0.297112224505664; 1514.26704710413; 1387.48; 135.54
1008; 0.269236814062871; 1473.8896202251; 1361.78; 132.24
1009; 0.301227776888879; 1456.63385269984; 1342.09; 120.75
1010; 0.336185179885348; 1430.67387600558; 1308.87; 115.04
1011; 0.284737922232293; 1382.21755135738; 1283.94; 109.58
1012; 0.241744108203247; 1339.22756609657; 1251.78; 114.83
1013; 0.23768410431946; 1316.59944483442; 1226.98; 119.68
1014; 0.249133642664519; 1281.21998040823; 1191.45; 114.36
1015; 0.23804399536538; 1241.95702040388; 1162.48; 105.95
1016; 0.195286932106844; 1199.4641932001; 1141.02; 94.96
1017; 0.191246216863896; 1178.28309549861; 1125.72; 87.2
1018; 0.212839273579493; 1158.56667944537; 1093.11; 97.56
1019; 0.271292021178704; 1136.82924698452; 1062.77; 86.59
1020; 0.256865488510516; 1099.78559139617; 1039.53; 74.4
1021; 0.272278595806544; 1088.51010794596; 1027.85; 70.65
1022; 0.279197788068198; 1060.0436394409; 1001.12; 66.92
1023; 0.295314229265662; 1041.11159024078; 969.14; 77.27
1024; 0.258824263902601; 1012.63507677724; 953.82; 72.04
1025; 0.253334993283151; 987.785693620331; 932.44; 69.25
1026; 0.2083721525476; 957.950457204521; 909.32; 73.97
1027; 0.209887761827085; 940.073235960982; 891.7; 73.04
1028; 0.182281926086993; 912.107085575481; 867.22; 78.03
1029; 0.220490030064612; 903.503485948911; 845.82; 82.89
1030; 0.193248627255062; 875.801277359721; 820.39; 90.84
1031; 0.228023826333975; 854.139946227108; 787.28; 92.88
1032; 0.247867002953016; 835.840922419262; 774.62; 78.23
1033; 0.276881286804328; 818.741350608877; 749.98; 78.65
1034; 0.27569653840917; 800.707728872435; 726; 85.81
1035; 0.275702558999325; 778.487358299683; 702.83; 86.89
1036; 0.232798426773204; 749.94398241231; 698.12; 70.48
1037; 0.26125540584438; 733.915289570496; 685.86; 58.23
1038; 0.202380446686601; 719.099754909607; 684.37; 54.32
1039; -0.185084964556087; 711.973634451532; 735.85; 40.83
1040; -0.0617468556082341; 724.772685660755; 710.26; -74.38
1041; 0.187335215381373; 704.293410158533; 684.65; 33.18
