# 08/03/2019 17:28:24
# NanoCalc data
# Original file name: C:\SVA_DATA\StudentProjects\2018_Nathan\PSswelling_080319\PSswelling2_676.dat
# Fit Result : Fitness; Thickness 1; Thickness 2; Thickness 3 
# Fit Result : 30.1476911768477; 2; 190; -1
# comment:PS ID:349 ref:withoptics.ref slowslow2 start 15:37
#
# WaveLength; Reflectance; Raw Intensity; Dark Intensity; Reference Intensity
400; 0.212935974242494; 4191.82932715376; 3869.39; 734.26
401; 0.211294952224301; 4333.52300459733; 4006.64; 746.92
402; 0.215963517642833; 4439.12955039243; 4085.87; 786.28
403; 0.212549639921057; 4540.45206502406; 4170.5; 833.19
404; 0.210954953336708; 4646.402274569; 4276.9; 834.94
405; 0.21543037483398; 4817.31919932178; 4420.61; 874.39
406; 0.220599060187802; 4934.36612359895; 4512.32; 904.88
407; 0.220528002860516; 5048.85129693242; 4618.2; 920
408; 0.218398180178142; 5160.10920967551; 4719.05; 947.65
409; 0.209768373712949; 5257.27886388548; 4825.46; 962.39
410; 0.222447738975653; 5430.84311841169; 4957.25; 991.61
411; 0.225015426669428; 5532.73874648005; 5054.41; 986.6
412; 0.238940597441489; 5638.28816357326; 5122.07; 999.14
413; 0.239593872953608; 5727.36562348915; 5198.54; 1017.35
414; 0.243582229535613; 5875.11526948645; 5328.84; 1030.24
415; 0.252624231099016; 5987.62386517684; 5407.41; 1051.61
416; 0.261255832300376; 6083.35840395452; 5484.24; 1046.5
417; 0.271271797591327; 6188.98814306544; 5557.11; 1059.45
418; 0.276045232089531; 6350.44713723036; 5686.9; 1089.66
419; 0.27926435314883; 6452.12777367681; 5778.65; 1089.96
420; 0.288375524490434; 6582.47150982566; 5873.63; 1107.63
421; 0.288570756195424; 6722.29675000081; 5999.37; 1125.58
422; 0.299791600715734; 6927.11899719142; 6161.07; 1144.72
423; 0.30807197039457; 7082.42290771669; 6283.37; 1158.5
424; 0.309051466303299; 7234.19380287771; 6410.67; 1186.66
425; 0.306782379344903; 7397.87328124252; 6557.12; 1217.13
426; 0.313602862309437; 7651.8535346905; 6756.41; 1264.66
427; 0.322737610256941; 7848.2728639504; 6894.52; 1305.3
428; 0.328947419320849; 8025.91005651079; 7042.42; 1316.97
429; 0.335846133546151; 8203.5952368224; 7172.4; 1349.15
430; 0.337999287756119; 8423.16159080593; 7362.29; 1375.69
431; 0.33737958464786; 8584.13391494643; 7500.15; 1404.78
432; 0.335768704560236; 8713.39567548996; 7593.7; 1454.39
433; 0.341397688911445; 8846.22741517683; 7693.05; 1469.65
434; 0.346211224337202; 9036.19367540844; 7850.92; 1485.96
435; 0.346342551658099; 9152.97086826611; 7946.36; 1508.87
436; 0.344323412987871; 9245.5500706383; 8021.43; 1536.4
437; 0.344864904432124; 9363.08561850862; 8119.95; 1554.23
438; 0.355357826446225; 9589.82367639669; 8283.29; 1581.59
439; 0.361678601683539; 9707.30638493239; 8354.04; 1605.86
440; 0.369697242114083; 9845.9494799216; 8452.56; 1613.9
441; 0.372812580213847; 9962.75491541643; 8550.95; 1617.96
442; 0.381491768699664; 10179.8059367413; 8688.97; 1665.9
443; 0.385019987747806; 10314.3532638161; 8792.56; 1681.21
444; 0.39222278039636; 10493.6228700756; 8949.24; 1671.17
445; 0.402699722394337; 10675.1217004198; 9085.03; 1672.09
446; 0.399571436046432; 10881.2130066325; 9265.24; 1708.7
447; 0.396852822737284; 11086.4915501498; 9440.26; 1748.86
448; 0.398489740587463; 11284.8259633281; 9630.23; 1746.72
449; 0.3982881933248; 11606.6385661442; 9885.28; 1814.28
450; 0.398545523580583; 11819.3883832162; 10081.11; 1827.01
451; 0.403770795921031; 12054.4699520551; 10255.69; 1862.38
452; 0.401632838882757; 12269.0746878794; 10424.07; 1916.49
453; 0.397651181643453; 12624.0371284505; 10737.48; 1975.37
454; 0.400213862877952; 12909.3142883203; 10963; 2020.88
455; 0.40023317429141; 13143.1477918439; 11156.94; 2058.18
456; 0.406247165818849; 13428.1797851288; 11369.12; 2098.01
457; 0.403931168271456; 13831.5455512016; 11721.72; 2157.98
458; 0.404982194630117; 14122.473570656; 11971.21; 2190.45
459; 0.406727776428228; 14405.3014143442; 12197.34; 2234.36
460; 0.407407757824489; 14677.9039809859; 12451.85; 2244.7
461; 0.406617501920176; 15066.2335892114; 12770.64; 2315.01
462; 0.404362800493763; 15298.752936005; 12991.06; 2335.82
463; 0.403090928248112; 15531.6051794101; 13180.57; 2382.87
464; 0.400894998264048; 15922.9913320773; 13511.27; 2453.29
465; 0.400501203630119; 16190.4821269574; 13729.67; 2501.36
466; 0.393682299310481; 16444.379675123; 13965.54; 2558.83
467; 0.397588165430647; 16736.5755177041; 14207.98; 2580.21
468; 0.386095657326638; 17250.5650763922; 14678.16; 2698.49
469; 0.379817068705345; 17572.3586650602; 14993.1; 2745.87
470; 0.381137457278045; 17963.4822182532; 15322.49; 2797.27
471; 0.384978357760224; 18423.3846895757; 15732.43; 2817.13
472; 0.38889707217008; 19164.3696743131; 16372.18; 2888.96
473; 0.383654202665367; 19655.1522321331; 16816.37; 2972.52
474; 0.385960974420466; 20220.5820204717; 17311.54; 3023
475; 0.379979823463489; 21132.9158493564; 18143.65; 3150.22
476; 0.379168636484994; 21768.6243292152; 18682.99; 3253.44
477; 0.378695437065929; 22464.623403086; 19269.42; 3367.82
478; 0.376010634022719; 23243.6289223191; 19967.43; 3472.23
479; 0.3688652392771; 24388.4616853344; 20949.15; 3709.93
480; 0.364778913779896; 25184.8860913013; 21691.29; 3804.75
481; 0.360809270284594; 25952.8925608604; 22361.32; 3948.55
482; 0.358605481607271; 27157.5269559717; 23416.42; 4131.99
483; 0.35443892717582; 27930.8570081605; 24128.61; 4242.65
484; 0.352183019917238; 28693.3785306514; 24824.01; 4338.71
485; 0.34993575034827; 29467.3477689766; 25545.04; 4419.68
486; 0.344473105644813; 30533.5714941427; 26517.16; 4590.47
487; 0.343917135155897; 31199.7907545652; 27144.88; 4634.96
488; 0.340923880085514; 31820.2092426777; 27734.19; 4704.39
489; 0.335311353866708; 32394.3952232998; 28301.4; 4784.45
490; 0.325180212994665; 33215.0284060775; 29129.5; 4917.45
491; 0.321096693253787; 33720.5735578701; 29620.01; 4991.8
492; 0.320404653700752; 34222.3007799609; 30076.82; 5050.77
493; 0.312119588103184; 34846.2594526786; 30727.18; 5145.3
494; 0.30749910037387; 35217.9193687222; 31131.56; 5174.67
495; 0.301626756912674; 35556.5804706382; 31508.11; 5219.97
496; 0.291532008297421; 36040.0347723856; 32056.49; 5307.57
497; 0.291006364930127; 36404.999600408; 32397.48; 5342.56
498; 0.28804771246746; 36717.1050675866; 32734.99; 5356.59
499; 0.281781430658686; 37048.4587139862; 33093.5; 5431.5
500; 0.2772907214322; 37498.5785535809; 33580.19; 5461.63
501; 0.273583816048742; 37797.4239691102; 33912.63; 5481.08
502; 0.268900914611558; 38093.2724821892; 34262.4; 5491.88
503; 0.262215861751126; 38566.191146338; 34758.54; 5590.61
504; 0.260572314340854; 38928.5494180764; 35092.98; 5659.87
505; 0.256530569400023; 39285.8022986208; 35469.61; 5713.19
506; 0.251626950868947; 39638.6218088093; 35860.16; 5760.06
507; 0.247076037768692; 40174.8550205477; 36434.09; 5800.95
508; 0.241777518103272; 40520.7568539667; 36816.82; 5862.95
509; 0.237096097142618; 40894.0960394806; 37220.5; 5923.17
510; 0.233247220818777; 41510.7061160142; 37815.45; 6049.54
511; 0.230890632931024; 41918.725594529; 38193.07; 6154.56
512; 0.224154689630237; 42289.1763819611; 38664.27; 6161.05
513; 0.219754592040274; 42864.0458358708; 39275.75; 6213.99
514; 0.213591419363724; 43218.2514977856; 39688.32; 6282.11
515; 0.208468919499057; 43593.6397915516; 40099.69; 6363.71
516; 0.202994670706465; 43911.2328377337; 40486.93; 6397.69
517; 0.194876570794815; 44461.3496323974; 41096.3; 6541.34
518; 0.188974769677811; 44805.5800730605; 41496.14; 6626.65
519; 0.183856914229792; 45179.4945424928; 41917.64; 6705.56
520; 0.17836675890598; 45756.1780464137; 42548.12; 6790.4
521; 0.17109335166757; 46104.8672390474; 42977.56; 6893.52
522; 0.16649857523737; 46490.1719330725; 43423.9; 6938.08
523; 0.162235832818604; 47063.446759485; 44015.23; 7071.04
524; 0.157411089037372; 47457.2179554627; 44459.88; 7158.61
525; 0.154708597564623; 47819.2448957422; 44853.54; 7199.39
526; 0.148692772087604; 48309.5502048414; 45445.09; 7227.5
527; 0.14856392262279; 48657.7135357228; 45749.02; 7338.26
528; 0.145696397494533; 48943.7456213597; 46051.59; 7432.64
529; 0.14387895994638; 49189.4431876263; 46325.08; 7446.85
530; 0.139170282098748; 49469.8684183818; 46663.24; 7536.36
531; 0.136150280983153; 49642.6065554719; 46895.43; 7533.44
532; 0.133495461205549; 49795.5242779257; 47103.5; 7522.1
533; 0.130680035401642; 50001.1059764372; 47350.71; 7558.38
534; 0.129352363975354; 50128.4835591368; 47499.48; 7567.35
535; 0.126278904620926; 50244.8567528839; 47665.71; 7596.56
536; 0.12192521440972; 50459.2273018986; 47956; 7628.39
537; 0.118652242132419; 50602.6856445574; 48154.07; 7659.54
538; 0.119083531966652; 50799.0653565965; 48333.48; 7676.39
539; 0.116858697631575; 51056.5538806598; 48638.4; 7664.33
540; 0.117955568078141; 51248.5219913871; 48781.81; 7737.72
541; 0.116897559307608; 51467.2917219698; 49000.63; 7801.09
542; 0.116554231549785; 51790.8945735325; 49330.89; 7796.44
543; 0.113978306142597; 51978.4441543679; 49574.67; 7784.29
544; 0.113399960901452; 52204.5515006973; 49814.41; 7773.5
545; 0.117458589236328; 52636.8746039591; 50138.07; 7839.71
546; 0.116937855655454; 52923.9533104938; 50409.36; 7917.92
547; 0.117261448218364; 53198.2877200578; 50662.12; 7956.91
548; 0.1160681308639; 53684.3797630973; 51154.89; 8010.79
549; 0.116280439471472; 53987.7594398353; 51448.39; 8020.41
550; 0.114733946886442; 54305.3521221769; 51787.69; 8052.21
551; 0.114956829286109; 54647.0108416538; 52108.28; 8096.98
552; 0.116300172105788; 55119.668839251; 52532.52; 8149.17
553; 0.113806633318205; 55397.7099480847; 52882.77; 8088.61
554; 0.113473611624584; 55659.7362562241; 53142.48; 8112.9
555; 0.112126124395839; 56141.8568260134; 53645.5; 8135.28
556; 0.112158792987069; 56463.9094864969; 53968.23; 8123.54
557; 0.113313508016522; 56809.659225785; 54277.78; 8150.4
558; 0.118199611203726; 57377.798709103; 54687.44; 8295.43
559; 0.119306420646093; 57787.8866320921; 55059.41; 8327.75
560; 0.121829445352969; 58262.3135455575; 55464.5; 8355.33
561; 0.1237532876775; 59058.7508071405; 56171.38; 8481.63
562; 0.123402676145134; 59623.2367427792; 56732.23; 8509.08
563; 0.124406430675812; 60210.9609843926; 57284.76; 8536.23
564; 0.124494928106478; 61112.728805878; 58131.67; 8683
565; 0.124865843152282; 61729.1681270062; 58723.39; 8722.57
566; 0.126549546379315; 62305.6722000477; 59260.3; 8713.46
567; 0.127675439497423; 63062.1589006407; 59968.19; 8768.43
568; 0.128328306773636; 63439.5003647446; 60312.67; 8810.43
569; 0.129772042917059; 63709.2328887128; 60536.87; 8832.97
570; 0.134434809582972; 63948.4114190623; 60654.49; 8847
571; 0.138313168183921; 64036.6634368096; 60645.86; 8845.03
572; 0.142314703281601; 64068.1200927; 60593.21; 8802.53
573; 0.147003026144975; 63939.5983866922; 60388.41; 8701.9
574; 0.14977362893875; 63809.7250604992; 60192.1; 8693.52
575; 0.153407240692176; 63569.7990380439; 59917.07; 8563.1
576; 0.155876843330454; 63452.2724136654; 59761.86; 8507.77
577; 0.157837105700369; 63346.019785377; 59641.09; 8428.61
578; 0.161414387543973; 63180.7575028756; 59423.5; 8351.72
579; 0.162650876690184; 63079.0601785128; 59274.96; 8385.25
580; 0.165412054521767; 63002.7082361122; 59125.77; 8396.82
581; 0.167684024942793; 62861.8263771699; 58924.46; 8406.26
582; 0.170446108455049; 62821.3230943891; 58842.88; 8350.45
583; 0.172569235310661; 62801.3253481446; 58773.45; 8344.55
584; 0.176279382024761; 62747.6043914005; 58634.76; 8335.83
585; 0.17835931274234; 62717.3782182726; 58543.05; 8356.35
586; 0.178883449221325; 62707.6790689711; 58471.96; 8448.9
587; 0.183401314408225; 62698.0387921332; 58404.36; 8348.32
588; 0.182784657618742; 62623.0268606488; 58360.19; 8311.12
589; 0.184679014516716; 62617.8565101262; 58331.89; 8265.55
590; 0.184333784315111; 62616.4154135961; 58337.01; 8263.17
591; 0.186491007081085; 62611.9505128753; 58293.38; 8237.16
592; 0.19086383029691; 62721.6635425424; 58296.42; 8242.06
593; 0.197843170737689; 62949.266098253; 58354.29; 8251.08
594; 0.202414443563205; 63116.9238903039; 58474.67; 8142.58
595; 0.204768322751262; 63413.1256689505; 58691.02; 8182.26
596; 0.208559822918731; 63727.9816129706; 58910.07; 8191.32
597; 0.212211489677252; 64099.7281623125; 59148.04; 8268.66
598; 0.218984991169539; 64810.8892619898; 59669.64; 8314.38
599; 0.222623329800088; 65393.0193833014; 60111.73; 8395.94
600; 0.224125020841901; 65974.5943611514; 60597.36; 8485.8
601; 0.22831988562656; 66949.0189624468; 61431.73; 8541.42
602; 0.23099552048266; 67718.9733624608; 62030.86; 8698.58
603; 0.234001176203345; 68447.4271216957; 62682.2; 8697.72
604; 0.240788934166836; 69563.2903073534; 63509.51; 8869.93
605; 0.244825337310949; 70260.5574181392; 64042.25; 8955.31
606; 0.247590410602518; 70947.6825628592; 64550.97; 9103.79
607; 0.251712137709521; 71755.2746890421; 65111.84; 9294.41
608; 0.252688629673718; 72167.1914370094; 65429.29; 9384.39
609; 0.253510294167695; 72654.6181792188; 65822.24; 9479.31
610; 0.254796026808804; 72827.9894497894; 65955.41; 9481.14
611; 0.256861559486507; 73006.6815683495; 66022.08; 9552.58
612; 0.259583096904776; 73089.9063896342; 66019.65; 9562.45
613; 0.259304511016908; 73069.1762040671; 66016.95; 9542.42
614; 0.259099421923888; 72862.9482600278; 65905.75; 9415.73
615; 0.260672458478585; 72475.0842145846; 65585.75; 9262.15
616; 0.263046702279314; 72213.0509786712; 65316.88; 9181.97
617; 0.265173679884523; 71658.3465894005; 64768.34; 9095.05
618; 0.266334997604976; 71257.6472450646; 64373.64; 9042.15
619; 0.266476266621689; 70818.5915756833; 63985.54; 8965.65
620; 0.270938689342485; 70259.3301617926; 63448.32; 8784.82
621; 0.272270451880093; 69794.1115381201; 63011.38; 8701.12
622; 0.276995176746859; 69492.1265037996; 62594.57; 8693.06
623; 0.282112719135491; 69008.1928563868; 62070.14; 8581.34
624; 0.283943204436608; 68651.5682989301; 61741.91; 8487.03
625; 0.287738187101538; 68193.4678905185; 61215.67; 8453.6
626; 0.290754659621229; 67909.2297943763; 60906.9; 8391.25
627; 0.295023284047144; 67628.9811271006; 60552.71; 8353.36
628; 0.297353471829034; 67142.6793390013; 59996.17; 8366.11
629; 0.300798666001318; 66917.8643026413; 59718.79; 8327.32
630; 0.3003604985885; 66575.0885525858; 59494.05; 8198.99
631; 0.30281848184354; 66175.7060366027; 59130.04; 8088.35
632; 0.303644847704068; 65930.0422335737; 58876.05; 8072.41
633; 0.305823588528778; 65579.5949550779; 58511.89; 8027.04
634; 0.306160223511089; 65354.3953850737; 58308.74; 7989.54
635; 0.305915592427087; 65112.5675853621; 58140.12; 7908.54
636; 0.303869995955054; 64818.4645595599; 57915.51; 7878.13
637; 0.302550264388575; 64565.5557177878; 57722.82; 7838.74
638; 0.30249092461107; 64410.0065267733; 57474.46; 7941.82
639; 0.300743711203918; 64119.2904449953; 57165.91; 8003.89
640; 0.299287155853355; 63929.586585471; 57008.09; 8001.12
641; 0.301897200089617; 63678.8818285213; 56758.58; 7926.46
642; 0.304003518552395; 63499.6164386417; 56539.98; 7912.17
643; 0.305378717555635; 63357.8565940768; 56371.02; 7903.44
644; 0.309568239762763; 63145.1957685132; 56100.39; 7857.3
645; 0.31069344779992; 63018.41744953; 55952.09; 7849.35
646; 0.315213364160661; 62825.2325134697; 55757.04; 7735.25
647; 0.320146473041209; 62732.1344661397; 55605.78; 7675.61
648; 0.325756376616141; 62634.2101412646; 55421.19; 7632.06
649; 0.327373829970234; 62447.9686426365; 55233.83; 7592.22
650; 0.328290215300825; 62340.7734501653; 55116.84; 7578
651; 0.332773605969866; 62241.9620445125; 54970.38; 7521.71
652; 0.332896246093292; 62091.3988215176; 54836.02; 7498.47
653; 0.337543239475571; 62025.9068398477; 54697.14; 7466.34
654; 0.339902059309823; 61871.2141326085; 54559.48; 7393.84
655; 0.338405814492373; 61747.632922306; 54465.02; 7393.93
656; 0.338678240748398; 61578.9832576713; 54312.69; 7368.41
657; 0.337786211110721; 61464.4794043193; 54258.2; 7324.28
658; 0.338771405548631; 61364.8979323843; 54165.73; 7293.21
659; 0.332931149500667; 61141.0680276519; 54053.82; 7302.78
660; 0.332904315190148; 61031.9730897316; 53974.86; 7269.33
661; 0.328146153913703; 60799.3563678108; 53820.55; 7288.84
662; 0.327126047448062; 60700.7153163109; 53704.12; 7326.33
663; 0.324310830874106; 60587.4170904841; 53597.59; 7378.87
664; 0.322553543062209; 60448.2835375672; 53483.1; 7388.78
665; 0.32488491322751; 60340.1946021194; 53326.55; 7383.97
666; 0.327271998124296; 60191.2279031212; 53150.66; 7355.43
667; 0.330054364338321; 60073.7292072717; 52998.89; 7326.55
668; 0.331652542752852; 59956.0846039293; 52847.85; 7323.5
669; 0.336606421606744; 59822.7052195983; 52664.94; 7263.21
670; 0.338398483611707; 59721.1054131885; 52553.29; 7232.11
671; 0.341589811480195; 59491.1172443553; 52404.63; 7079.27
672; 0.339805041945756; 59304.8964195522; 52310.27; 7020.25
673; 0.339423236772545; 59145.7001586287; 52154.03; 7021.01
674; 0.339535322241308; 58891.1672364909; 51884.46; 7029.82
675; 0.34114732559226; 58679.8805620895; 51726.62; 6940.14
676; 0.336162613848906; 58321.9511058364; 51487.64; 6919.48
677; 0.337468535453797; 58083.2374320746; 51264.41; 6874.84
678; 0.339484218578367; 57636.476324766; 50861.27; 6787.88
679; 0.339546206856165; 57364.6240349303; 50607.72; 6765.89
680; 0.340930728288777; 57117.0278543037; 50288.84; 6807.27
681; 0.335224023551919; 56617.4208524907; 49879.04; 6829.65
682; 0.334059330346851; 56298.2554376157; 49603.29; 6806.66
683; 0.334863756757245; 55946.9452492504; 49190.55; 6849.95
684; 0.335902871461815; 55695.2088135965; 48851.84; 6914.18
685; 0.333349910036212; 55252.2536397861; 48496.41; 6875.35
686; 0.332371691020448; 54988.7249623313; 48259.88; 6865.56
687; 0.332931698883803; 54732.2000009136; 48015.34; 6839.14
688; 0.330941519212362; 54239.3857714066; 47660.66; 6736.35
689; 0.333569467558275; 54011.2875453289; 47430.35; 6683.12
690; 0.332225868910633; 53605.1732953628; 47114.92; 6615.1
691; 0.328877093658661; 53252.1834225358; 46875.41; 6563.05
692; 0.33075195357661; 52986.6788220217; 46671.62; 6460.16
693; 0.32703524222766; 52501.5875593126; 46240.6; 6475.1
694; 0.32784027168195; 52216.6563994606; 45936.72; 6476.21
695; 0.327658950244946; 51779.4120517105; 45505.74; 6470.6
696; 0.33005644089446; 51538.6978383863; 45255.77; 6430.36
697; 0.331311402786552; 51060.6981361362; 44881.07; 6297.83
698; 0.332003589976517; 50782.3867910368; 44617.46; 6267.1
699; 0.335937465197874; 50397.1101000158; 44279.79; 6143.47
700; 0.338146269202859; 50123.501144473; 44098.54; 6008.83
701; 0.339086912058113; 49898.6297526927; 43886.31; 5977.78
702; 0.337814903247886; 49554.3265216416; 43667.22; 5873.37
703; 0.337914744936642; 49277.1261303263; 43450.12; 5809.93
704; 0.338434348160965; 48932.0710729601; 43177.28; 5727.38
705; 0.336978119102169; 48652.8060944084; 42984.61; 5663.34
706; 0.332435706385353; 48274.6080896013; 42694.41; 5649.54
707; 0.327005034777114; 48012.4641312396; 42461.28; 5711.07
708; 0.325093069324297; 47753.6060960791; 42219.65; 5724.39
709; 0.318195515793301; 47301.9405500604; 41899.34; 5707.57
710; 0.316537767802913; 47004.5527025736; 41648.14; 5686.33
711; 0.313441708740549; 46626.4278293134; 41364.18; 5640.34
712; 0.312023607137677; 46318.1636559499; 41116.32; 5599.74
713; 0.312646914984691; 45936.7332060959; 40762.56; 5557.66
714; 0.312764282827385; 45585.2689296841; 40520.22; 5437.41
715; 0.311524777007945; 45117.2995267851; 40202.88; 5294.92
716; 0.31261582306054; 44801.8938303524; 39932.78; 5226.2
717; 0.312606606039839; 44426.9415293911; 39629.07; 5147.84
718; 0.304652009824208; 43755.5053257382; 39183.73; 5031.33
719; 0.306791664405483; 43362.727791983; 38793.68; 4991.12
720; 0.306244415895563; 42771.5681911807; 38280.05; 4913.24
721; 0.299156331423093; 42369.8595145842; 37997.72; 4894.17
722; 0.300069756606046; 41824.609389875; 37461.34; 4867.58
723; 0.30041116047345; 41446.9135817992; 37089.11; 4854.17
724; 0.297997261353188; 40931.1689285976; 36612.24; 4848.05
725; 0.294361054349659; 40624.906059384; 36385.09; 4816.26
726; 0.293502319298209; 40357.2793773354; 36131.54; 4812.54
727; 0.289161881145919; 40205.6600670088; 36040.6; 4812.86
728; 0.287521317459354; 40060.2879363367; 35923.5; 4805.84
729; 0.287056131685146; 39911.2635036709; 35794.86; 4788.58
730; 0.285670022330533; 39856.8542798416; 35804.98; 4735.07
731; 0.282965531061889; 39855.4228709367; 35898.6; 4667.75
732; 0.283102443070605; 39877.7726564457; 35931.8; 4652.12
733; 0.283514283134851; 39894.8601567668; 35937.66; 4658
734; 0.281207632763502; 39844.3429042765; 35940.73; 4632.18
735; 0.271732897397586; 39687.7429388706; 35910.34; 4637.56
736; 0.269000486163058; 39601.7269239507; 35853.79; 4646.83
737; 0.2608701886721; 39447.4899735416; 35763.82; 4707.89
738; 0.261658277106336; 39377.8179270259; 35686.23; 4702.2
739; 0.259009360484846; 39212.6864128185; 35566.35; 4690.32
740; 0.254347517986937; 39081.3830309075; 35518.53; 4665.2
741; 0.251005130763227; 38987.0607921992; 35438.57; 4706.66
742; 0.255226779639293; 39007.7134600601; 35376.98; 4734.62
743; 0.260486887234511; 39099.4476786964; 35384.87; 4744.52
744; 0.260306092051999; 39255.5018662473; 35557.26; 4725.32
745; 0.257411324576036; 39377.7734860193; 35711.59; 4735.27
746; 0.25297582565701; 39562.3929961209; 35904.99; 4804.96
747; 0.252296960967283; 39737.4736425117; 36064.38; 4836.75
748; 0.256617918300108; 40007.6095954734; 36277.22; 4827.83
749; 0.255367946974646; 40080.957596264; 36375.65; 4817.49
750; 0.252334952442722; 40013.612792076; 36374; 4787.76
751; 0.250024968765548; 39894.2506692092; 36336.55; 4723.1
752; 0.249205554972615; 39604.6024209279; 36099.96; 4667.67
753; 0.247642599015356; 39314.6886090681; 35843.88; 4651.64
754; 0.242970232788482; 38738.7820900702; 35400.69; 4559.52
755; 0.239478439461878; 38298.7733572756; 35033.68; 4523.71
756; 0.235083221918615; 37612.4120136579; 34423.24; 4499.87
757; 0.229819151998266; 37133.0534678655; 34033.43; 4471.88
758; 0.228218151381843; 36494.3012102936; 33441.09; 4434.02
759; 0.2266616183222; 36083.3700335271; 33053.61; 4428.1
760; 0.224015407286916; 35651.1718841402; 32681.41; 4389.62
761; 0.224244736836776; 35041.6156309974; 32094.24; 4350.03
762; 0.223360841413743; 34677.7589137954; 31738.87; 4352.62
763; 0.218958185840805; 34087.5327632529; 31268.89; 4256.73
764; 0.215208637024008; 33693.9824707196; 30955.78; 4205.71
765; 0.211532351579153; 33169.2859352985; 30523.94; 4133.31
766; 0.205280686697841; 32811.5216603814; 30282.24; 4071.93
767; 0.202600291833736; 32290.9391717572; 29889.65; 3917.14
768; 0.19884194436114; 31975.2350091777; 29645; 3873.2
769; 0.192845013196682; 31489.4754927931; 29266.15; 3810.18
770; 0.18918626329057; 31187.0838238405; 29018.85; 3787.39
771; 0.185875678044926; 30805.1478997853; 28680.35; 3776.08
772; 0.187040699586155; 30565.0566657008; 28446.72; 3739.62
773; 0.188065688800053; 30170.4510615687; 28058.77; 3705.92
774; 0.185721940094523; 29906.7182800519; 27829.59; 3689.54
775; 0.186182457804854; 29534.2613779182; 27439.76; 3709.91
776; 0.189231208230249; 29328.2787402715; 27237.96; 3641.47
777; 0.186902281143824; 28974.5856497032; 26913.56; 3634.26
778; 0.18885119246157; 28775.6297751781; 26715.7; 3593.82
779; 0.186744130793856; 28409.3938276204; 26401.43; 3541.9
780; 0.183047006637035; 28183.4506076794; 26209.45; 3551.42
781; 0.178679678037017; 27878.3046586794; 25959.69; 3535.36
782; 0.179009273922958; 27698.1381722461; 25778.2; 3530.39
783; 0.177618045420793; 27362.3976915188; 25494.21; 3461.37
784; 0.178588142337861; 27181.2894696537; 25318.31; 3432.1
785; 0.180820315155136; 26914.8028766386; 25049.77; 3392.5
786; 0.178342520115288; 26726.0672218727; 24888.1; 3388.75
787; 0.177623135796524; 26421.0728579462; 24582.52; 3402.48
788; 0.17261356708894; 26198.3787511477; 24429.24; 3367.97
789; 0.169470934875608; 25878.3643881391; 24166.33; 3318.75
790; 0.165764460439565; 25663.0405392812; 23986.74; 3321.19
791; 0.161370348767515; 25373.6708427649; 23719.03; 3366.69
792; 0.156079090983769; 25145.9839251607; 23546.07; 3364.95
793; 0.157596372270605; 24859.6931951455; 23263.87; 3323.4
794; 0.156380265986876; 24671.8527981636; 23096.99; 3304.73
795; 0.157067399326118; 24399.4658783305; 22857.12; 3222.13
796; 0.155367358530137; 24138.8453741617; 22628.84; 3188.88
797; 0.156349060154248; 23962.0240230074; 22457.2; 3157.88
798; 0.154990816960179; 23695.1589748889; 22251.53; 3055.91
799; 0.151838325450159; 23517.7746240556; 22129.09; 3000.25
800; 0.148105460161216; 23277.2136406757; 21918.26; 3009.63
801; 0.144624253706799; 23061.4782524496; 21741.23; 2993.24
802; 0.146602622144062; 22837.611095079; 21479.09; 3037.38
803; 0.144331260773279; 22669.5095259776; 21336.34; 3026.35
804; 0.140948788338373; 22456.519376535; 21187.49; 2948.75
805; 0.142272195608774; 22306.7636311257; 21034.56; 2927.88
806; 0.138842382309268; 22063.9405126476; 20836.79; 2893.22
807; 0.139388329570537; 21934.711139159; 20715.72; 2862.27
808; 0.138984370258872; 21726.1531386871; 20539.9; 2792.96
809; 0.137996457440005; 21588.7971301588; 20424.64; 2760.03
810; 0.142052934819884; 21395.3345274211; 20224.7; 2695.53
811; 0.138259032473921; 21236.3358181702; 20091.86; 2706.83
812; 0.13974000249575; 21034.1102570286; 19884.31; 2689.74
813; 0.137021293501423; 20911.5989628877; 19793.26; 2667.28
814; 0.137759072286423; 20735.868741114; 19615.6; 2656.72
815; 0.13750519438512; 20608.689443452; 19510.51; 2608.64
816; 0.134108702257133; 20397.3064575292; 19316.71; 2631.29
817; 0.130765405383547; 20212.6707461192; 19151.29; 2650.15
818; 0.129651166157169; 20070.6016310441; 19034.43; 2609.02
819; 0.134006123624551; 19876.1714643988; 18814.23; 2586.51
820; 0.128928656848758; 19702.7049832886; 18689.96; 2563.25
821; 0.129197661031904; 19516.4595679225; 18518.27; 2520.42
822; 0.123540190841406; 19349.3269015883; 18404.2; 2495
823; 0.124211782330765; 19191.7331639943; 18260.87; 2443.43
824; 0.122952893529286; 19067.3359673786; 18158.8; 2408.62
825; 0.12393058533535; 18915.8289459366; 18009.86; 2382.79
826; 0.115787345384713; 18769.3407598141; 17931.53; 2358.5
827; 0.108823151373247; 18589.1856333526; 17798.05; 2369.86
828; 0.107861832489739; 18469.7451341007; 17684; 2374.92
829; 0.104718963133711; 18304.5191403192; 17555.02; 2333.13
830; 0.0982827586654043; 18117.2281231863; 17403.79; 2366.16
831; 0.0953819601071169; 17994.4973539021; 17305.83; 2352.33
832; 0.0872129519950995; 17815.1167195008; 17198.16; 2303.66
833; 0.0845459857840475; 17706.9652987356; 17119.37; 2262.14
834; 0.0772839823986515; 17543.0584234764; 17011.62; 2237.18
835; 0.0779000367901496; 17463.0306891373; 16937.08; 2196
836; 0.0799743926057635; 17342.2779753333; 16817.17; 2135.06
837; 0.0776649572851893; 17236.6589066431; 16729.78; 2122.5
838; 0.0801404155227926; 17098.7782220664; 16579.8; 2106.31
839; 0.0856316260171229; 16972.4624961547; 16431.87; 2054.8
840; 0.0849968306494704; 16884.5439769487; 16338.43; 2091.29
841; 0.0926987837042242; 16775.7881630422; 16176.85; 2105.39
842; 0.0900813844382619; 16681.7884477792; 16100.15; 2103.51
843; 0.0883442518735081; 16536.0999153163; 15963.29; 2111.77
844; 0.0884537627997264; 16457.117444501; 15892.03; 2080.25
845; 0.0862622993957118; 16270.0712703201; 15721.29; 2071.01
846; 0.0832433419850642; 16173.0135254085; 15640.73; 2081.13
847; 0.0822389006562763; 16036.9340520238; 15512.12; 2076.45
848; 0.0809327346391706; 15892.893776705; 15379; 2065.59
849; 0.0828696332754351; 15805.6045393181; 15291.55; 2017.42
850; 0.0847824958292614; 15637.4630508882; 15122.34; 1975.49
851; 0.0835392128175053; 15536.8767192876; 15033.42; 1959.04
852; 0.0823617677820789; 15384.0773780233; 14892.72; 1938.79
853; 0.0782876102223294; 15278.8123870515; 14821.77; 1896.81
854; 0.0793895220352774; 15121.9390505432; 14666.47; 1863.56
855; 0.0834650204327302; 14947.6600101199; 14480.87; 1816.21
856; 0.0784748345977862; 14820.1192685809; 14373.72; 1846.96
857; 0.0829389934186069; 14666.3294614535; 14195.76; 1841.75
858; 0.079574214408628; 14541.7559934027; 14085.44; 1861.12
859; 0.077447706567062; 14359.4511326624; 13917.36; 1852.25
860; 0.0764871195985387; 14240.9442081632; 13810.98; 1823.65
861; 0.0711667412048202; 14058.8905426461; 13662.8; 1805.22
862; 0.0610857612368965; 13872.6979142111; 13537.19; 1781.11
863; 0.0624454431577974; 13775.3126534335; 13438.2; 1750.32
864; 0.0546969297439507; 13574.3572717705; 13288.14; 1696.2
865; 0.0452874029273622; 13438.5809623469; 13208.2; 1648.65
866; 0.0408346392412838; 13254.8370766344; 13052.04; 1609.19
867; 0.0407799117740713; 13039.5461333995; 12842.9; 1562.12
868; 0.0358345380666472; 12857.165957359; 12685.62; 1550.49
869; 0.0386768310185065; 12633.5365263069; 12452.22; 1518.07
870; 0.0375866490172643; 12481.843569103; 12312.23; 1460.99
871; 0.0406808298763428; 12236.1452334771; 12058.87; 1410.52
872; 0.0438168200833566; 12066.1057092095; 11877.36; 1394.03
873; 0.0531658102311134; 11829.0329527486; 11599.66; 1395.92
874; 0.0599743226184575; 11602.004637362; 11341.58; 1404.65
875; 0.0614149385142867; 11461.8244647409; 11199.45; 1381.7
876; 0.0736605168783248; 11272.5452066092; 10955.32; 1392.56
877; 0.0697965620412937; 11103.3288465038; 10806.42; 1375.26
878; 0.0671922974543673; 10888.0872722761; 10606.06; 1356.65
879; 0.0721566922163074; 10749.1819604385; 10447.83; 1349.61
880; 0.0711891240307485; 10657.0692025651; 10366.94; 1316.75
881; 0.0709709274059744; 10528.6305937229; 10243.98; 1295.56
882; 0.0591127589603563; 10421.2376174395; 10190.2; 1262.24
883; 0.0540662862179661; 10301.3678854197; 10089.13; 1267.51
884; 0.0589835756785147; 10222.0125937022; 9988.4; 1278.6
885; 0.0619737844877878; 10160.9615602517; 9913.56; 1288.44
886; 0.0697753497623326; 10088.6690276601; 9804.76; 1312.99
887; 0.0675800120489891; 10037.6384556071; 9763.04; 1310.97
888; 0.0667059311060305; 9962.1366230194; 9696.05; 1286.81
889; 0.0756149536220136; 9937.28946167649; 9644.06; 1250.79
890; 0.074593400497128; 9915.23173000942; 9630.85; 1229.46
891; 0.0769663666038449; 9891.26624994963; 9604.7; 1200.51
892; 0.0749976992071318; 9910.8005716852; 9632.5; 1196.29
893; 0.0681640914210061; 9944.48461545601; 9695.44; 1177.7
894; 0.0714766693403239; 10036.3972804132; 9773.06; 1187.38
895; 0.0787744966994751; 10123.8633090455; 9825.7; 1219.66
896; 0.074030711511948; 10236.8948823137; 9951.28; 1242.99
897; 0.0726223912215292; 10328.8723626971; 10040.59; 1278.76
898; 0.0733190698389913; 10526.4976108376; 10233.74; 1286.06
899; 0.0799602390737994; 10734.0959439457; 10407.18; 1316.62
900; 0.0774104523776729; 10840.535502875; 10519.34; 1335.97
901; 0.0726584814860002; 10973.7665783965; 10674.23; 1327.19
902; 0.0636075922913305; 11064.3532896323; 10803.41; 1320.49
903; 0.0658421286077745; 11119.8717829206; 10845.48; 1341.2
904; 0.0703783315521088; 11170.0724801923; 10871.89; 1363.32
905; 0.0695694782915148; 11140.9641327187; 10842.71; 1379.32
906; 0.0652536711651149; 11055.3320464508; 10775.52; 1379.39
907; 0.0613271198521416; 10920.2891061444; 10665.88; 1334.24
908; 0.0522980920188647; 10774.0656445242; 10561.98; 1304.09
909; 0.0581521305514495; 10570.020605956; 10342.42; 1258.44
910; 0.0572343619575233; 10306.4133528345; 10084.23; 1247.98
911; 0.0613411894595289; 10112.6618316673; 9884.34; 1196.4
912; 0.0623111259086982; 9775.83021116164; 9558.26; 1122.13
913; 0.0665865529959587; 9528.01760572939; 9303; 1085.88
914; 0.0720594726471046; 9158.18215224979; 8920.23; 1060.91
915; 0.0816109867422301; 8813.2720693714; 8545.32; 1054.67
916; 0.0821868898926069; 8579.98121569136; 8311.13; 1050.62
917; 0.0838095035035801; 8230.92577150907; 7972.82; 988.97
918; 0.070772560262103; 7878.36355457778; 7671.41; 938.89
919; 0.0605791378409613; 7658.04421870975; 7486.3; 910.14
920; 0.0601593878645995; 7361.09330689616; 7193.89; 892.14
921; 0.0659402130580917; 7097.90796550099; 6920.81; 861.98
922; 0.0587745824516331; 6902.22095282181; 6748.05; 841.79
923; 0.0471265089337498; 6611.2854145534; 6496.05; 784.61
924; 0.0401061241585008; 6431.08426490573; 6335.94; 761.11
925; 0.0462800759557315; 6184.36523433973; 6077.93; 737.75
926; 0.0514987806949264; 5931.73142588178; 5815.14; 726.18
927; 0.0478511295191403; 5772.33929349174; 5665.7; 714.73
928; 0.031168699296534; 5503.04318324926; 5437.06; 678.85
929; 0.0347399289011356; 5246.25681344616; 5175.42; 653.78
930; 0.0410179235413908; 5080.46681030054; 4999.79; 630.57
931; 0.0446581194168666; 4807.61508650471; 4725.43; 589.92
932; 0.0491995115536181; 4487.32040897359; 4403.79; 544.16
933; 0.0424600708886992; 4239.40741232935; 4171.45; 512.91
934; 0.0521999568186199; 3848.48589554278; 3774.84; 452.07
935; 0.0658272092778145; 3439.96027386259; 3360.06; 388.89
936; 0.0543726735601125; 3145.09373027938; 3086.68; 344.16
937; 0.0665653928586502; 2719.91973860155; 2658.99; 293.19
938; 0.067219094686116; 2307.4747982924; 2252; 264.31
939; 0.053492765290705; 2063.7648447011; 2024.61; 234.4
940; 0.064876546385961; 1773.78618603943; 1733.22; 200.21
941; 0.0410851452447902; 1559.02718123823; 1538.72; 158.24
942; 0.0177725399921782; 1446.82821755095; 1438.65; 147.3
943; 0.0360177505657798; 1349.03624930402; 1334.26; 131.31
944; 0.0208549799234833; 1297.40160627612; 1289.05; 128.16
945; 0.0420957928150893; 1297.53504468453; 1279.67; 135.8
946; 0.053809023917798; 1322.15852661461; 1299.75; 133.24
947; 0.0603643602888602; 1367.26167309806; 1341.65; 135.73
948; 0.0754776766283837; 1408.19937545899; 1372.3; 152.14
949; 0.105388098627985; 1487.50065087446; 1429.17; 177.02
950; 0.0937756823017951; 1573.30528265435; 1522.48; 173.32
951; 0.113985744727142; 1644.2482662095; 1580.34; 179.27
952; 0.114094928508478; 1740.39222272586; 1680.01; 169.2
953; 0.120986051267315; 1834.69872426873; 1761.43; 193.59
954; 0.121868114574761; 1892.57463303944; 1813.87; 206.42
955; 0.0921472743378617; 1965.77106282036; 1902.81; 218.36
956; 0.0685370084774791; 2048.59039777215; 2005.39; 201.42
957; 0.0721247010704182; 2110.45498032312; 2063.96; 205.97
958; 0.0751881944104569; 2183.06436334637; 2131.01; 221.18
959; 0.0905676806060888; 2261.61911223992; 2196.72; 228.9
960; 0.0803010615333163; 2304.40603012922; 2252.42; 206.77
961; 0.077997854112329; 2364.7033398685; 2309.05; 227.87
962; 0.103079126882879; 2424.89009847629; 2346.14; 243.95
963; 0.114845763293372; 2454.09248944462; 2362.87; 253.6
964; 0.11482714582322; 2479.43149363599; 2387.56; 255.42
965; 0.0970150311267821; 2495.35202081345; 2411.05; 277.37
966; 0.0795113823485713; 2495.08753927264; 2422.73; 290.45
967; 0.0900140658182246; 2502.2494946439; 2412.51; 318.15
968; 0.0750829464882921; 2497.47676700982; 2424.46; 310.3
969; 0.0760475785545194; 2502.91569238127; 2433.22; 292.4
970; 0.0779264779520841; 2498.40802185476; 2425.52; 298.38
971; 0.0889733711513041; 2493.9007430255; 2406.15; 314.58
972; 0.111565443700046; 2496.82015947775; 2389.96; 305.48
973; 0.110146423092176; 2493.23811526748; 2390.88; 296.34
974; 0.125632686400633; 2484.35131860853; 2376.55; 273.6
975; 0.134971786219295; 2474.79606492676; 2360.35; 270.33
976; 0.13092033458335; 2461.26035876134; 2346.14; 280.3
977; 0.11410760175861; 2438.30091508456; 2340.7; 272.63
978; 0.102065367973434; 2400.46941661543; 2312.92; 273.37
979; 0.0735628121261639; 2354.66506261855; 2292.47; 269.42
980; 0.0813228655243476; 2340.46012964619; 2271.21; 271.32
981; 0.0780286555261887; 2311.38151866485; 2242.64; 280.66
982; 0.0894056646024919; 2279.63975986568; 2202.63; 274.38
983; 0.0946446070643162; 2266.09114125132; 2191.33; 251.59
984; 0.12439085203043; 2245.10078042209; 2150.38; 242.5
985; 0.134550365600104; 2220.10840164959; 2126.43; 221.7
986; 0.154733176584893; 2195.63534234142; 2089.99; 217.38
987; 0.14716901475898; 2167.84518673729; 2070.96; 209.58
988; 0.16024508203975; 2129.9420196317; 2031.15; 196.24
989; 0.161345800853846; 2094.28594552438; 2001.59; 182.85
990; 0.15794901585615; 2063.27981275721; 1964.58; 198.86
991; 0.142577958240002; 2013.10018346072; 1922.47; 202.26
992; 0.136199866243538; 1969.81493619527; 1892.5; 180.6
993; 0.116653995955047; 1911.96683672234; 1843.17; 187.61
994; 0.109196880265281; 1885.04897870084; 1823.97; 177.92
995; 0.0856116287961376; 1835.19165883391; 1786.35; 181.45
996; 0.0857294180912957; 1791.99543471367; 1743.39; 180.3
997; 0.0657905918945616; 1749.71350979511; 1714.96; 167.97
998; 0.0583309366126795; 1721.5588239027; 1691.86; 161.88
999; 0.0854014849793817; 1688.99384522997; 1639.65; 183.68
1000; 0.10334785148298; 1666.15194639817; 1609.32; 174.8
1001; 0.10997248906557; 1637.43766662482; 1574.59; 181.64
1002; 0.111820665135853; 1597.88296661401; 1536.62; 174.11
1003; 0.0994311655202509; 1558.86347062875; 1503.2; 177.89
1004; 0.110736697259617; 1520.76405142952; 1462.01; 168.58
1005; 0.117315808981339; 1501.10978188532; 1442.35; 159.12
1006; 0.086296481021092; 1456.57351490445; 1418.13; 141.51
1007; 0.0923120687837317; 1426.8724370922; 1387.48; 135.54
1008; 0.0862617177555841; 1397.69919051339; 1361.78; 132.24
1009; 0.11032386961183; 1384.04138044907; 1342.09; 120.75
1010; 0.0914097204053944; 1341.98882532645; 1308.87; 115.04
1011; 0.0633842414833217; 1305.81712826865; 1283.94; 109.58
1012; 0.0801420150648646; 1280.77025838348; 1251.78; 114.83
1013; 0.0943250949855923; 1262.54553632716; 1226.98; 119.68
1014; 0.107671918992737; 1230.24727344376; 1191.45; 114.36
1015; 0.119068988296978; 1202.23419920937; 1162.48; 105.95
1016; 0.0745448232706078; 1163.32928616827; 1141.02; 94.96
1017; 0.10412878190919; 1154.33929086703; 1125.72; 87.2
1018; 0.133209352376209; 1134.07726008773; 1093.11; 97.56
1019; 0.148176897102897; 1103.22039501075; 1062.77; 86.59
1020; 0.123235584404179; 1068.43864421836; 1039.53; 74.4
1021; 0.0917653346870354; 1048.29411567249; 1027.85; 70.65
1022; 0.0740057926356122; 1016.7386432277; 1001.12; 66.92
1023; 0.140727909908716; 1003.43706551079; 969.14; 77.27
1024; 0.0805729282078869; 972.129345836668; 953.82; 72.04
1025; 0.0980060312517416; 953.851221988353; 932.44; 69.25
1026; 0.0641018658419597; 924.280267029181; 909.32; 73.97
1027; 0.0795729092739905; 910.039321373029; 891.7; 73.04
1028; 0.082644042575748; 887.571168604785; 867.22; 78.03
1029; 0.0819536326071676; 867.260294663539; 845.82; 82.89
1030; 0.0808934332573076; 843.585033933589; 820.39; 90.84
1031; 0.121812452947252; 822.997206332275; 787.28; 92.88
1032; 0.123394350388762; 805.09729573572; 774.62; 78.23
1033; 0.151474223467124; 787.597465261894; 749.98; 78.65
1034; 0.172178109272408; 772.656499858555; 726; 85.81
1035; 0.188681957282511; 754.607460820896; 702.83; 86.89
1036; 0.170844835326874; 736.152300578386; 698.12; 70.48
1037; 0.199454606745006; 722.547657628834; 685.86; 58.23
1038; 0.165947606013415; 712.847650776247; 684.37; 54.32
1039; -0.623276241092086; 655.446000649313; 735.85; 40.83
1040; 0.276810893328968; 645.199691377251; 710.26; -74.38
1041; 0.356399917963453; 722.021029012198; 684.65; 33.18
