# 08/03/2019 18:18:34
# NanoCalc data
# Original file name: C:\SVA_DATA\StudentProjects\2018_Nathan\PSswelling_080319\PSswelling2_977.dat
# Fit Result : Fitness; Thickness 1; Thickness 2; Thickness 3 
# Fit Result : 20.2753844878903; 2; 370; -1
# comment:PS ID:349 ref:withoptics.ref slowslow2 start 15:37
#
# WaveLength; Reflectance; Raw Intensity; Dark Intensity; Reference Intensity
400; 0.240252644591425; 4233.19372712762; 3869.39; 734.26
401; 0.231575807293849; 4364.89841972745; 4006.64; 746.92
402; 0.22888024432988; 4460.2579201829; 4085.87; 786.28
403; 0.228474717737895; 4568.17036850458; 4170.5; 833.19
404; 0.234171760652178; 4687.0681275182; 4276.9; 834.94
405; 0.230321295408172; 4844.74042616922; 4420.61; 874.39
406; 0.237102965640106; 4965.94109637743; 4512.32; 904.88
407; 0.240102780189636; 5087.07729605545; 4618.2; 920
408; 0.231792789049845; 5187.1598728177; 4719.05; 947.65
409; 0.232830716776605; 5304.75386978848; 4825.46; 962.39
410; 0.247692549392787; 5484.58953338636; 4957.25; 991.61
411; 0.247434605613726; 5580.39653563818; 5054.41; 986.6
412; 0.252663419709748; 5667.93557462946; 5122.07; 999.14
413; 0.248732987084354; 5747.53724836733; 5198.54; 1017.35
414; 0.250737364879821; 5891.16189774755; 5328.84; 1030.24
415; 0.247477441657172; 5975.80299359096; 5407.41; 1051.61
416; 0.257536256228943; 6074.82857914762; 5484.24; 1046.5
417; 0.261271558633085; 6165.69441154137; 5557.11; 1059.45
418; 0.264605354327817; 6322.94838971862; 5686.9; 1089.66
419; 0.26610665945599; 6420.39649771889; 5778.65; 1089.96
420; 0.271589030324951; 6541.20946482386; 5873.63; 1107.63
421; 0.270242929028071; 6676.38192237463; 5999.37; 1125.58
422; 0.282076634009226; 6881.85244386437; 6161.07; 1144.72
423; 0.281400507655896; 7013.24456011467; 6283.37; 1158.5
424; 0.287293210363432; 7176.21497530599; 6410.67; 1186.66
425; 0.281329838392975; 7328.119251148; 6557.12; 1217.13
426; 0.281764673595613; 7560.9446060216; 6756.41; 1264.66
427; 0.284172356484188; 7734.30498395818; 6894.52; 1305.3
428; 0.286872821592427; 7900.11503254304; 7042.42; 1316.97
429; 0.289950735300162; 8062.67619284351; 7172.4; 1349.15
430; 0.297587793731376; 8296.32284437695; 7362.29; 1375.69
431; 0.29494092287936; 8447.78059417; 7500.15; 1404.78
432; 0.294745024623042; 8576.59305989622; 7593.7; 1454.39
433; 0.300557163217535; 8708.275772902; 7693.05; 1469.65
434; 0.305871110081579; 8898.08701644122; 7850.92; 1485.96
435; 0.311009589662997; 9029.87558081956; 7946.36; 1508.87
436; 0.315688828743334; 9143.74993749035; 8021.43; 1536.4
437; 0.323625408680198; 9286.52354057883; 8119.95; 1554.23
438; 0.327379605792437; 9486.95697480918; 8283.29; 1581.59
439; 0.336072413211027; 9611.49758135708; 8354.04; 1605.86
440; 0.342526844902859; 9743.54421061822; 8452.56; 1613.9
441; 0.349104113878871; 9872.97326349496; 8550.95; 1617.96
442; 0.3573771322645; 10085.5680801251; 8688.97; 1665.9
443; 0.361976032448743; 10223.271925024; 8792.56; 1681.21
444; 0.359397516985704; 10364.3729206823; 8949.24; 1671.17
445; 0.362427436267525; 10516.1033938105; 9085.03; 1672.09
446; 0.365055548992966; 10741.6215925658; 9265.24; 1708.7
447; 0.361795921608645; 10941.0679236014; 9440.26; 1748.86
448; 0.361079468115843; 11129.4922633254; 9630.23; 1746.72
449; 0.363329473865794; 11455.550755331; 9885.28; 1814.28
450; 0.367950746650359; 11685.9475684773; 10081.11; 1827.01
451; 0.370816740109044; 11907.6611795229; 10255.69; 1862.38
452; 0.376123638929231; 12151.8915570646; 10424.07; 1916.49
453; 0.375964347278522; 12521.149336704; 10737.48; 1975.37
454; 0.379064679343227; 12806.4618838485; 10963; 2020.88
455; 0.384378835382112; 13064.4686280491; 11156.94; 2058.18
456; 0.391603067487589; 13353.9563160183; 11369.12; 2098.01
457; 0.401469370184491; 13818.6870126342; 11721.72; 2157.98
458; 0.406731294098378; 14131.7647790533; 11971.21; 2190.45
459; 0.408520226750267; 14415.0319057873; 12197.34; 2234.36
460; 0.411535793125704; 14700.4593428793; 12451.85; 2244.7
461; 0.414513446918812; 15110.8108162959; 12770.64; 2315.01
462; 0.416380796441403; 15367.3394734398; 12991.06; 2335.82
463; 0.419273506451287; 15625.9903614696; 13180.57; 2382.87
464; 0.414179185608378; 16002.9069162986; 13511.27; 2453.29
465; 0.41573784855876; 16284.101123042; 13729.67; 2501.36
466; 0.411388433155552; 16555.8672049029; 13965.54; 2558.83
467; 0.415656081166216; 16851.4844981909; 14207.98; 2580.21
468; 0.409267640431398; 17404.9509800864; 14678.16; 2698.49
469; 0.408711017904893; 17768.5714605903; 14993.1; 2745.87
470; 0.412645217074864; 18181.8069901931; 15322.49; 2797.27
471; 0.42106253796806; 18675.6089821689; 15732.43; 2817.13
472; 0.427971587634039; 19444.9155215689; 16372.18; 2888.96
473; 0.42688958648876; 19975.0648996984; 16816.37; 2972.52
474; 0.430651872579095; 20557.4235907141; 17311.54; 3023
475; 0.43348738411867; 21553.8548410401; 18143.65; 3150.22
476; 0.438672916758009; 22252.8638793208; 18682.99; 3253.44
477; 0.438022946067593; 22965.1930960494; 19269.42; 3367.82
478; 0.44184124084738; 23817.2141978928; 19967.43; 3472.23
479; 0.433019036227124; 24986.6338089565; 20949.15; 3709.93
480; 0.431344354730017; 25822.4031064964; 21691.29; 3804.75
481; 0.433596722372613; 26677.4344094888; 22361.32; 3948.55
482; 0.434745273454133; 27951.8458370659; 23416.42; 4131.99
483; 0.435596038867333; 28801.4707062065; 24128.61; 4242.65
484; 0.434620010721763; 29599.0982273466; 24824.01; 4338.71
485; 0.43590441159827; 30430.940507283; 25545.04; 4419.68
486; 0.429834321253417; 31528.8473572108; 26517.16; 4590.47
487; 0.432627542833781; 32245.7194081982; 27144.88; 4634.96
488; 0.436265697358909; 32962.8939379042; 27734.19; 4704.39
489; 0.436963024865792; 33635.2115542764; 28301.4; 4784.45
490; 0.430565380438159; 34539.0760509343; 29129.5; 4917.45
491; 0.42795926272218; 35085.2614144221; 29620.01; 4991.8
492; 0.429631813327306; 35635.5108742952; 30076.82; 5050.77
493; 0.424179567588883; 36325.1283752357; 30727.18; 5145.3
494; 0.425458166339235; 36785.4788631962; 31131.56; 5174.67
495; 0.427310861660537; 37243.5275833827; 31508.11; 5219.97
496; 0.42554667906004; 37871.2348668699; 32056.49; 5307.57
497; 0.425957595470908; 38263.4458980387; 32397.48; 5342.56
498; 0.427274831193065; 38641.8501125816; 32734.99; 5356.59
499; 0.425283319313642; 39062.5873373051; 33093.5; 5431.5
500; 0.426452720286882; 39606.3831924186; 33580.19; 5461.63
501; 0.427537372543517; 39983.5103262339; 33912.63; 5481.08
502; 0.428389323683999; 40365.4096313929; 34262.4; 5491.88
503; 0.425593107007426; 40938.6012325597; 34758.54; 5590.61
504; 0.423212524710891; 41322.5789550318; 35092.98; 5659.87
505; 0.42226817440214; 41751.3430459875; 35469.61; 5713.19
506; 0.419972688799883; 42166.522493737; 35860.16; 5760.06
507; 0.423068267120954; 42839.4014548947; 36434.09; 5800.95
508; 0.422510722388682; 43289.5187361293; 36816.82; 5862.95
509; 0.423182281152541; 43777.338221952; 37220.5; 5923.17
510; 0.422721143219952; 44512.4768043009; 37815.45; 6049.54
511; 0.424746147792476; 45046.7818274973; 38193.07; 6154.56
512; 0.422257466387321; 45492.7855544282; 38664.27; 6161.05
513; 0.42097960516007; 46149.7786615061; 39275.75; 6213.99
514; 0.421814107627156; 46659.4563366515; 39688.32; 6282.11
515; 0.41820882709499; 47108.8914088469; 40099.69; 6363.71
516; 0.41760883244274; 47531.5440532634; 40486.93; 6397.69
517; 0.412575581890912; 48220.4879129735; 41096.3; 6541.34
518; 0.408098016505969; 48642.9984502788; 41496.14; 6626.65
519; 0.404404124988224; 49092.2814195063; 41917.64; 6705.56
520; 0.404582116674886; 49824.8285234649; 42548.12; 6790.4
521; 0.40029673565509; 50294.3310316033; 42977.56; 6893.52
522; 0.39478565326197; 50694.3536146997; 43423.9; 6938.08
523; 0.388876014689578; 51321.74400954; 44015.23; 7071.04
524; 0.385415449436755; 51798.7553122992; 44459.88; 7158.61
525; 0.384858946574254; 52231.1394352784; 44853.54; 7199.39
526; 0.381799540824491; 52800.1858500804; 45445.09; 7227.5
527; 0.377265124251542; 53135.3935474349; 45749.02; 7338.26
528; 0.373557610056219; 53466.9191392556; 46051.59; 7432.64
529; 0.372163253683854; 53734.1599936038; 46325.08; 7446.85
530; 0.371044106146003; 54146.0367370471; 46663.24; 7536.36
531; 0.371220308313587; 54385.7393886404; 46895.43; 7533.44
532; 0.371384734151026; 54592.7188225497; 47103.5; 7522.1
533; 0.370518874441873; 54865.4136117381; 47350.71; 7558.38
534; 0.371035913457921; 55040.5461782286; 47499.48; 7567.35
535; 0.36928674818732; 55208.0997627994; 47665.71; 7596.56
536; 0.366894280328371; 55488.6484671344; 47956; 7628.39
537; 0.363013721125049; 55645.5514988812; 48154.07; 7659.54
538; 0.360187830927463; 55791.0505548244; 48333.48; 7676.39
539; 0.357124364955407; 56028.3648592501; 48638.4; 7664.33
540; 0.35244284517012; 56152.1699297982; 48781.81; 7737.72
541; 0.348201660678226; 56348.0520762914; 49000.63; 7801.09
542; 0.345820209755082; 56629.8038730163; 49330.89; 7796.44
543; 0.343378093977747; 56816.4286768413; 49574.67; 7784.29
544; 0.341830894213226; 57019.2114830402; 49814.41; 7773.5
545; 0.340289525453696; 57377.362063792; 50138.07; 7839.71
546; 0.335171839003133; 57616.7853414263; 50409.36; 7917.92
547; 0.333951054121324; 57884.9191075513; 50662.12; 7956.91
548; 0.332795711796177; 58407.5556535738; 51154.89; 8010.79
549; 0.3288437780585; 58629.7856352187; 51448.39; 8020.41
550; 0.325572491188614; 58931.8836003443; 51787.69; 8052.21
551; 0.322726352158296; 59235.4367659504; 52108.28; 8096.98
552; 0.320616835042137; 59664.7835006; 52532.52; 8149.17
553; 0.316951622204848; 59886.881035114; 52882.77; 8088.61
554; 0.31714531655947; 60177.9133559306; 53142.48; 8112.9
555; 0.312950581103216; 60612.9781283251; 53645.5; 8135.28
556; 0.310424420610941; 60875.5783941267; 53968.23; 8123.54
557; 0.30651159501731; 61126.4810372443; 54277.78; 8150.4
558; 0.306376445938468; 61660.9192796729; 54687.44; 8295.43
559; 0.304779190065197; 62029.5537151284; 55059.41; 8327.75
560; 0.301791316880197; 62395.1384171146; 55464.5; 8355.33
561; 0.296515548093255; 63089.5827685507; 56171.38; 8481.63
562; 0.293246959541769; 63602.2506820287; 56732.23; 8509.08
563; 0.29065217590242; 64121.2770403275; 57284.76; 8536.23
564; 0.2843473163651; 64940.4298769725; 58131.67; 8683
565; 0.281130746179755; 65490.7863220309; 58723.39; 8722.57
566; 0.277609974416071; 65940.890509654; 59260.3; 8713.46
567; 0.271240493258779; 66541.1820651971; 59968.19; 8768.43
568; 0.268877499888512; 66864.1032120896; 60312.67; 8810.43
569; 0.265096243184291; 67017.3219133025; 60536.87; 8832.97
570; 0.262582494507474; 67088.2857230873; 60654.49; 8847
571; 0.260052456617516; 67021.1514869024; 60645.86; 8845.03
572; 0.256636761321001; 66859.5314095847; 60593.21; 8802.53
573; 0.252694573872626; 66492.8151925272; 60388.41; 8701.9
574; 0.250459180779312; 66241.6790576716; 60192.1; 8693.52
575; 0.249945243360114; 65868.4334703489; 59917.07; 8563.1
576; 0.247161761235875; 65613.4593290586; 59761.86; 8507.77
577; 0.244995191631712; 65391.8922509839; 59641.09; 8428.61
578; 0.243131438014636; 65082.8927813068; 59423.5; 8351.72
579; 0.240207970602368; 64892.9757306451; 59274.96; 8385.25
580; 0.238885934396104; 64724.7936975612; 59125.77; 8396.82
581; 0.236028505282425; 64466.6140666724; 58924.46; 8406.26
582; 0.233497529733556; 64293.0286900792; 58842.88; 8350.45
583; 0.229363965403905; 64126.9503521338; 58773.45; 8344.55
584; 0.22730265166136; 63938.048593924; 58634.76; 8335.83
585; 0.224023088773777; 63786.094989548; 58543.05; 8356.35
586; 0.218340125402802; 63641.9600012071; 58471.96; 8448.9
587; 0.214929431400944; 63436.1556792685; 58404.36; 8348.32
588; 0.211399838088375; 63290.3796224681; 58360.19; 8311.12
589; 0.209329887264248; 63189.9454143138; 58331.89; 8265.55
590; 0.201114222946305; 63005.9820911732; 58337.01; 8263.17
591; 0.197734171718324; 62872.3083715932; 58293.38; 8237.16
592; 0.19560968560134; 62831.6978298513; 58296.42; 8242.06
593; 0.195204388802905; 62887.979474744; 58354.29; 8251.08
594; 0.193555070965216; 62913.7394920728; 58474.67; 8142.58
595; 0.18907694780967; 63051.2712103616; 58691.02; 8182.26
596; 0.186796166395483; 63225.2223948401; 58910.07; 8191.32
597; 0.185321400588274; 63472.2817595379; 59148.04; 8268.66
598; 0.185548642038201; 64025.8829271856; 59669.64; 8314.38
599; 0.184171598523518; 64480.8296305793; 60111.73; 8395.94
600; 0.180353999964442; 64924.4347823555; 60597.36; 8485.8
601; 0.175510291657711; 65672.889250328; 61431.73; 8541.42
602; 0.172280789899871; 66273.1615869623; 62030.86; 8698.58
603; 0.17085788953814; 66891.728151538; 62682.2; 8697.72
604; 0.170468804629709; 67795.3410580435; 63509.51; 8869.93
605; 0.169023311953317; 68335.2652822494; 64042.25; 8955.31
606; 0.167775988944603; 68885.6078949668; 64550.97; 9103.79
607; 0.165803624340492; 69487.8925794893; 65111.84; 9294.41
608; 0.165157887304369; 69833.1983501243; 65429.29; 9384.39
609; 0.161318945616677; 70169.9610562379; 65822.24; 9479.31
610; 0.160542774677946; 70285.7089763328; 65955.41; 9481.14
611; 0.159264616316175; 70352.8171142974; 66022.08; 9552.58
612; 0.155284136521719; 70249.1189890931; 66019.65; 9562.45
613; 0.151664540708244; 70141.7245518039; 66016.95; 9542.42
614; 0.14919790598029; 69911.9318902506; 65905.75; 9415.73
615; 0.146121049076378; 69447.5954314213; 65585.75; 9262.15
616; 0.143883207250315; 69088.9979910636; 65316.88; 9181.97
617; 0.142307965074485; 68465.9272474009; 64768.34; 9095.05
618; 0.14073047576897; 68011.125210381; 64373.64; 9042.15
619; 0.137231992620332; 67504.4773346324; 63985.54; 8965.65
620; 0.134200251222774; 66821.9218913047; 63448.32; 8784.82
621; 0.134015183945578; 66349.9318276326; 63011.38; 8701.12
622; 0.134373062402846; 65940.6419475244; 62594.57; 8693.06
623; 0.132232380801328; 65322.1566057627; 62070.14; 8581.34
624; 0.129637448880862; 64896.5918536795; 61741.91; 8487.03
625; 0.128655482238805; 64335.6311063539; 61215.67; 8453.6
626; 0.129323693298031; 64021.4404578529; 60906.9; 8391.25
627; 0.131557050633872; 63708.1672445822; 60552.71; 8353.36
628; 0.133415389160353; 63202.6377729714; 59996.17; 8366.11
629; 0.131145281839057; 62857.5161152151; 59718.79; 8327.32
630; 0.126869463412274; 62485.0144104; 59494.05; 8198.99
631; 0.122157637411598; 61972.2770780764; 59130.04; 8088.35
632; 0.120794111332284; 61682.2254699352; 58876.05; 8072.41
633; 0.12139771705779; 61317.4395997286; 58511.89; 8027.04
634; 0.117121539754674; 61004.0542306246; 58308.74; 7989.54
635; 0.112900022525113; 60713.3444741012; 58140.12; 7908.54
636; 0.108004054532434; 60369.0167318587; 57915.51; 7878.13
637; 0.106673977024532; 60135.4499615681; 57722.82; 7838.74
638; 0.109201639383064; 59978.2476812832; 57474.46; 7941.82
639; 0.112438787217012; 59765.564241028; 57165.91; 8003.89
640; 0.112826947216909; 59617.3945245603; 57008.09; 8001.12
641; 0.111878569327263; 59323.1399484128; 56758.58; 7926.46
642; 0.115843467075505; 59192.0164582502; 56539.98; 7912.17
643; 0.116382113327011; 59033.7556837368; 56371.02; 7903.44
644; 0.115046629851698; 58718.4917866961; 56100.39; 7857.3
645; 0.115111867089386; 58570.1630618568; 55952.09; 7849.35
646; 0.112012670127995; 58268.7581136042; 55757.04; 7735.25
647; 0.111766174447593; 58093.6580293026; 55605.78; 7675.61
648; 0.113428497253441; 57932.7664234035; 55421.19; 7632.06
649; 0.112649533743644; 57716.2194888877; 55233.83; 7592.22
650; 0.112396382980957; 57590.0906570435; 55116.84; 7578
651; 0.11728641855478; 57533.2569828138; 54970.38; 7521.71
652; 0.119151774260821; 57432.8989665352; 54836.02; 7498.47
653; 0.121183326568298; 57328.2824476343; 54697.14; 7466.34
654; 0.124124391969386; 57229.5566547124; 54559.48; 7393.84
655; 0.123917319976346; 57131.7645921725; 54465.02; 7393.93
656; 0.121683700733301; 56923.3964104651; 54312.69; 7368.41
657; 0.12030907495789; 56824.8554184403; 54258.2; 7324.28
658; 0.119841020565489; 56712.4491684672; 54165.73; 7293.21
659; 0.115538899334523; 56513.346054122; 54053.82; 7302.78
660; 0.113655629796566; 56384.2028536692; 53974.86; 7269.33
661; 0.111412237255171; 56189.9955093718; 53820.55; 7288.84
662; 0.111621210473298; 56091.4824387016; 53704.12; 7326.33
663; 0.110704194050858; 55983.5823904523; 53597.59; 7378.87
664; 0.111039562090329; 55880.8753353683; 53483.1; 7388.78
665; 0.113669825986146; 55780.4643831936; 53326.55; 7383.97
666; 0.113073167343947; 55583.1910972792; 53150.66; 7355.43
667; 0.115614845942255; 55477.1376264319; 52998.89; 7326.55
668; 0.117424440431461; 55364.5817093177; 52847.85; 7323.5
669; 0.118336816806927; 55181.3125263928; 52664.94; 7263.21
670; 0.117392650715902; 55039.8521211294; 52553.29; 7232.11
671; 0.1174668978298; 54841.5518434758; 52404.63; 7079.27
672; 0.113539428614773; 54647.3921406907; 52310.27; 7020.25
673; 0.112917656704043; 54479.9845170415; 52154.03; 7021.01
674; 0.114564938610459; 54248.6410787496; 51884.46; 7029.82
675; 0.114413200119922; 54058.5884268231; 51726.62; 6940.14
676; 0.112616925353458; 53777.1840240545; 51487.64; 6919.48
677; 0.113667502359636; 53561.154738537; 51264.41; 6874.84
678; 0.116193360553823; 53180.1818911528; 50861.27; 6787.88
679; 0.117734960404209; 52950.6230068492; 50607.72; 6765.89
680; 0.123246772457733; 52757.2362017798; 50288.84; 6807.27
681; 0.122510769060202; 52341.6445941225; 49879.04; 6829.65
682; 0.122542862861901; 52059.2017406931; 49603.29; 6806.66
683; 0.127450738241858; 51762.0661614071; 49190.55; 6849.95
684; 0.132811462210786; 51557.6156744564; 48851.84; 6914.18
685; 0.132931271176215; 51190.464673082; 48496.41; 6875.35
686; 0.132041050332151; 50933.0431494265; 48259.88; 6865.56
687; 0.131351040186079; 50665.3326287049; 48015.34; 6839.14
688; 0.130080703281527; 50246.5104459567; 47660.66; 6736.35
689; 0.133852949042694; 50071.1129701725; 47430.35; 6683.12
690; 0.131803212295995; 49689.7834076824; 47114.92; 6615.1
691; 0.13026079938838; 49401.1061325504; 46875.41; 6563.05
692; 0.130267410966627; 49158.8203141659; 46671.62; 6460.16
693; 0.134180907959647; 48809.4515699718; 46240.6; 6475.1
694; 0.138643721863389; 48592.5064627786; 45936.72; 6476.21
695; 0.141959489738218; 48223.832341381; 45505.74; 6470.6
696; 0.142803901132585; 47974.1735658404; 45255.77; 6430.36
697; 0.144660058043808; 47579.2728307626; 44881.07; 6297.83
698; 0.148484788183085; 47374.6526219113; 44617.46; 6267.1
699; 0.149580693845488; 47003.6094004242; 44279.79; 6143.47
700; 0.150935250813711; 46787.8466826603; 44098.54; 6008.83
701; 0.152060359684658; 46582.4786565388; 43886.31; 5977.78
702; 0.147197503101905; 46232.4335893031; 43667.22; 5873.37
703; 0.150779523532094; 46050.1640084789; 43450.12; 5809.93
704; 0.151744180217718; 45757.5619909853; 43177.28; 5727.38
705; 0.151072410486417; 45525.7484257633; 42984.61; 5663.34
706; 0.149648100403485; 45206.3725477776; 42694.41; 5649.54
707; 0.152066455679753; 45042.7353474342; 42461.28; 5711.07
708; 0.153393810756625; 44830.824135154; 42219.65; 5724.39
709; 0.151919392106762; 44478.7597297676; 41899.34; 5707.57
710; 0.155343866854345; 44276.8495769362; 41648.14; 5686.33
711; 0.152107101963043; 43917.8454657237; 41364.18; 5640.34
712; 0.153140933121103; 43669.3806441286; 41116.32; 5599.74
713; 0.157725973721285; 43372.8576489438; 40762.56; 5557.66
714; 0.158503627932447; 43087.1007951878; 40520.22; 5437.41
715; 0.15821835044592; 42698.8334788699; 40202.88; 5294.92
716; 0.16113555588001; 42442.5293659012; 39932.78; 5226.2
717; 0.160562944328352; 42093.3825397357; 39629.07; 5147.84
718; 0.157050826521551; 41540.5209300593; 39183.73; 5031.33
719; 0.162630893071119; 41215.7416434765; 38793.68; 4991.12
720; 0.16479497703828; 40697.0071713434; 38280.05; 4913.24
721; 0.163385246046274; 40385.5788393595; 37997.72; 4894.17
722; 0.16629050703602; 39879.3453577663; 37461.34; 4867.58
723; 0.167843017780746; 39523.862766549; 37089.11; 4854.17
724; 0.169796712331299; 39073.134873793; 36612.24; 4848.05
725; 0.172336674746644; 38867.3334571923; 36385.09; 4816.26
726; 0.173530398828812; 38629.9674102127; 36131.54; 4812.54
727; 0.17118457289469; 38506.3262078463; 36040.6; 4812.86
728; 0.170808818452733; 38381.0564199516; 35923.5; 4805.84
729; 0.173340960826437; 38280.5805950865; 35794.86; 4788.58
730; 0.172587191456392; 38252.9148459011; 35804.98; 4735.07
731; 0.168264210095142; 38251.5073395125; 35898.6; 4667.75
732; 0.169355849209229; 38292.3361470586; 35931.8; 4652.12
733; 0.172361717591726; 38343.4287970174; 35937.66; 4658
734; 0.172246147755767; 38331.7827551605; 35940.73; 4632.18
735; 0.170822022116636; 38284.9645469244; 35910.34; 4637.56
736; 0.170642620282523; 38231.3239088751; 35853.79; 4646.83
737; 0.169509757299857; 38157.4166250734; 35763.82; 4707.89
738; 0.170987427194304; 38098.5944353402; 35686.23; 4702.2
739; 0.177799832181512; 38069.4178469028; 35566.35; 4690.32
740; 0.176114425677188; 37985.5083305797; 35518.53; 4665.2
741; 0.179351753047598; 37974.0880681726; 35438.57; 4706.66
742; 0.188249199823601; 38054.9226108617; 35376.98; 4734.62
743; 0.19389776090617; 38149.8778752826; 35384.87; 4744.52
744; 0.196429674895818; 38347.9916411478; 35557.26; 4725.32
745; 0.197752173727154; 38528.0774052725; 35711.59; 4735.27
746; 0.197881744055694; 38765.869223172; 35904.99; 4804.96
747; 0.199699448660858; 38971.7268522057; 36064.38; 4836.75
748; 0.201325054169495; 39203.8312528577; 36277.22; 4827.83
749; 0.199723287358974; 39273.5713036298; 36375.65; 4817.49
750; 0.20249681953321; 39294.7607094981; 36374; 4787.76
751; 0.201070871870433; 39197.6641476943; 36336.55; 4723.1
752; 0.202167794462182; 38943.0981824352; 36099.96; 4667.67
753; 0.203441945658112; 38695.199034945; 35843.88; 4651.64
754; 0.202378486106023; 38181.1047689936; 35400.69; 4559.52
755; 0.19965858277324; 37755.862062823; 35033.68; 4523.71
756; 0.201229536407673; 37153.1481601616; 34423.24; 4499.87
757; 0.201457101890966; 36750.5280110227; 34033.43; 4471.88
758; 0.200942305194063; 36129.3919388508; 33441.09; 4434.02
759; 0.200797604351934; 35737.6487049062; 33053.61; 4428.1
760; 0.20301600662618; 35372.7838016984; 32681.41; 4389.62
761; 0.208141024993442; 34829.9554220437; 32094.24; 4350.03
762; 0.207800982419663; 34473.0287703715; 31738.87; 4352.62
763; 0.208310222987485; 33950.4618274272; 31268.89; 4256.73
764; 0.207731477579047; 33598.8469931231; 30955.78; 4205.71
765; 0.205620012770606; 33095.348396579; 30523.94; 4133.31
766; 0.203749687455083; 32792.6580820825; 30282.24; 4071.93
767; 0.203985120092158; 32307.3526382513; 29889.65; 3917.14
768; 0.201844673385986; 32010.4240852011; 29645; 3873.2
769; 0.200531418330189; 31578.0926688247; 29266.15; 3810.18
770; 0.202835060035953; 31343.5105233446; 29018.85; 3787.39
771; 0.197012601208912; 30932.4572454609; 28680.35; 3776.08
772; 0.202686728867726; 30742.2563744974; 28446.72; 3739.62
773; 0.207952158919144; 30393.7447553832; 28058.77; 3705.92
774; 0.209854097530766; 30176.6141611954; 27829.59; 3689.54
775; 0.213542139063011; 29842.0502575487; 27439.76; 3709.91
776; 0.216811852894212; 29632.9448624669; 27237.96; 3641.47
777; 0.222981669433083; 29372.4435262079; 26913.56; 3634.26
778; 0.225541635239621; 29175.8376560913; 26715.7; 3593.82
779; 0.228850226316132; 28862.1390698492; 26401.43; 3541.9
780; 0.223737744861033; 28622.2643498805; 26209.45; 3551.42
781; 0.224583238321642; 28371.2048284984; 25959.69; 3535.36
782; 0.227773765732739; 28221.1547021945; 25778.2; 3530.39
783; 0.23263509449059; 27941.0673511943; 25494.21; 3461.37
784; 0.234387329993009; 27763.3703383165; 25318.31; 3432.1
785; 0.234422237772163; 27467.6685645787; 25049.77; 3392.5
786; 0.234177941393487; 27301.4974337058; 24888.1; 3388.75
787; 0.23916163365413; 27058.0494578831; 24582.52; 3402.48
788; 0.239426643038882; 26883.1545989553; 24429.24; 3367.97
789; 0.236111776254999; 26551.5855052574; 24166.33; 3318.75
790; 0.235969411378149; 26372.9912537256; 23986.74; 3321.19
791; 0.230802750816377; 26085.6088730089; 23719.03; 3366.69
792; 0.228067960817964; 25883.9174598728; 23546.07; 3364.95
793; 0.235255745934437; 25646.0731607987; 23263.87; 3323.4
794; 0.236956458879647; 25483.3135525219; 23096.99; 3304.73
795; 0.240777469885784; 25221.4689347024; 22857.12; 3222.13
796; 0.242066463649115; 24981.4684058152; 22628.84; 3188.88
797; 0.245992279336648; 24824.8195498389; 22457.2; 3157.88
798; 0.251150218444984; 24590.815252558; 22251.53; 3055.91
799; 0.254962534809175; 24460.9291502938; 22129.09; 3000.25
800; 0.252659237308241; 24236.5552878079; 21918.26; 3009.63
801; 0.253508669991492; 24055.4640925447; 21741.23; 2993.24
802; 0.254904040234304; 23841.2067944655; 21479.09; 3037.38
803; 0.255761448260907; 23698.776016387; 21336.34; 3026.35
804; 0.25611432700664; 23493.4098206277; 21187.49; 2948.75
805; 0.255757752360022; 23321.5559927779; 21034.56; 2927.88
806; 0.25848709335001; 23121.4134978214; 20836.79; 2893.22
807; 0.262148169026262; 23008.2813369091; 20715.72; 2862.27
808; 0.264419507619769; 22796.7614748537; 20539.9; 2792.96
809; 0.263027345081667; 22643.5749269106; 20424.64; 2760.03
810; 0.26718944257463; 22426.5636027256; 20224.7; 2695.53
811; 0.264964386602032; 22285.172998914; 20091.86; 2706.83
812; 0.265983203776589; 22072.8569486585; 19884.31; 2689.74
813; 0.26293857721567; 21939.309334613; 19793.26; 2667.28
814; 0.260746660307716; 21736.0144891834; 19615.6; 2656.72
815; 0.262714194515772; 21608.6658493873; 19510.51; 2608.64
816; 0.264100561225528; 21444.7309717084; 19316.71; 2631.29
817; 0.260987715820069; 21269.6433651928; 19151.29; 2650.15
818; 0.260837123023211; 21119.0393036461; 19034.43; 2609.02
819; 0.269917695425517; 20953.2127941773; 18814.23; 2586.51
820; 0.274592791168649; 20846.908489966; 18689.96; 2563.25
821; 0.276607236756542; 20655.3555783067; 18518.27; 2520.42
822; 0.276884688081164; 20522.4674687572; 18404.2; 2495
823; 0.283116645508839; 20382.5918807473; 18260.87; 2443.43
824; 0.281619415974958; 20239.7706968341; 18158.8; 2408.62
825; 0.284017670280409; 20086.1125140589; 18009.86; 2382.79
826; 0.284835876873716; 19992.5372856666; 17931.53; 2358.5
827; 0.28121390069074; 19842.4526351292; 17798.05; 2369.86
828; 0.279390519613522; 19719.2865905657; 17684; 2374.92
829; 0.282547040603429; 19577.2780294422; 17555.02; 2333.13
830; 0.270327358304207; 19366.106135336; 17403.79; 2366.16
831; 0.272168994912375; 19270.9175420258; 17305.83; 2352.33
832; 0.267355433031393; 19089.470030568; 17198.16; 2303.66
833; 0.269531445601166; 18992.6157706649; 17119.37; 2262.14
834; 0.266262075285219; 18842.5543427883; 17011.62; 2237.18
835; 0.267235267692087; 18741.348380297; 16937.08; 2196
836; 0.271742867601472; 18601.4204627811; 16817.17; 2135.06
837; 0.277416714096038; 18540.3350513493; 16729.78; 2122.5
838; 0.27928873029573; 18388.4351031063; 16579.8; 2106.31
839; 0.282696926382342; 18216.5358319641; 16431.87; 2054.8
840; 0.282314681030867; 18152.3328482673; 16338.43; 2091.29
841; 0.285531117948958; 18021.701425682; 16176.85; 2105.39
842; 0.283535647372045; 17930.8860045136; 16100.15; 2103.51
843; 0.285697509501398; 17815.706685331; 15963.29; 2111.77
844; 0.284328841926928; 17708.4666737704; 15892.03; 2080.25
845; 0.28959603640166; 17563.6345914319; 15721.29; 2071.01
846; 0.289851670527987; 17494.130708754; 15640.73; 2081.13
847; 0.291791807126574; 17374.2125063858; 15512.12; 2076.45
848; 0.290238481694591; 17221.9100433604; 15379; 2065.59
849; 0.294348904265487; 17117.4467054683; 15291.55; 2017.42
850; 0.303195066958014; 16964.4981763788; 15122.34; 1975.49
851; 0.302918711300628; 16858.9873648183; 15033.42; 1959.04
852; 0.305513814968834; 16715.367462718; 14892.72; 1938.79
853; 0.303530829677254; 16593.7803416804; 14821.77; 1896.81
854; 0.299533405200629; 16384.93601636; 14666.47; 1863.56
855; 0.300638547372588; 16162.2338796576; 14480.87; 1816.21
856; 0.293408827953237; 16042.758066341; 14373.72; 1846.96
857; 0.296070833397473; 15875.5717131799; 14195.76; 1841.75
858; 0.291786747479561; 15758.6825262051; 14085.44; 1861.12
859; 0.290032830378917; 15572.9408838634; 13917.36; 1852.25
860; 0.290604634520106; 15444.5830461837; 13810.98; 1823.65
861; 0.295170657984902; 15305.6222525738; 13662.8; 1805.22
862; 0.29214524986951; 15141.7708621469; 13537.19; 1781.11
863; 0.296285650167883; 15037.7024881152; 13438.2; 1750.32
864; 0.291773203008959; 14814.9264308271; 13288.14; 1696.2
865; 0.294960991298041; 14708.6922481207; 13208.2; 1648.65
866; 0.294507546496265; 14514.6528842064; 13052.04; 1609.19
867; 0.300903100296787; 14293.8945859889; 12842.9; 1562.12
868; 0.30009021195388; 14122.2022885163; 12685.62; 1550.49
869; 0.308502361733974; 13898.4754225372; 12452.22; 1518.07
870; 0.315677451770654; 13736.7565454646; 12312.23; 1460.99
871; 0.326586950825078; 13482.0410152934; 12058.87; 1410.52
872; 0.325955981835532; 13281.4507771398; 11877.36; 1394.03
873; 0.323775352433936; 12996.522161832; 11599.66; 1395.92
874; 0.326203136832342; 12758.0417440761; 11341.58; 1404.65
875; 0.32632501643603; 12593.5627938937; 11199.45; 1381.7
876; 0.319323235019813; 12330.5123485904; 10955.32; 1392.56
877; 0.321701951261748; 12174.9136975926; 10806.42; 1375.26
878; 0.3161488813687; 11933.0366033241; 10606.06; 1356.65
879; 0.322364382566298; 11794.1380925422; 10447.83; 1349.61
880; 0.325339516447944; 11692.8517281621; 10366.94; 1316.75
881; 0.323634487828552; 11542.0150190808; 10243.98; 1295.56
882; 0.323690065732025; 11455.3174279605; 10190.2; 1262.24
883; 0.327522727538651; 11374.824579418; 10089.13; 1267.51
884; 0.327105260061522; 11283.9455368306; 9988.4; 1278.6
885; 0.33072131831846; 11233.8113100777; 9913.56; 1288.44
886; 0.32784318329281; 11138.7216313024; 9804.76; 1312.99
887; 0.32771363360215; 11094.6416813271; 9763.04; 1310.97
888; 0.333431521567539; 11026.0916636281; 9696.05; 1286.81
889; 0.341694653561096; 10969.1277878124; 9644.06; 1250.79
890; 0.343986956866002; 10942.274405407; 9630.85; 1229.46
891; 0.348211551982181; 10901.184205293; 9604.7; 1200.51
892; 0.345287099928236; 10913.7872704289; 9632.5; 1196.29
893; 0.342812505414583; 10947.9412334893; 9695.44; 1177.7
894; 0.34562317684663; 11046.4191013481; 9773.06; 1187.38
895; 0.343440487364544; 11125.6302624994; 9825.7; 1219.66
896; 0.344017848818369; 11278.5212948269; 9951.28; 1242.99
897; 0.339193081113566; 11387.0532765349; 10040.59; 1278.76
898; 0.343621782331634; 11605.7963046979; 10233.74; 1286.06
899; 0.344630065246581; 11816.1935847166; 10407.18; 1316.62
900; 0.3427851003591; 11941.6418895527; 10519.34; 1335.97
901; 0.341795869446297; 12083.2928258412; 10674.23; 1327.19
902; 0.337125007493432; 12186.4289966903; 10803.41; 1320.49
903; 0.33142773817608; 12226.6784805233; 10845.48; 1341.2
904; 0.33163854105885; 12276.9929701813; 10871.89; 1363.32
905; 0.322233474002391; 12224.1701989513; 10842.71; 1379.32
906; 0.317600256929709; 12137.4108523927; 10775.52; 1379.39
907; 0.323418797709527; 12007.5488641823; 10665.88; 1334.24
908; 0.328863132622344; 11895.6261570583; 10561.98; 1304.09
909; 0.344421854034483; 11690.4466662521; 10342.42; 1258.44
910; 0.334594420538278; 11383.1229666077; 10084.23; 1247.98
911; 0.338634298572716; 11144.7916475264; 9884.34; 1196.4
912; 0.352565687647515; 10789.3048574178; 9558.26; 1122.13
913; 0.362710799438401; 10528.7176860736; 9303; 1085.88
914; 0.360426596762866; 10110.4175114713; 8920.23; 1060.91
915; 0.350253044904846; 9695.30031432114; 8545.32; 1054.67
916; 0.338216027537099; 9417.50828354945; 8311.13; 1050.62
917; 0.340816698736512; 9022.42360452207; 7972.82; 988.97
918; 0.337777152790427; 8659.14002087609; 7671.41; 938.89
919; 0.336474597636982; 8440.21860872221; 7486.3; 910.14
920; 0.326684887688005; 8101.85790780805; 7193.89; 892.14
921; 0.328294278531241; 7802.52157048397; 6920.81; 861.98
922; 0.322520142465207; 7594.04899470159; 6748.05; 841.79
923; 0.326562876320595; 7294.57315144875; 6496.05; 784.61
924; 0.326921154236874; 7111.49918340737; 6335.94; 761.11
925; 0.326383951370438; 6828.550037488; 6077.93; 737.75
926; 0.327559925275408; 6556.72413527937; 5815.14; 726.18
927; 0.324824279676276; 6389.59162056849; 5665.7; 714.73
928; 0.308964471207949; 6091.12833718893; 5437.06; 678.85
929; 0.30921270606315; 5805.92338522315; 5175.42; 653.78
930; 0.313789771950531; 5616.97282448783; 4999.79; 630.57
931; 0.307422364039389; 5291.18453494166; 4725.43; 589.92
932; 0.311359566617493; 4932.41297035319; 4403.79; 544.16
933; 0.30697070963742; 4662.75711869383; 4171.45; 512.91
934; 0.31820567325369; 4223.77795324373; 3774.84; 452.07
935; 0.326289778801276; 3756.10660399255; 3360.06; 388.89
936; 0.321531683574075; 3432.10838913019; 3086.68; 344.16
937; 0.316830371016991; 2948.99642613331; 2658.99; 293.19
938; 0.302465832566888; 2501.62000946818; 2252; 264.31
939; 0.301212262369444; 2245.08690544782; 2024.61; 234.4
940; 0.304053070831108; 1923.33914357798; 1733.22; 200.21
941; 0.303968432217927; 1688.96267303845; 1538.72; 158.24
942; 0.30827047768639; 1580.50383924664; 1438.65; 147.3
943; 0.351991148037673; 1478.66404729649; 1334.26; 131.31
944; 0.368707095912929; 1436.70281518252; 1289.05; 128.16
945; 0.352066038882289; 1429.08339967551; 1279.67; 135.8
946; 0.366739523786502; 1452.47702942824; 1299.75; 133.24
947; 0.390364247086596; 1507.27556842662; 1341.65; 135.73
948; 0.37281101144665; 1549.61974635444; 1372.3; 152.14
949; 0.347244044008193; 1621.36410315749; 1429.17; 177.02
950; 0.366440794538343; 1721.0864670642; 1522.48; 173.32
951; 0.380501200436416; 1793.67520317592; 1580.34; 179.27
952; 0.399216298884364; 1891.28641508831; 1680.01; 169.2
953; 0.380744441202906; 1992.00748547978; 1761.43; 193.59
954; 0.373550542094578; 2055.11569777604; 1813.87; 206.42
955; 0.376310637851182; 2159.93011429494; 1902.81; 218.36
956; 0.402790736907597; 2259.27794229417; 2005.39; 201.42
957; 0.381706498555139; 2310.02599231795; 2063.96; 205.97
958; 0.379619427156088; 2393.82848832074; 2131.01; 221.18
959; 0.377335312293465; 2467.11145333895; 2196.72; 228.9
960; 0.41274927505696; 2519.62937231971; 2252.42; 206.77
961; 0.37691518678108; 2577.98802695287; 2309.05; 227.87
962; 0.348922639681976; 2612.70892686706; 2346.14; 243.95
963; 0.35475403691657; 2644.65267495504; 2362.87; 253.6
964; 0.360411355340918; 2675.91977156063; 2387.56; 255.42
965; 0.340020060856783; 2706.51326908745; 2411.05; 277.37
966; 0.320277778037323; 2714.19156459582; 2422.73; 290.45
967; 0.299286834634888; 2710.8839157827; 2412.51; 318.15
968; 0.30745929671488; 2723.45843950231; 2424.46; 310.3
969; 0.328831439032511; 2734.5857404446; 2433.22; 292.4
970; 0.332977065697721; 2736.96792218934; 2425.52; 298.38
971; 0.330193137703568; 2731.80578667507; 2406.15; 314.58
972; 0.346530787453794; 2721.87581535608; 2389.96; 305.48
973; 0.354332461905813; 2720.15808239777; 2390.88; 296.34
974; 0.397664085337441; 2717.77260687738; 2376.55; 273.6
975; 0.391068965077357; 2691.94747990121; 2360.35; 270.33
976; 0.363740081596687; 2665.98251203261; 2346.14; 280.3
977; 0.356450228303136; 2645.58650999853; 2340.7; 272.63
978; 0.355684920306201; 2618.01866265135; 2312.92; 273.37
979; 0.344775748130466; 2583.96713862969; 2292.47; 269.42
980; 0.334432621911553; 2555.99463315284; 2271.21; 271.32
981; 0.317317955165589; 2522.19009593091; 2242.64; 280.66
982; 0.337893823240266; 2493.67556521696; 2202.63; 274.38
983; 0.354194915705191; 2471.1136764808; 2191.33; 251.59
984; 0.370861358399718; 2432.78241724065; 2150.38; 242.5
985; 0.373093053624059; 2386.18968756521; 2126.43; 221.7
986; 0.370240868464535; 2342.7749822579; 2089.99; 217.38
987; 0.375755568948601; 2318.32965539099; 2070.96; 209.58
988; 0.3951454081704; 2274.75942891004; 2031.15; 196.24
989; 0.401249517766236; 2232.11476881153; 2001.59; 182.85
990; 0.400274368398652; 2214.70504825251; 1964.58; 198.86
991; 0.363519033560121; 2153.54215946774; 1922.47; 202.26
992; 0.398929905091172; 2118.95573016465; 1892.5; 180.6
993; 0.380075696809149; 2067.32010683033; 1843.17; 187.61
994; 0.385809919729004; 2039.77173181185; 1823.97; 177.92
995; 0.371163894061895; 1998.0999753264; 1786.35; 181.45
996; 0.361868984810251; 1948.55643770246; 1743.39; 180.3
997; 0.351167000393838; 1900.46199103643; 1714.96; 167.97
998; 0.362584877750134; 1876.46777521171; 1691.86; 161.88
999; 0.333962320370341; 1832.60899893278; 1639.65; 183.68
1000; 0.351962725750134; 1802.86758204411; 1609.32; 174.8
1001; 0.350660610795327; 1774.98740259567; 1574.59; 181.64
1002; 0.356914741562902; 1732.16217344219; 1536.62; 174.11
1003; 0.335309833328639; 1690.91286609546; 1503.2; 177.89
1004; 0.360707311055385; 1653.39204794988; 1462.01; 168.58
1005; 0.377622198547777; 1631.48902750526; 1442.35; 159.12
1006; 0.380261457121815; 1587.52957251419; 1418.13; 141.51
1007; 0.363561391995688; 1542.62297807467; 1387.48; 135.54
1008; 0.3550089781667; 1509.60496166916; 1361.78; 132.24
1009; 0.356455588574298; 1477.63459304313; 1342.09; 120.75
1010; 0.370530746540791; 1443.11768195702; 1308.87; 115.04
1011; 0.344089884368108; 1402.7029347627; 1283.94; 109.58
1012; 0.293243418419014; 1357.85672470355; 1251.78; 114.83
1013; 0.286005444891529; 1334.81913911361; 1226.98; 119.68
1014; 0.320581789085544; 1306.96479205158; 1191.45; 114.36
1015; 0.344095456676037; 1277.3649883365; 1162.48; 105.95
1016; 0.353017423598787; 1246.66874098447; 1141.02; 94.96
1017; 0.365435276130576; 1226.15811392872; 1125.72; 87.2
1018; 0.321421732654696; 1191.96017444064; 1093.11; 97.56
1019; 0.36807472595917; 1163.24968576494; 1062.77; 86.59
1020; 0.36437037961345; 1125.00412436824; 1039.53; 74.4
1021; 0.346955280582622; 1105.14709605053; 1027.85; 70.65
1022; 0.253774190102357; 1054.67808504237; 1001.12; 66.92
1023; 0.246298990162545; 1029.16599346729; 969.14; 77.27
1024; 0.232287191951776; 1006.60480781908; 953.82; 72.04
1025; 0.258912152070132; 989.004126642536; 932.44; 69.25
1026; 0.282713651934435; 975.300477637916; 909.32; 73.97
1027; 0.264151337236601; 952.579466503064; 891.7; 73.04
1028; 0.260398120028205; 931.343267447932; 867.22; 78.03
1029; 0.291935174940026; 922.194603226782; 845.82; 82.89
1030; 0.272042869428246; 898.394398301505; 820.39; 90.84
1031; 0.287669317917008; 871.628883344101; 787.28; 92.88
1032; 0.305649527315532; 850.112686708344; 774.62; 78.23
1033; 0.294289471612783; 823.064540207184; 749.98; 78.65
1034; 0.332366605465244; 816.064076939905; 726; 85.81
1035; 0.331719232662834; 793.859263317535; 702.83; 86.89
1036; 0.353836379495714; 776.888617820969; 698.12; 70.48
1037; 0.386537125975279; 756.959594890503; 685.86; 58.23
1038; 0.37276491902807; 748.338799796118; 684.37; 54.32
1039; -0.179793133582219; 712.656292230114; 735.85; 40.83
1040; 0.0769479996026212; 692.17451014863; 710.26; -74.38
1041; 0.633226504366915; 751.048236568661; 684.65; 33.18
