# 08/03/2019 18:32:44
# NanoCalc data
# Original file name: C:\SVA_DATA\StudentProjects\2018_Nathan\PSswelling_080319\PSswelling2_1062.dat
# Fit Result : Fitness; Thickness 1; Thickness 2; Thickness 3 
# Fit Result : 20.0334786122013; 2; 370; -1
# comment:PS ID:349 ref:withoptics.ref slowslow2 start 15:37
#
# WaveLength; Reflectance; Raw Intensity; Dark Intensity; Reference Intensity
400; 0.242281609799108; 4236.26609749017; 3869.39; 734.26
401; 0.248784915149989; 4391.52170070618; 4006.64; 746.92
402; 0.249220409382515; 4493.52908394161; 4085.87; 786.28
403; 0.255202911548232; 4614.6919739901; 4170.5; 833.19
404; 0.247786790923169; 4710.91580008471; 4276.9; 834.94
405; 0.251955264281947; 4884.57879379347; 4420.61; 874.39
406; 0.255688574263289; 5001.49874593162; 4512.32; 904.88
407; 0.261874774130935; 5129.59406175416; 4618.2; 920
408; 0.255262894675239; 5234.55819010081; 4719.05; 947.65
409; 0.255176430686527; 5350.75365813836; 4825.46; 962.39
410; 0.262866999324673; 5516.89606568252; 4957.25; 991.61
411; 0.265497449338473; 5618.79380254831; 5054.41; 986.6
412; 0.273988215539353; 5714.0066360548; 5122.07; 999.14
413; 0.281335422671714; 5819.49653144169; 5198.54; 1017.35
414; 0.284075061262994; 5965.92744657472; 5328.84; 1030.24
415; 0.29125285347065; 6076.34402553199; 5407.41; 1051.61
416; 0.294847436664837; 6160.39151060673; 5484.24; 1046.5
417; 0.302204308955234; 6261.03978283974; 5557.11; 1059.45
418; 0.304421669696835; 6418.65734972559; 5686.9; 1089.66
419; 0.305027882154532; 6514.25945629644; 5778.65; 1089.96
420; 0.31740059122812; 6653.81658033914; 5873.63; 1107.63
421; 0.319934492752232; 6800.86910582726; 5999.37; 1125.58
422; 0.32299522878884; 6986.41057165238; 6161.07; 1144.72
423; 0.324933558673966; 7126.15717255784; 6283.37; 1158.5
424; 0.325975303930753; 7279.29044418783; 6410.67; 1186.66
425; 0.32391971951841; 7444.83906530552; 6557.12; 1217.13
426; 0.320523397965947; 7671.61403325413; 6756.41; 1264.66
427; 0.326846024708111; 7860.4140335091; 6894.52; 1305.3
428; 0.32780902981899; 8022.50648898068; 7042.42; 1316.97
429; 0.328545492920459; 8181.1790614165; 7172.4; 1349.15
430; 0.339636563598363; 8428.30047568016; 7362.29; 1375.69
431; 0.341775027822143; 8598.25625641814; 7500.15; 1404.78
432; 0.343340332315608; 8738.64495792446; 7593.7; 1454.39
433; 0.352594616868017; 8884.04853950855; 7693.05; 1469.65
434; 0.359003347574058; 9079.98823161976; 7850.92; 1485.96
435; 0.360098133129795; 9200.8934640419; 7946.36; 1508.87
436; 0.365607071401797; 9321.21658780893; 8021.43; 1536.4
437; 0.357876160581675; 9409.98733495808; 8119.95; 1554.23
438; 0.360137126772563; 9607.39558944113; 8283.29; 1581.59
439; 0.36399345359729; 9715.9676971206; 8354.04; 1605.86
440; 0.367691476731653; 9838.38974707889; 8452.56; 1613.9
441; 0.366663448754683; 9939.46875373538; 8550.95; 1617.96
442; 0.373791748989574; 10149.7149438569; 8688.97; 1665.9
443; 0.37925602725018; 10291.5711835675; 8792.56; 1681.21
444; 0.382807212689358; 10456.5489360628; 8949.24; 1671.17
445; 0.3865995432471; 10611.5488698127; 9085.03; 1672.09
446; 0.393797207083231; 10857.86049117; 9265.24; 1708.7
447; 0.393565347312034; 11072.8543893302; 9440.26; 1748.86
448; 0.399478389557413; 11288.930998987; 9630.23; 1746.72
449; 0.406586433075021; 11642.5026623373; 9885.28; 1814.28
450; 0.403720945507214; 11841.9612727026; 10081.11; 1827.01
451; 0.404216907449496; 12056.4573579841; 10255.69; 1862.38
452; 0.407675511607698; 12296.8332733971; 10424.07; 1916.49
453; 0.410198807405356; 12683.5662180622; 10737.48; 1975.37
454; 0.408948761491033; 12951.79372133; 10963; 2020.88
455; 0.410634186363356; 13194.7641308865; 11156.94; 2058.18
456; 0.414681181571304; 13470.9275114496; 11369.12; 2098.01
457; 0.406534759081265; 13845.1447058272; 11721.72; 2157.98
458; 0.410704951486907; 14152.8728289764; 11971.21; 2190.45
459; 0.412919748892858; 14438.9151409519; 12197.34; 2234.36
460; 0.413296745269305; 14710.081090267; 12451.85; 2244.7
461; 0.414567033031414; 15111.1133412388; 12770.64; 2315.01
462; 0.411723286852796; 15340.7591303323; 12991.06; 2335.82
463; 0.409464622544997; 15568.7798674635; 13180.57; 2382.87
464; 0.410386771731768; 15980.0923501755; 13511.27; 2453.29
465; 0.416721529508465; 16290.145184803; 13729.67; 2501.36
466; 0.414211644852213; 16573.6436941614; 13965.54; 2558.83
467; 0.420553209570179; 16882.6294315881; 14207.98; 2580.21
468; 0.41748657495313; 17459.7105415708; 14678.16; 2698.49
469; 0.420199892998741; 17846.590020258; 14993.1; 2745.87
470; 0.424686036265713; 18265.2406941684; 15322.49; 2797.27
471; 0.432227982232313; 18753.6541605496; 15732.43; 2817.13
472; 0.444538290888992; 19563.860561468; 16372.18; 2888.96
473; 0.441245045838693; 20081.2856126571; 16816.37; 2972.52
474; 0.44654308559843; 20677.1978930226; 17311.54; 3023
475; 0.448774602149699; 21674.1179602113; 18143.65; 3150.22
476; 0.451959377689048; 22360.9876955274; 18682.99; 3253.44
477; 0.447986253408674; 23049.2574665337; 19269.42; 3367.82
478; 0.448724277823234; 23877.1864334685; 19967.43; 3472.23
479; 0.443473071631429; 25084.1075806662; 20949.15; 3709.93
480; 0.438528215596844; 25891.2050774896; 21691.29; 3804.75
481; 0.437782136272297; 26719.0969136314; 22361.32; 3948.55
482; 0.438394481734229; 27989.9157472615; 23416.42; 4131.99
483; 0.437571410015243; 28822.6615192388; 24128.61; 4242.65
484; 0.436232550594629; 29616.8148993201; 24824.01; 4338.71
485; 0.434901360138578; 30419.6976533331; 25545.04; 4419.68
486; 0.431933797001537; 31553.3263611976; 26517.16; 4590.47
487; 0.432576582263467; 32245.1185641474; 27144.88; 4634.96
488; 0.434125401329245; 32937.2421978148; 27734.19; 4704.39
489; 0.433569099689046; 33593.7834326919; 28301.4; 4784.45
490; 0.425871793145537; 34480.1063367755; 29129.5; 4917.45
491; 0.421629587189976; 35004.428327798; 29620.01; 4991.8
492; 0.422139434974103; 35538.5724868509; 30076.82; 5050.77
493; 0.422308162134803; 36300.4312141239; 30727.18; 5145.3
494; 0.422290446981494; 36743.3830012596; 31131.56; 5174.67
495; 0.421265756677647; 37162.3894600092; 31508.11; 5219.97
496; 0.420151533128732; 37797.5146414427; 32056.49; 5307.57
497; 0.420754949691431; 38191.7989945758; 32397.48; 5342.56
498; 0.42164818372051; 38564.064535017; 32734.99; 5356.59
499; 0.418031298385179; 38960.8012000923; 33093.5; 5431.5
500; 0.421778454576972; 39540.3312554497; 33580.19; 5461.63
501; 0.421595690763021; 39899.1405346263; 33912.63; 5481.08
502; 0.420599855129267; 40254.4376743792; 34262.4; 5491.88
503; 0.418342778963842; 40833.3188148519; 34758.54; 5590.61
504; 0.416493504558693; 41223.6763978649; 35092.98; 5659.87
505; 0.418254433710035; 41691.6339580854; 35469.61; 5713.19
506; 0.418110039723025; 42138.5527219148; 35860.16; 5760.06
507; 0.421075982432886; 42809.2379921024; 36434.09; 5800.95
508; 0.418947985097333; 43234.9389966318; 36816.82; 5862.95
509; 0.414361012625804; 43640.6604043348; 37220.5; 5923.17
510; 0.41479717005734; 44386.9400018066; 37815.45; 6049.54
511; 0.41424458436989; 44877.3284026442; 38193.07; 6154.56
512; 0.413859613448602; 45356.9800945355; 38664.27; 6161.05
513; 0.410196522092356; 45973.7054713602; 39275.75; 6213.99
514; 0.406743229292909; 46410.3865552444; 39688.32; 6282.11
515; 0.40255516040639; 46846.5351516404; 40099.69; 6363.71
516; 0.400639434187122; 47245.2884663599; 40486.93; 6397.69
517; 0.394696367787084; 47911.7568910643; 41096.3; 6541.34
518; 0.390425900821491; 48333.5137083649; 41496.14; 6626.65
519; 0.387023838840789; 48783.9331283511; 41917.64; 6705.56
520; 0.383028461818987; 49437.1701037335; 42548.12; 6790.4
521; 0.377787902702928; 49882.9063003223; 42977.56; 6893.52
522; 0.374503910125046; 50320.8408705463; 43423.9; 6938.08
523; 0.371791861217914; 51000.7532516464; 44015.23; 7071.04
524; 0.367585007653882; 51459.237555035; 44459.88; 7158.61
525; 0.367235842505091; 51893.3112418952; 44853.54; 7199.39
526; 0.362877440149304; 52435.6650760367; 45445.09; 7227.5
527; 0.35832684888781; 52764.6060900514; 45749.02; 7338.26
528; 0.353639932147377; 53071.542004892; 46051.59; 7432.64
529; 0.352985935802281; 53352.375169764; 46325.08; 7446.85
530; 0.348217049951158; 53685.6865555407; 46663.24; 7536.36
531; 0.34386856591196; 53833.8487503364; 46895.43; 7533.44
532; 0.342016053548657; 54000.4799518177; 47103.5; 7522.1
533; 0.343609944024361; 54319.6583195115; 47350.71; 7558.38
534; 0.342878568281551; 54468.266256861; 47499.48; 7567.35
535; 0.341346443021908; 54637.4411277861; 47665.71; 7596.56
536; 0.336596071731035; 54866.6007362639; 47956; 7628.39
537; 0.330949005678233; 54983.8348513885; 48154.07; 7659.54
538; 0.329693424619119; 55159.6739034079; 48333.48; 7676.39
539; 0.329111147812997; 55448.6881118997; 48638.4; 7664.33
540; 0.327321539698221; 55626.8278331387; 48781.81; 7737.72
541; 0.321599593843105; 55786.7204250907; 49000.63; 7801.09
542; 0.318559618400017; 56054.4392678967; 49330.89; 7796.44
543; 0.316631899785861; 56252.3580874282; 49574.67; 7784.29
544; 0.314688824057808; 56447.1355512886; 49814.41; 7773.5
545; 0.313951740868046; 56817.0541475417; 50138.07; 7839.71
546; 0.308396306811724; 57041.0130754135; 50409.36; 7917.92
547; 0.307146400313338; 57305.1795702352; 50662.12; 7956.91
548; 0.302673187683051; 57751.0910769869; 51154.89; 8010.79
549; 0.301722523050395; 58037.5029912022; 51448.39; 8020.41
550; 0.297470122320747; 58315.2198180716; 51787.69; 8052.21
551; 0.294828712109267; 58619.3394045178; 52108.28; 8096.98
552; 0.292328705676042; 59035.5015336953; 52532.52; 8149.17
553; 0.289138716436091; 59272.2614321021; 52882.77; 8088.61
554; 0.28621801466113; 59491.833631516; 53142.48; 8112.9
555; 0.281651540676214; 59916.1416538762; 53645.5; 8135.28
556; 0.279739071900742; 60192.7893476997; 53968.23; 8123.54
557; 0.278260025474574; 60495.2274182084; 54277.78; 8150.4
558; 0.276123424653335; 60972.32581932; 54687.44; 8295.43
559; 0.276523050128802; 61383.3502911042; 55059.41; 8327.75
560; 0.274329398949557; 61764.475396769; 55464.5; 8355.33
561; 0.268785348133551; 62442.5909080317; 56171.38; 8481.63
562; 0.269054017822739; 63035.4723930788; 56732.23; 8509.08
563; 0.267369686426853; 63573.6426194023; 57284.76; 8536.23
564; 0.261074665500763; 64383.1610640943; 58131.67; 8683
565; 0.256394061853225; 64895.323361094; 58723.39; 8722.57
566; 0.253793569735068; 65367.7567545695; 59260.3; 8713.46
567; 0.244126684622308; 65884.1310221039; 59968.19; 8768.43
568; 0.243551281367741; 66247.0079578477; 60312.67; 8810.43
569; 0.240885316215227; 66425.4698896191; 60536.87; 8832.97
570; 0.23727292365309; 66468.1506717331; 60654.49; 8847
571; 0.234321015303643; 66390.334762893; 60645.86; 8845.03
572; 0.231828209381362; 66253.7789080337; 60593.21; 8802.53
573; 0.229209275668835; 65925.4750470458; 60388.41; 8701.9
574; 0.225996745151291; 65650.8145590557; 60192.1; 8693.52
575; 0.223626365487569; 65241.76337955; 59917.07; 8563.1
576; 0.218152722190242; 64926.6650912798; 59761.86; 8507.77
577; 0.216675829588427; 64727.1483843787; 59641.09; 8428.61
578; 0.215275744107462; 64434.4932394628; 59423.5; 8351.72
579; 0.211696506914949; 64226.1458536099; 59274.96; 8385.25
580; 0.209912307212933; 64045.7079840679; 59125.77; 8396.82
581; 0.205828632853472; 63757.4948626388; 58924.46; 8406.26
582; 0.203047017482008; 63582.2724792988; 58842.88; 8350.45
583; 0.200242268325017; 63447.2314813338; 58773.45; 8344.55
584; 0.199007144825941; 63277.8748671206; 58634.76; 8335.83
585; 0.195271967580014; 63113.202642853; 58543.05; 8356.35
586; 0.190597583642958; 62985.0539896929; 58471.96; 8448.9
587; 0.186916457287673; 62780.3331556251; 58404.36; 8348.32
588; 0.183400767540496; 62637.3955506629; 58360.19; 8311.12
589; 0.181358722666091; 62540.8003285516; 58331.89; 8265.55
590; 0.177153333629833; 62449.7174876093; 58337.01; 8263.17
591; 0.174470815589877; 62333.5990505419; 58293.38; 8237.16
592; 0.174939136703538; 62352.4440451583; 58296.42; 8242.06
593; 0.173248612809253; 62378.0489801342; 58354.29; 8251.08
594; 0.171099026363169; 62398.723574337; 58474.67; 8142.58
595; 0.168885065951148; 62585.6318062301; 58691.02; 8182.26
596; 0.166011672917182; 62745.0826867342; 58910.07; 8191.32
597; 0.16398871606767; 62974.5104014853; 59148.04; 8268.66
598; 0.163964183039518; 63519.1309196405; 59669.64; 8314.38
599; 0.160870152332525; 63928.0498276065; 60111.73; 8395.94
600; 0.156637500378116; 64355.4256818866; 60597.36; 8485.8
601; 0.153729491442726; 65146.5620393204; 61431.73; 8541.42
602; 0.152307602709981; 65781.3349372144; 62030.86; 8698.58
603; 0.149492700368852; 66365.3411903378; 62682.2; 8697.72
604; 0.150487482699374; 67292.9818710015; 63509.51; 8869.93
605; 0.150070926294987; 67853.8945155426; 64042.25; 8955.31
606; 0.148883083935188; 68397.4933410609; 64550.97; 9103.79
607; 0.149870247450197; 69067.3632013283; 65111.84; 9294.41
608; 0.148541692061905; 69390.1301917097; 65429.29; 9384.39
609; 0.146287810099101; 69764.8556041838; 65822.24; 9479.31
610; 0.145506714164009; 69880.1433095988; 65955.41; 9481.14
611; 0.145442749469473; 69976.9717248667; 66022.08; 9552.58
612; 0.143481921615727; 69927.6624445573; 66019.65; 9562.45
613; 0.139683224800171; 69815.8723339818; 66016.95; 9542.42
614; 0.135802241828728; 69552.2387244567; 65905.75; 9415.73
615; 0.131213989042918; 69053.6154945811; 65585.75; 9262.15
616; 0.129409173981289; 68709.5391067314; 65316.88; 9181.97
617; 0.12537666976704; 68026.0014738996; 64768.34; 9095.05
618; 0.123343756807408; 67561.7276457515; 64373.64; 9042.15
619; 0.119430401384918; 67048.0044465102; 63985.54; 8965.65
620; 0.11312304615183; 66292.0711775924; 63448.32; 8784.82
621; 0.112497315846482; 65813.8842265028; 63011.38; 8701.12
622; 0.11420538879402; 65438.4394546839; 62594.57; 8693.06
623; 0.114884004860575; 64895.5046291405; 62070.14; 8581.34
624; 0.112235542966527; 64473.1225762345; 61741.91; 8487.03
625; 0.116239927051906; 64034.5475565288; 61215.67; 8453.6
626; 0.117489604867735; 63736.436633279; 60906.9; 8391.25
627; 0.119388683005186; 63416.3032691915; 60552.71; 8353.36
628; 0.125400329570791; 63010.0060950659; 59996.17; 8366.11
629; 0.125962252033593; 62733.4696319698; 59718.79; 8327.32
630; 0.123725479123603; 62410.8945642104; 59494.05; 8198.99
631; 0.121018784579395; 61945.7794327818; 59130.04; 8088.35
632; 0.122288612422896; 61716.944317187; 58876.05; 8072.41
633; 0.117360911233521; 61224.1474090767; 58511.89; 8027.04
634; 0.115253046845177; 60961.0546633431; 58308.74; 7989.54
635; 0.113415573668498; 60725.0949484602; 58140.12; 7908.54
636; 0.106984421808332; 60345.8539370596; 57915.51; 7878.13
637; 0.104454239186635; 60085.2464708582; 57722.82; 7838.74
638; 0.103763519696201; 59853.56185094; 57474.46; 7941.82
639; 0.102806433395915; 59542.858268455; 57165.91; 8003.89
640; 0.102443389041401; 59377.2580501036; 57008.09; 8001.12
641; 0.104847007791789; 59161.9575057242; 56758.58; 7926.46
642; 0.104713989640981; 58937.2262602117; 56539.98; 7912.17
643; 0.106306121152124; 58803.2245209477; 56371.02; 7903.44
644; 0.105974322876382; 58512.0344299517; 56100.39; 7857.3
645; 0.106706530641485; 58378.9943710301; 55952.09; 7849.35
646; 0.108094696754187; 58180.9033675262; 55757.04; 7735.25
647; 0.110295539860736; 58060.9221904332; 55605.78; 7675.61
648; 0.113408744609154; 57932.3290529287; 55421.19; 7632.06
649; 0.114706455830279; 57761.5466340399; 55233.83; 7592.22
650; 0.115690154891431; 57662.5691774876; 55116.84; 7578
651; 0.117141836064955; 57530.0976474035; 54970.38; 7521.71
652; 0.119441263451807; 57439.20830096; 54836.02; 7498.47
653; 0.122557836370046; 57358.1259185679; 54697.14; 7466.34
654; 0.12447995556881; 57237.2052888852; 54559.48; 7393.84
655; 0.123388467853041; 57120.3835072672; 54465.02; 7393.93
656; 0.123690579983095; 56966.4537179836; 54312.69; 7368.41
657; 0.121744588162897; 56855.4804377679; 54258.2; 7324.28
658; 0.121937346275481; 56756.9977950042; 54165.73; 7293.21
659; 0.122822312692071; 56668.3911949274; 54053.82; 7302.78
660; 0.12359244496383; 56594.8496527265; 53974.86; 7269.33
661; 0.121540451766702; 56405.3960163855; 53820.55; 7288.84
662; 0.120541680090815; 56282.2740813486; 53704.12; 7326.33
663; 0.12251712574469; 56238.1848955523; 53597.59; 7378.87
664; 0.121858899054289; 56114.506834168; 53483.1; 7388.78
665; 0.125522777156561; 56036.3469545623; 53326.55; 7383.97
666; 0.128824187543179; 55922.0411299484; 53150.66; 7355.43
667; 0.130516804539075; 55796.566703388; 52998.89; 7326.55
668; 0.131584674311572; 55668.0748278413; 52847.85; 7323.5
669; 0.135347944008952; 55543.0455380555; 52664.94; 7263.21
670; 0.137817712017537; 55472.4872430443; 52553.29; 7232.11
671; 0.137144892342975; 55249.7837415756; 52404.63; 7079.27
672; 0.134161256938579; 55071.8766756676; 52310.27; 7020.25
673; 0.131334736212679; 54859.3520183181; 52154.03; 7021.01
674; 0.133016723549216; 54629.4151737778; 51884.46; 7029.82
675; 0.131911479708004; 54415.2381445162; 51726.62; 6940.14
676; 0.12833971945627; 54096.8342823664; 51487.64; 6919.48
677; 0.128374305035447; 53858.317700379; 51264.41; 6874.84
678; 0.132135712019489; 53498.349024029; 50861.27; 6787.88
679; 0.133798119139138; 53270.2767678931; 50607.72; 6765.89
680; 0.135567866020911; 53004.0040476765; 50288.84; 6807.27
681; 0.137653843598577; 52646.0374667932; 49879.04; 6829.65
682; 0.137324893778262; 52355.452068382; 49603.29; 6806.66
683; 0.139903515083385; 52013.320232934; 49190.55; 6849.95
684; 0.144458629496188; 51794.9040936378; 48851.84; 6914.18
685; 0.145087992969762; 51436.839155681; 48496.41; 6875.35
686; 0.143296731955696; 51160.913749229; 48259.88; 6865.56
687; 0.141040694998726; 50860.8203370004; 48015.34; 6839.14
688; 0.143017555753254; 50503.6797638446; 47660.66; 6736.35
689; 0.144186066202298; 50274.9733509613; 47430.35; 6683.12
690; 0.142351408814754; 49895.8494417348; 47114.92; 6615.1
691; 0.142281394098547; 49634.1798562875; 46875.41; 6563.05
692; 0.142724054527801; 49396.655453046; 46671.62; 6460.16
693; 0.147929507232376; 49072.6642085186; 46240.6; 6475.1
694; 0.15098937479123; 48828.9933190117; 45936.72; 6476.21
695; 0.157471622978468; 48520.8424999591; 45505.74; 6470.6
696; 0.158433648499743; 48271.7001784825; 45255.77; 6430.36
697; 0.161515542174628; 47893.6617202091; 44881.07; 6297.83
698; 0.165835853177062; 47696.8420459533; 44617.46; 6267.1
699; 0.167645752275928; 47332.5686755661; 44279.79; 6143.47
700; 0.167553283410987; 47083.9404438962; 44098.54; 6008.83
701; 0.166155523000637; 46832.3987384073; 43886.31; 5977.78
702; 0.16047540748328; 46463.8278727577; 43667.22; 5873.37
703; 0.161281801789561; 46231.2654274185; 43450.12; 5809.93
704; 0.163601022075608; 45959.1776013631; 43177.28; 5727.38
705; 0.165070500147435; 45761.2056042803; 42984.61; 5663.34
706; 0.162504555653312; 45422.1783882638; 42694.41; 5649.54
707; 0.165988681615878; 45279.0767840143; 42461.28; 5711.07
708; 0.170384484609097; 45120.0509812932; 42219.65; 5724.39
709; 0.168679253381501; 44763.3232488861; 41899.34; 5707.57
710; 0.172560235318501; 44568.1828209079; 41648.14; 5686.33
711; 0.169842891985029; 44215.6045703412; 41364.18; 5640.34
712; 0.172175992652605; 43986.7201062703; 41116.32; 5599.74
713; 0.176397739818193; 43681.8674207301; 40762.56; 5557.66
714; 0.179419621559993; 43425.824034871; 40520.22; 5437.41
715; 0.178135754454308; 43013.0379544234; 40202.88; 5294.92
716; 0.180508275138372; 42744.2670525895; 39932.78; 5226.2
717; 0.180185917675772; 42394.5550144261; 39629.07; 5147.84
718; 0.178630701364889; 41864.3603801854; 39183.73; 5031.33
719; 0.184575638384036; 41542.5647020883; 38793.68; 4991.12
720; 0.186381767875179; 41013.6087441414; 38280.05; 4913.24
721; 0.182431689080736; 40663.9406771555; 37997.72; 4894.17
722; 0.182858927275204; 40120.2642750404; 37461.34; 4867.58
723; 0.184715730701147; 39768.6205467969; 37089.11; 4854.17
724; 0.188029672848341; 39337.3885124789; 36612.24; 4848.05
725; 0.189824598530214; 39119.2199720938; 36385.09; 4816.26
726; 0.18873953522807; 38848.9430105803; 36131.54; 4812.54
727; 0.189431380715861; 38769.1514817211; 36040.6; 4812.86
728; 0.18697954028773; 38613.7168974424; 35923.5; 4805.84
729; 0.192997194980263; 38562.4522648007; 35794.86; 4788.58
730; 0.19239293650076; 38533.8347278112; 35804.98; 4735.07
731; 0.190289572804834; 38559.4970037777; 35898.6; 4667.75
732; 0.191039711912615; 38594.5727805035; 35931.8; 4652.12
733; 0.192724971681845; 38627.6524748748; 35937.66; 4658
734; 0.191551467686866; 38599.7715549795; 35940.73; 4632.18
735; 0.188658861287337; 38532.9173319896; 35910.34; 4637.56
736; 0.188908913332321; 38485.8249886373; 35853.79; 4646.83
737; 0.187065503432083; 38405.316069696; 35763.82; 4707.89
738; 0.185447152999901; 38302.5984890333; 35686.23; 4702.2
739; 0.190049459315793; 38241.8682223624; 35566.35; 4690.32
740; 0.190433266063395; 38186.0840007213; 35518.53; 4665.2
741; 0.192615664288889; 38161.6016331948; 35438.57; 4706.66
742; 0.202416821079041; 38256.4643793794; 35376.98; 4734.62
743; 0.206547588524546; 38330.2661006149; 35384.87; 4744.52
744; 0.210388505367438; 38546.3086718675; 35557.26; 4725.32
745; 0.211626043860582; 38725.6761459422; 35711.59; 4735.27
746; 0.217409303001104; 39048.1892923264; 35904.99; 4804.96
747; 0.218547452622399; 39246.1276347587; 36064.38; 4836.75
748; 0.220334685454908; 39480.1694416741; 36277.22; 4827.83
749; 0.220984807517496; 39582.0691910303; 36375.65; 4817.49
750; 0.220677732638422; 39556.9974042912; 36374; 4787.76
751; 0.220164479051248; 39469.3543687958; 36336.55; 4723.1
752; 0.219867096889815; 39192.0080677527; 36099.96; 4667.67
753; 0.218717303416231; 38909.2891931984; 35843.88; 4651.64
754; 0.211953259034642; 38312.6495817487; 35400.69; 4559.52
755; 0.209901253071532; 37895.5125249976; 35033.68; 4523.71
756; 0.210765715385295; 37282.5173038395; 34423.24; 4499.87
757; 0.20794755802437; 36838.0662774088; 34033.43; 4471.88
758; 0.210628440659184; 36258.9776760389; 33441.09; 4434.02
759; 0.209543085367054; 35854.5485534545; 33053.61; 4428.1
760; 0.212610464196916; 35499.9770815609; 32681.41; 4389.62
761; 0.218410180055555; 34964.9287454222; 32094.24; 4350.03
762; 0.218227507870191; 34610.2166492406; 31738.87; 4352.62
763; 0.219110358831842; 34089.4916820223; 31268.89; 4256.73
764; 0.221615678284798; 33775.5023225847; 30955.78; 4205.71
765; 0.224058156968861; 33325.9290592776; 30523.94; 4133.31
766; 0.223058727088925; 33030.5664825807; 30282.24; 4071.93
767; 0.227134372505702; 32581.7256347153; 29889.65; 3917.14
768; 0.224372962455383; 32274.4338144111; 29645; 3873.2
769; 0.227499585474014; 31889.0108124202; 29266.15; 3810.18
770; 0.229648010460644; 31650.80950487; 29018.85; 3787.39
771; 0.229503860404201; 31303.8740979812; 28680.35; 3776.08
772; 0.232516533776022; 31080.0949818581; 28446.72; 3739.62
773; 0.236231647845425; 30711.2788126453; 28058.77; 3705.92
774; 0.235898441585939; 30467.896082679; 27829.59; 3689.54
775; 0.245871134239483; 30205.7425502716; 27439.76; 3709.91
776; 0.2479671258837; 29977.0976668444; 27237.96; 3641.47
777; 0.251266502349679; 29684.3485804529; 26913.56; 3634.26
778; 0.253945806495084; 29485.6614774066; 26715.7; 3593.82
779; 0.257522041158698; 29170.4323845112; 26401.43; 3541.9
780; 0.254551944569274; 28954.5683305177; 26209.45; 3551.42
781; 0.251537593528679; 28660.6334953933; 25959.69; 3535.36
782; 0.247130155868738; 28428.7588753447; 25778.2; 3530.39
783; 0.251874990233529; 28143.4326926657; 25494.21; 3461.37
784; 0.251398594543699; 27940.8268939194; 25318.31; 3432.1
785; 0.251874096916059; 27647.6720726685; 25049.77; 3392.5
786; 0.24898691236626; 27454.1161318156; 24888.1; 3388.75
787; 0.251851994708667; 27189.4056547015; 24582.52; 3402.48
788; 0.252310772565264; 27015.2057071291; 24429.24; 3367.97
789; 0.252733182123844; 26719.4987727895; 24166.33; 3318.75
790; 0.250473338410363; 26519.6628662131; 23986.74; 3321.19
791; 0.243137663582148; 26212.0871920438; 23719.03; 3366.69
792; 0.241129839270841; 26017.8103541343; 23546.07; 3364.95
793; 0.245392292129179; 25748.7159774015; 23263.87; 3323.4
794; 0.245563555834859; 25569.993266931; 23096.99; 3304.73
795; 0.248834669799232; 25300.5877660494; 22857.12; 3222.13
796; 0.249257111298962; 25051.3538482768; 22628.84; 3188.88
797; 0.252227138004352; 24884.8286416362; 22457.2; 3157.88
798; 0.258580075226028; 24660.0190721053; 22251.53; 3055.91
799; 0.259960688918054; 24506.6413230215; 22129.09; 3000.25
800; 0.255950202275119; 24266.7518033058; 21918.26; 3009.63
801; 0.258296585569381; 24099.1720945745; 21741.23; 2993.24
802; 0.260105786340903; 23889.4097646014; 21479.09; 3037.38
803; 0.261446609714694; 23751.2891307314; 21336.34; 3026.35
804; 0.262393029460941; 23549.9399827878; 21187.49; 2948.75
805; 0.264872206964385; 23403.0578083208; 21034.56; 2927.88
806; 0.265889333847032; 23186.8377801592; 20836.79; 2893.22
807; 0.26911717284977; 23069.2272850799; 20715.72; 2862.27
808; 0.271050126376028; 22853.3548334911; 20539.9; 2792.96
809; 0.274087154709942; 22736.877004919; 20424.64; 2760.03
810; 0.279857781971762; 22530.9612733698; 20224.7; 2695.53
811; 0.278130066693539; 22394.1554084165; 20091.86; 2706.83
812; 0.276469043613833; 22159.1359033222; 19884.31; 2689.74
813; 0.274123286860043; 22030.5965810274; 19793.26; 2667.28
814; 0.273550905166434; 21840.1397205073; 19615.6; 2656.72
815; 0.276236908303443; 21716.6644334968; 19510.51; 2608.64
816; 0.276259747067072; 21542.7050250373; 19316.71; 2631.29
817; 0.270674890740645; 21348.2710489814; 19151.29; 2650.15
818; 0.273325835432468; 21218.8490461289; 19034.43; 2609.02
819; 0.282851656283869; 21055.7089261666; 18814.23; 2586.51
820; 0.285154955615639; 20929.8751423597; 18689.96; 2563.25
821; 0.289705799606646; 20756.5559304441; 18518.27; 2520.42
822; 0.290320735422154; 20625.2580643237; 18404.2; 2495
823; 0.297131701139013; 20487.6229718617; 18260.87; 2443.43
824; 0.297346300313344; 20355.9813826186; 18158.8; 2408.62
825; 0.30103835645336; 20210.538724663; 18009.86; 2382.79
826; 0.299934110318403; 20101.7846511029; 17931.53; 2358.5
827; 0.291896076422183; 19920.1112009421; 17798.05; 2369.86
828; 0.295324210283885; 19835.3593442313; 17684; 2374.92
829; 0.296280818133312; 19675.5740222972; 17555.02; 2333.13
830; 0.281361628855277; 19446.2043069744; 17403.79; 2366.16
831; 0.280610999475972; 19331.8696648162; 17305.83; 2352.33
832; 0.276892650734429; 19156.9376533536; 17198.16; 2303.66
833; 0.277136055642484; 19045.4678731929; 17119.37; 2262.14
834; 0.272544560439604; 18885.7554551318; 17011.62; 2237.18
835; 0.271598055036038; 18770.8042201741; 16937.08; 2196
836; 0.276545413162438; 18632.953743545; 16817.17; 2135.06
837; 0.281934300608744; 18569.818996133; 16729.78; 2122.5
838; 0.288615719542268; 18448.8353925835; 16579.8; 2106.31
839; 0.300889162476581; 18331.3834271605; 16431.87; 2054.8
840; 0.297738185850349; 18251.4305615714; 16338.43; 2091.29
841; 0.305355981495721; 18149.7922903167; 16176.85; 2105.39
842; 0.303360980476026; 18058.8944276214; 16100.15; 2103.51
843; 0.300249037653743; 17910.0564526549; 15963.29; 2111.77
844; 0.303409247385003; 17830.3619693358; 15892.03; 2080.25
845; 0.302490084827464; 17645.6636159798; 15721.29; 2071.01
846; 0.303143474019543; 17579.1225874173; 15640.73; 2081.13
847; 0.302741216655167; 17444.0870297088; 15512.12; 2076.45
848; 0.301146896484584; 17291.1745566539; 15379; 2065.59
849; 0.302355688187179; 17167.114158522; 15291.55; 2017.42
850; 0.30658162963018; 16985.0743162842; 15122.34; 1975.49
851; 0.304825076329485; 16870.4762483118; 15033.42; 1959.04
852; 0.300506831515154; 16685.496585394; 14892.72; 1938.79
853; 0.300751392463759; 16577.5540114206; 14821.77; 1896.81
854; 0.299553856579354; 16385.0533488469; 14666.47; 1863.56
855; 0.308062097778962; 16203.7511422348; 14480.87; 1816.21
856; 0.302163637445383; 16092.5592615125; 14373.72; 1846.96
857; 0.308207815145359; 15944.4330862128; 14195.76; 1841.75
858; 0.306468436601275; 15842.874240898; 14085.44; 1861.12
859; 0.307798148333246; 15674.349820095; 13917.36; 1852.25
860; 0.311992111286458; 15564.8104721963; 13810.98; 1823.65
861; 0.314042498679989; 15410.6566758886; 13662.8; 1805.22
862; 0.310687661080873; 15243.613346942; 13537.19; 1781.11
863; 0.309899533751738; 15111.1972410773; 13438.2; 1750.32
864; 0.310023171720978; 14910.4245927733; 13288.14; 1696.2
865; 0.311566381080266; 14793.1653119506; 13208.2; 1648.65
866; 0.307261560661068; 14577.99314718; 13052.04; 1609.19
867; 0.306766891327175; 14322.1705626407; 12842.9; 1562.12
868; 0.303016329817748; 14136.2101065986; 12685.62; 1550.49
869; 0.306809343308655; 13890.538572186; 12452.22; 1518.07
870; 0.309430123998365; 13708.5648447273; 12312.23; 1460.99
871; 0.316804324401478; 13439.4111724771; 12058.87; 1410.52
872; 0.31363067093086; 13228.3581623973; 11877.36; 1394.03
873; 0.316575637501178; 12965.4604726394; 11599.66; 1395.92
874; 0.312292361716707; 12697.6374175786; 11341.58; 1404.65
875; 0.315413850774508; 12546.9485446671; 11199.45; 1381.7
876; 0.31898708338393; 12329.0646833192; 10955.32; 1392.56
877; 0.319502635264264; 12165.557987844; 10806.42; 1375.26
878; 0.324324410328293; 11967.3518778309; 10606.06; 1356.65
879; 0.328782883417407; 11820.9440304967; 10447.83; 1349.61
880; 0.331579174383649; 11718.2812724333; 10366.94; 1316.75
881; 0.341284630623103; 11612.8063108026; 10243.98; 1295.56
882; 0.341863105907538; 11526.3453410139; 10190.2; 1262.24
883; 0.338128641784289; 11416.45822896; 10089.13; 1267.51
884; 0.344007172148153; 11350.8878928282; 9988.4; 1278.6
885; 0.341978625614002; 11278.7508827078; 9913.56; 1288.44
886; 0.342358628259416; 11197.7835475889; 9804.76; 1312.99
887; 0.3403924130135; 11146.1594768968; 9763.04; 1310.97
888; 0.342533907404191; 11062.400625493; 9696.05; 1286.81
889; 0.355739319131004; 11023.5920111865; 9644.06; 1250.79
890; 0.35476734482193; 10983.3738238092; 9630.85; 1229.46
891; 0.358674086841215; 10940.1390047959; 9604.7; 1200.51
892; 0.352828628900624; 10941.7722865905; 9632.5; 1196.29
893; 0.351609071685603; 10980.0804055758; 9695.44; 1177.7
894; 0.34784947990183; 11054.6213384885; 9773.06; 1187.38
895; 0.344163220094271; 11128.3658227541; 9825.7; 1219.66
896; 0.345150657214631; 11282.8917369067; 9951.28; 1242.99
897; 0.340299700795452; 11391.4461219251; 10040.59; 1278.76
898; 0.342710372020362; 11602.1571108865; 10233.74; 1286.06
899; 0.34657846880862; 11824.1595962874; 10407.18; 1316.62
900; 0.342266097537272; 11939.4884158649; 10519.34; 1335.97
901; 0.34436082827852; 12093.8669388232; 10674.23; 1327.19
902; 0.338534477059492; 12192.2111936255; 10803.41; 1320.49
903; 0.337987475541695; 12254.015659155; 10845.48; 1341.2
904; 0.331428008850301; 12276.1009766555; 10871.89; 1363.32
905; 0.33446338775094; 12276.601558333; 10842.71; 1379.32
906; 0.334940865721628; 12211.7685267754; 10775.52; 1379.39
907; 0.340521375436573; 12078.4971089848; 10665.88; 1334.24
908; 0.345853025951287; 11964.525658703; 10561.98; 1304.09
909; 0.350016249465239; 11712.3424726124; 10342.42; 1258.44
910; 0.34247768834515; 11413.7257515907; 10084.23; 1247.98
911; 0.350504686481644; 11188.9751518543; 9884.34; 1196.4
912; 0.352331234383785; 10788.4862227783; 9558.26; 1122.13
913; 0.360177425763591; 10520.1565929838; 9303; 1085.88
914; 0.358238690295668; 10103.1926868415; 8920.23; 1060.91
915; 0.338146662786687; 9655.55162029533; 8545.32; 1054.67
916; 0.332224815742166; 9397.90972498815; 8311.13; 1050.62
917; 0.337740652540834; 9012.95039154093; 7972.82; 988.97
918; 0.340540855548981; 8667.22165742507; 7671.41; 938.89
919; 0.333535812385428; 8431.88703790472; 7486.3; 910.14
920; 0.326248070203258; 8100.64384412569; 7193.89; 892.14
921; 0.329798059016517; 7806.56032699008; 6920.81; 861.98
922; 0.334446394062305; 7625.33261247685; 6748.05; 841.79
923; 0.350241809376163; 7352.47372012182; 6496.05; 784.61
924; 0.350023883612023; 7166.30608010544; 6335.94; 761.11
925; 0.348577793619935; 6879.59158726816; 6077.93; 737.75
926; 0.343052175789054; 6591.798044858; 5815.14; 726.18
927; 0.335138097082141; 6412.57662034627; 5665.7; 714.73
928; 0.328091454098169; 6131.61957505048; 5437.06; 678.85
929; 0.329247468795922; 5846.77547660705; 5175.42; 653.78
930; 0.323149514676457; 5635.38219588371; 4999.79; 630.57
931; 0.311602853780999; 5298.87796035976; 4725.43; 589.92
932; 0.320033973888328; 4947.14028702882; 4403.79; 544.16
933; 0.322935207346815; 4688.30832317279; 4171.45; 512.91
934; 0.333727603982941; 4245.67694624637; 3774.84; 452.07
935; 0.338348923501097; 3770.7438486006; 3360.06; 388.89
936; 0.340738104132529; 3452.74225898935; 3086.68; 344.16
937; 0.353366005648046; 2982.43882874091; 2658.99; 293.19
938; 0.363677670601149; 2552.13711898764; 2252; 264.31
939; 0.33342332923443; 2268.66428668622; 2024.61; 234.4
940; 0.34643080959264; 1949.8372130699; 1733.22; 200.21
941; 0.344278952382868; 1708.88697983887; 1538.72; 158.24
942; 0.34605200403784; 1597.88939820698; 1438.65; 147.3
943; 0.356170140138027; 1480.3784749924; 1334.26; 131.31
944; 0.366685302453177; 1435.89316573622; 1289.05; 128.16
945; 0.348897142962105; 1427.73855109495; 1279.67; 135.8
946; 0.362242060207119; 1450.60408089695; 1299.75; 133.24
947; 0.367688849371095; 1497.65474463458; 1341.65; 135.73
948; 0.36472417912613; 1545.77341399875; 1372.3; 152.14
949; 0.347758001758736; 1621.64857066855; 1429.17; 177.02
950; 0.347030619166678; 1710.56638738661; 1522.48; 173.32
951; 0.352211119628744; 1777.81383367158; 1580.34; 179.27
952; 0.368248378905965; 1874.89732693219; 1680.01; 169.2
953; 0.355879863470887; 1976.94958524399; 1761.43; 193.59
954; 0.364668190164209; 2049.3793142138; 1813.87; 206.42
955; 0.345015375508278; 2138.54713804838; 1902.81; 218.36
956; 0.353252002740069; 2228.05257852784; 2005.39; 201.42
957; 0.338660998638336; 2282.27683506769; 2063.96; 205.97
958; 0.345491554479551; 2370.2010465598; 2131.01; 221.18
959; 0.343998907440768; 2443.22320682836; 2196.72; 228.9
960; 0.364179383001238; 2488.18575471904; 2252.42; 206.77
961; 0.323945770992771; 2540.19307819367; 2309.05; 227.87
962; 0.311465257775733; 2584.09234266634; 2346.14; 243.95
963; 0.327895359258769; 2623.31871043711; 2362.87; 253.6
964; 0.354277113582678; 2671.01185585295; 2387.56; 255.42
965; 0.324165893281058; 2692.73665788169; 2411.05; 277.37
966; 0.329153300032111; 2722.2685331044; 2422.73; 290.45
967; 0.324247564541149; 2735.76850762254; 2412.51; 318.15
968; 0.354008564882638; 2768.72673579663; 2424.46; 310.3
969; 0.38342967041403; 2784.62364580933; 2433.22; 292.4
970; 0.383926156739706; 2784.62282151165; 2425.52; 298.38
971; 0.365491422085338; 2766.61901946534; 2406.15; 314.58
972; 0.384392333270659; 2758.14054652985; 2389.96; 305.48
973; 0.388651685345208; 2752.05063896096; 2390.88; 296.34
974; 0.403670529282303; 2722.92654090486; 2376.55; 273.6
975; 0.385141239474282; 2686.92120820221; 2360.35; 270.33
976; 0.378667843261347; 2679.10873328624; 2346.14; 280.3
977; 0.353359456074232; 2642.94284565707; 2340.7; 272.63
978; 0.351517058925734; 2614.44356328474; 2312.92; 273.37
979; 0.339749877627982; 2579.71792191842; 2292.47; 269.42
980; 0.337236525215343; 2558.38228471984; 2271.21; 271.32
981; 0.309628196529503; 2515.41558875472; 2242.64; 280.66
982; 0.319402298852744; 2477.74785125203; 2202.63; 274.38
983; 0.316252570818398; 2441.1424705825; 2191.33; 251.59
984; 0.322742459758283; 2396.14097972358; 2150.38; 242.5
985; 0.343537691042815; 2365.61226947767; 2126.43; 221.7
986; 0.350399841142087; 2329.22835851405; 2089.99; 217.38
987; 0.342282314370574; 2296.29334206914; 2070.96; 209.58
988; 0.366270266829204; 2256.95773731404; 2031.15; 196.24
989; 0.358666292178828; 2207.64997122514; 2001.59; 182.85
990; 0.345366541544202; 2180.3940257997; 1964.58; 198.86
991; 0.360781820245715; 2151.80224014277; 1922.47; 202.26
992; 0.371752445990834; 2103.5282295786; 1892.5; 180.6
993; 0.368147342210551; 2060.28534512356; 1843.17; 187.61
994; 0.36203527267443; 2026.47344748781; 1823.97; 177.92
995; 0.361156131666448; 1992.39052062401; 1786.35; 181.45
996; 0.369395816350944; 1952.82387503257; 1743.39; 180.3
997; 0.349113754175584; 1899.37737528055; 1714.96; 167.97
998; 0.338738926232002; 1864.32676126517; 1691.86; 161.88
999; 0.319411138194406; 1824.2015188828; 1639.65; 183.68
1000; 0.302226947741323; 1775.51741434049; 1609.32; 174.8
1001; 0.320073570448177; 1757.507357076; 1574.59; 181.64
1002; 0.33206898234757; 1718.54997648862; 1536.62; 174.11
1003; 0.312886602014908; 1678.35991178679; 1503.2; 177.89
1004; 0.353638296872809; 1649.64141032823; 1462.01; 168.58
1005; 0.355444473288668; 1620.38090567366; 1442.35; 159.12
1006; 0.385948829772061; 1590.06319373095; 1418.13; 141.51
1007; 0.394854319983465; 1555.97664583914; 1387.48; 135.54
1008; 0.361388660345059; 1512.26144736805; 1361.78; 132.24
1009; 0.363490607306167; 1480.3097054039; 1342.09; 120.75
1010; 0.367940413469543; 1442.179173578; 1308.87; 115.04
1011; 0.348340810597151; 1404.17014579492; 1283.94; 109.58
1012; 0.314296624365827; 1365.47242889697; 1251.78; 114.83
1013; 0.278197878782811; 1331.87527485237; 1226.98; 119.68
1014; 0.268871995699729; 1288.33227381955; 1191.45; 114.36
1015; 0.285457379343432; 1257.78718020294; 1162.48; 105.95
1016; 0.263855841742611; 1219.98504709973; 1141.02; 94.96
1017; 0.292264063261445; 1206.04736082281; 1125.72; 87.2
1018; 0.250344968678945; 1170.10119664331; 1093.11; 97.56
1019; 0.247651279797174; 1130.37562738574; 1062.77; 86.59
1020; 0.252824176167356; 1098.8375790078; 1039.53; 74.4
1021; 0.248130287347481; 1083.13018084042; 1027.85; 70.65
1022; 0.269686384280855; 1058.03629356893; 1001.12; 66.92
1023; 0.249571651170177; 1029.963579881; 969.14; 77.27
1024; 0.175530847243811; 993.707528710614; 953.82; 72.04
1025; 0.258912260520701; 989.00415033556; 932.44; 69.25
1026; 0.286714270556209; 976.234152844988; 909.32; 73.97
1027; 0.342301310443578; 970.590841065246; 891.7; 73.04
1028; 0.330796960635994; 948.679044233989; 867.22; 78.03
1029; 0.305832410605867; 925.830327699332; 845.82; 82.89
1030; 0.286095542585486; 902.423801154305; 820.39; 90.84
1031; 0.32801128137474; 883.457741542145; 787.28; 92.88
1032; 0.323564306547469; 854.537476198071; 774.62; 78.23
1033; 0.30991747483647; 826.945635319762; 749.98; 78.65
1034; 0.270749501886455; 799.367190230225; 726; 85.81
1035; 0.262997368980691; 775.000843277863; 702.83; 86.89
1036; 0.300611407741827; 765.040041186229; 698.12; 70.48
1037; 0.325746488754506; 745.777772009642; 685.86; 58.23
1038; 0.268369513076817; 730.423892888188; 684.37; 54.32
1039; 0.18252809965652; 759.396524379864; 735.85; 40.83
1040; -0.0239461403466559; 715.888186313555; 710.26; -74.38
1041; 0.00491073838894465; 685.164925334027; 684.65; 33.18
