# 08/03/2019 17:07:24
# NanoCalc data
# Original file name: C:\SVA_DATA\StudentProjects\2018_Nathan\PSswelling_080319\PSswelling2_550.dat
# Fit Result : Fitness; Thickness 1; Thickness 2; Thickness 3 
# Fit Result : 29.2326169390588; 2; 370; -1
# comment:PS ID:349 ref:withoptics.ref slowslow2 start 15:37
#
# WaveLength; Reflectance; Raw Intensity; Dark Intensity; Reference Intensity
400; 0.42565315969425; 4513.93735232472; 3869.39; 734.26
401; 0.41549480799264; 4649.42956880638; 4006.64; 746.92
402; 0.403536634256395; 4745.94986691552; 4085.87; 786.28
403; 0.390447392294934; 4850.09098456444; 4170.5; 833.19
404; 0.38264254185642; 4947.12502826535; 4276.9; 834.94
405; 0.371109069233712; 5103.99729777642; 4420.61; 874.39
406; 0.364758080953554; 5210.1685492494; 4512.32; 904.88
407; 0.364275307761893; 5329.56378007894; 4618.2; 920
408; 0.353970628270265; 5433.90030427398; 4719.05; 947.65
409; 0.338278466084579; 5521.82342369445; 4825.46; 962.39
410; 0.332483462962614; 5665.11010579328; 4957.25; 991.61
411; 0.327046658037568; 5749.63263559921; 5054.41; 986.6
412; 0.32490172488014; 5824.00250353984; 5122.07; 999.14
413; 0.311425593697429; 5885.91080680444; 5198.54; 1017.35
414; 0.28644570901476; 5971.24403408573; 5328.84; 1030.24
415; 0.275566274029258; 6040.31592621033; 5407.41; 1051.61
416; 0.271119837724888; 6105.9787877159; 5484.24; 1046.5
417; 0.26030720054057; 6163.44811536846; 5557.11; 1059.45
418; 0.235777882299139; 6253.65399766039; 5686.9; 1089.66
419; 0.22142495480512; 6312.64148125134; 5778.65; 1089.96
420; 0.209308300572768; 6388.120305858; 5873.63; 1107.63
421; 0.18583376674582; 6464.92029624341; 5999.37; 1125.58
422; 0.177576048869289; 6614.82505463384; 6161.07; 1144.72
423; 0.168291515148885; 6719.8713290613; 6283.37; 1158.5
424; 0.165505595031625; 6851.68973903667; 6410.67; 1186.66
425; 0.146846448370041; 6959.56043210552; 6557.12; 1217.13
426; 0.134407575604466; 7140.18964315162; 6756.41; 1264.66
427; 0.133370803768247; 7288.65685303074; 6894.52; 1305.3
428; 0.127748424621138; 7424.36342916325; 7042.42; 1316.97
429; 0.122842600643085; 7549.58077419706; 7172.4; 1349.15
430; 0.125767142618331; 7757.03281009993; 7362.29; 1375.69
431; 0.121555771819721; 7890.70268136335; 7500.15; 1404.78
432; 0.116059613105285; 7980.72667975929; 7593.7; 1454.39
433; 0.111598677073976; 8070.00941755101; 7693.05; 1469.65
434; 0.113802168560173; 8240.52814992927; 7850.92; 1485.96
435; 0.109086462881274; 8326.40256497824; 7946.36; 1508.87
436; 0.112088447766084; 8419.92081828772; 8021.43; 1536.4
437; 0.116958293374197; 8541.54993233542; 8119.95; 1554.23
438; 0.116682985035417; 8712.29490172357; 8283.29; 1581.59
439; 0.119546539272971; 8801.33854705273; 8354.04; 1605.86
440; 0.120069754974142; 8905.1030930483; 8452.56; 1613.9
441; 0.126584429326953; 9030.31289981541; 8550.95; 1617.96
442; 0.135890360428207; 9220.01745476854; 8688.97; 1665.9
443; 0.140099041133066; 9346.30210131409; 8792.56; 1681.21
444; 0.146032847703332; 9524.24644973623; 8949.24; 1671.17
445; 0.14592511477795; 9661.22685583993; 9085.03; 1672.09
446; 0.155634744444791; 9894.66824043032; 9265.24; 1708.7
447; 0.162818969102323; 10115.6683845248; 9440.26; 1748.86
448; 0.166980365473625; 10323.5603684567; 9630.23; 1746.72
449; 0.177853801569617; 10653.9449265134; 9885.28; 1814.28
450; 0.187252148481133; 10897.8206206369; 10081.11; 1827.01
451; 0.194836963452915; 11123.6795309886; 10255.69; 1862.38
452; 0.199250845205458; 11339.3804723474; 10424.07; 1916.49
453; 0.208822888871723; 11728.1882583192; 10737.48; 1975.37
454; 0.214808209005914; 12007.6521852847; 10963; 2020.88
455; 0.222140965481569; 12259.3426614195; 11156.94; 2058.18
456; 0.228014277738073; 12524.8081357666; 11369.12; 2098.01
457; 0.231286705981914; 12929.7837501238; 11721.72; 2157.98
458; 0.239462434384596; 13243.2333592064; 11971.21; 2190.45
459; 0.244205743002884; 13523.0347003883; 12197.34; 2234.36
460; 0.256238628595444; 13851.9240248863; 12451.85; 2244.7
461; 0.2687971384879; 14288.1570399633; 12770.64; 2315.01
462; 0.271303611153328; 14539.385974117; 12991.06; 2335.82
463; 0.272011769334733; 14767.0835980582; 13180.57; 2382.87
464; 0.283692398503137; 15217.9189035305; 13511.27; 2453.29
465; 0.292457521228423; 15526.6259350525; 13729.67; 2501.36
466; 0.290929412650883; 15797.391144952; 13965.54; 2558.83
467; 0.29546087238907; 16087.0626853982; 14207.98; 2580.21
468; 0.29509794207069; 16644.2827206535; 14678.16; 2698.49
469; 0.299796180031442; 17028.9534642315; 14993.1; 2745.87
470; 0.302746870310818; 17420.2951706109; 15322.49; 2797.27
471; 0.311172283611792; 17907.4886727077; 15732.43; 2817.13
472; 0.319402987761562; 18665.4184638333; 16372.18; 2888.96
473; 0.323253972106392; 19208.231280567; 16816.37; 2972.52
474; 0.327164374671034; 19777.4237980924; 17311.54; 3023
475; 0.337618207028429; 20799.6609618241; 18143.65; 3150.22
476; 0.338284176905307; 21435.9109139391; 18682.99; 3253.44
477; 0.343073111361446; 22164.0637311801; 19269.42; 3367.82
478; 0.344340149114939; 22967.6824486406; 19967.43; 3472.23
479; 0.34335146685632; 24150.5704278233; 20949.15; 3709.93
480; 0.342717809056746; 24973.6003334927; 21691.29; 3804.75
481; 0.344539564887352; 25790.9404374243; 22361.32; 3948.55
482; 0.348488684118368; 27051.9847280942; 23416.42; 4131.99
483; 0.345969928034443; 27840.005738228; 24128.61; 4242.65
484; 0.344678754414468; 28610.930578479; 24824.01; 4338.71
485; 0.345772672668606; 29420.6852833359; 25545.04; 4419.68
486; 0.341909031494344; 30503.6754682382; 26517.16; 4590.47
487; 0.341402358810997; 31170.140607469; 27144.88; 4634.96
488; 0.343075986057589; 31846.0025265391; 27734.19; 4704.39
489; 0.341338207763657; 32467.9623242264; 28301.4; 4784.45
490; 0.332400489952746; 33305.7431711007; 29129.5; 4917.45
491; 0.330573323092821; 33841.5948071878; 29620.01; 4991.8
492; 0.330591184779491; 34354.096833213; 30076.82; 5050.77
493; 0.324130224697199; 35004.7652571642; 30727.18; 5145.3
494; 0.322635536418307; 35419.0676555433; 31131.56; 5174.67
495; 0.318503625904157; 35783.103828341; 31508.11; 5219.97
496; 0.314533590380068; 36354.3324462398; 32056.49; 5307.57
497; 0.310563678981256; 36674.328140387; 32397.48; 5342.56
498; 0.310942537789447; 37033.6145378527; 32734.99; 5356.59
499; 0.307569891718307; 37410.4140726116; 33093.5; 5431.5
500; 0.304126393394276; 37877.7927923436; 33580.19; 5461.63
501; 0.300377686466634; 38177.8875057034; 33912.63; 5481.08
502; 0.300916809820583; 38549.3840284295; 34262.4; 5491.88
503; 0.294965326229261; 39041.7479457221; 34758.54; 5590.61
504; 0.291726118938938; 39387.126840146; 35092.98; 5659.87
505; 0.28987003884415; 39781.7659057275; 35469.61; 5713.19
506; 0.285643064812203; 40149.4120360678; 35860.16; 5760.06
507; 0.282186130449581; 40706.4266280373; 36434.09; 5800.95
508; 0.27574263825434; 41041.0891878573; 36816.82; 5862.95
509; 0.2701667622415; 41406.4969848963; 37220.5; 5923.17
510; 0.263578893615472; 41991.2404564341; 37815.45; 6049.54
511; 0.260223090857508; 42392.0346871839; 38193.07; 6154.56
512; 0.253686106287305; 42766.7422133302; 38664.27; 6161.05
513; 0.248051275547464; 43326.0924791518; 39275.75; 6213.99
514; 0.241102467792007; 43672.9145019147; 39688.32; 6282.11
515; 0.234464084466667; 44029.3200907453; 40099.69; 6363.71
516; 0.226868183373169; 44313.9534455544; 40486.93; 6397.69
517; 0.218098040775955; 44862.3285633436; 41096.3; 6541.34
518; 0.209584418312058; 45166.5086626186; 41496.14; 6626.65
519; 0.202461348172679; 45509.5607661175; 41917.64; 6705.56
520; 0.193192127782258; 46022.8232677896; 42548.12; 6790.4
521; 0.184643978264742; 46352.5505782183; 42977.56; 6893.52
522; 0.173839131943277; 46625.357131915; 43423.9; 6938.08
523; 0.16678803335092; 47148.9771488821; 44015.23; 7071.04
524; 0.162625434972655; 47556.5067481412; 44459.88; 7158.61
525; 0.157979577465235; 47881.9483347096; 44853.54; 7199.39
526; 0.148846974140241; 48312.5207974068; 45445.09; 7227.5
527; 0.144726292442663; 48582.5775949079; 45749.02; 7338.26
528; 0.14048547222384; 48840.3058172651; 46051.59; 7432.64
529; 0.135712087939087; 49026.8559160442; 46325.08; 7446.85
530; 0.130229154900344; 49289.5539050462; 46663.24; 7536.36
531; 0.125874379602353; 49435.2642337681; 46895.43; 7533.44
532; 0.122820263389441; 49580.2518526829; 47103.5; 7522.1
533; 0.116123585759268; 49705.8783585017; 47350.71; 7558.38
534; 0.113955395587072; 49815.5500846437; 47499.48; 7567.35
535; 0.109381829791859; 49899.7473633985; 47665.71; 7596.56
536; 0.102319226115746; 50056.6998557441; 47956; 7628.39
537; 0.098817035961774; 50193.3482795857; 48154.07; 7659.54
538; 0.0955192855246125; 50311.1753855214; 48333.48; 7676.39
539; 0.0904966572438689; 50511.0448893939; 48638.4; 7664.33
540; 0.0865696845202812; 50592.1737019942; 48781.81; 7737.72
541; 0.0840184165540872; 50773.5071522862; 49000.63; 7801.09
542; 0.0809868142504348; 51040.205318739; 49330.89; 7796.44
543; 0.0774268150798294; 51207.5822904412; 49574.67; 7784.29
544; 0.0764455265142091; 51425.6594573349; 49814.41; 7773.5
545; 0.0763503915686013; 51762.3421047998; 50138.07; 7839.71
546; 0.0744487839790341; 52010.2822430046; 50409.36; 7917.92
547; 0.0736858960633671; 52255.8218846248; 50662.12; 7956.91
548; 0.0727798753040319; 52740.9924742176; 51154.89; 8010.79
549; 0.0733226167853199; 53049.6327641287; 51448.39; 8020.41
550; 0.0695680169608282; 53314.2544211699; 51787.69; 8052.21
551; 0.0701431594693282; 53657.336314285; 52108.28; 8096.98
552; 0.0718143170980497; 54130.0612912788; 52532.52; 8149.17
553; 0.0698424295869058; 54426.1731489912; 52882.77; 8088.61
554; 0.0712077223670722; 54722.1255409651; 53142.48; 8112.9
555; 0.0700453741911025; 55204.9782120117; 53645.5; 8135.28
556; 0.0719506782798413; 55569.2264715227; 53968.23; 8123.54
557; 0.0730895580885013; 55910.8945066932; 54277.78; 8150.4
558; 0.0761581123853344; 56420.8859803897; 54687.44; 8295.43
559; 0.0789255958062551; 56864.3978846848; 55059.41; 8327.75
560; 0.0803768195602566; 57310.3538809151; 55464.5; 8355.33
561; 0.0825418406442835; 58097.2189455077; 56171.38; 8481.63
562; 0.0829597257129043; 58675.762619447; 56732.23; 8509.08
563; 0.0852870648982933; 59290.8226440741; 57284.76; 8536.23
564; 0.0857147555144774; 60184.1289282993; 58131.67; 8683
565; 0.0870641693069648; 60819.2039483324; 58723.39; 8722.57
566; 0.0886070439704006; 61392.5986621149; 59260.3; 8713.46
567; 0.0886341903586806; 62116.0692599634; 59968.19; 8768.43
568; 0.0893451698475858; 62489.6424626343; 60312.67; 8810.43
569; 0.094125231484219; 62837.8231524666; 60536.87; 8832.97
570; 0.0995504865388926; 63093.6758098787; 60654.49; 8847
571; 0.102751646231305; 63164.8582975132; 60645.86; 8845.03
572; 0.106066820800702; 63183.0524941495; 60593.21; 8802.53
573; 0.108638246550084; 63012.8109366092; 60388.41; 8701.9
574; 0.112773169169923; 62916.0177272513; 60192.1; 8693.52
575; 0.118533826664554; 62739.4397179775; 59917.07; 8563.1
576; 0.122263853991582; 62656.4788213253; 59761.86; 8507.77
577; 0.123534860489487; 62540.8389666894; 59641.09; 8428.61
578; 0.129621699019006; 62440.7161762344; 59423.5; 8351.72
579; 0.135115136954865; 62435.0506620923; 59274.96; 8385.25
580; 0.1415818561222; 62444.1745330122; 59125.77; 8396.82
581; 0.149267703169611; 62429.3951651591; 58924.46; 8406.26
582; 0.153999291852551; 62437.432112483; 58842.88; 8350.45
583; 0.157119380004854; 62440.7159312539; 58773.45; 8344.55
584; 0.164167902751843; 62465.0266501637; 58634.76; 8335.83
585; 0.168914676218408; 62496.3355816589; 58543.05; 8356.35
586; 0.170755041305199; 62515.2093208721; 58471.96; 8448.9
587; 0.175256020859101; 62507.3461884274; 58404.36; 8348.32
588; 0.176453952587255; 62475.3844758136; 58360.19; 8311.12
589; 0.179773737729243; 62504.0165479138; 58331.89; 8265.55
590; 0.182059650827154; 62563.6202127827; 58337.01; 8263.17
591; 0.186443791931367; 62610.8571520933; 58293.38; 8237.16
592; 0.191428931395759; 62734.7656058546; 58296.42; 8242.06
593; 0.195582824225831; 62896.768768388; 58354.29; 8251.08
594; 0.199703756675821; 63054.7559119381; 58474.67; 8142.58
595; 0.205674906158206; 63434.0321382119; 58691.02; 8182.26
596; 0.208907576474588; 63736.0150197494; 58910.07; 8191.32
597; 0.212450046187215; 64105.2945783827; 59148.04; 8268.66
598; 0.220060276634159; 64836.1344195318; 59669.64; 8314.38
599; 0.222792623285427; 65397.0355297115; 60111.73; 8395.94
600; 0.22588868181732; 66016.9083266463; 60597.36; 8485.8
601; 0.231505406365475; 67025.9962190017; 61431.73; 8541.42
602; 0.233317413645177; 67776.1484604728; 62030.86; 8698.58
603; 0.238682508834521; 68562.7639173855; 62682.2; 8697.72
604; 0.242986551251146; 69618.541563289; 63509.51; 8869.93
605; 0.246823030768266; 70311.2967418597; 64042.25; 8955.31
606; 0.250021823368019; 71010.5002161953; 64550.97; 9103.79
607; 0.253879297926769; 71812.4725162704; 65111.84; 9294.41
608; 0.254312750579431; 72210.4983582532; 65429.29; 9384.39
609; 0.25753164616454; 72762.9979896892; 65822.24; 9479.31
610; 0.26031535500677; 72976.8615575105; 65955.41; 9481.14
611; 0.259686046243374; 73083.4852546279; 66022.08; 9552.58
612; 0.264011647038833; 73210.5266659753; 66019.65; 9562.45
613; 0.26368081424829; 73188.1971968153; 66016.95; 9542.42
614; 0.263397738311064; 72978.3643387974; 65905.75; 9415.73
615; 0.266746103649312; 72635.60509096; 65585.75; 9262.15
616; 0.26822507745743; 72348.8099914646; 65316.88; 9181.97
617; 0.26821669674958; 71737.4132835801; 64768.34; 9095.05
618; 0.270277814349806; 71359.5579187704; 64373.64; 9042.15
619; 0.271306383620047; 70942.4466528531; 63985.54; 8965.65
620; 0.273176995414386; 70315.5979670216; 63448.32; 8784.82
621; 0.275571634992332; 69876.3497635826; 63011.38; 8701.12
622; 0.277166343047318; 69496.3887773988; 62594.57; 8693.06
623; 0.278084275860966; 68909.120569064; 62070.14; 8581.34
624; 0.281075242251214; 68581.7774449647; 61741.91; 8487.03
625; 0.283600536357364; 68093.1277482342; 61215.67; 8453.6
626; 0.284645458428701; 67762.1001092114; 60906.9; 8391.25
627; 0.288319680821931; 67468.1920758116; 60552.71; 8353.36
628; 0.287513078579077; 66906.1781075622; 59996.17; 8366.11
629; 0.285961655338652; 66562.7671753517; 59718.79; 8327.32
630; 0.286349372263764; 66244.7743929781; 59494.05; 8198.99
631; 0.28622617624245; 65789.6534967088; 59130.04; 8088.35
632; 0.284789622547967; 65492.0153320172; 58876.05; 8072.41
633; 0.283022987424332; 65052.6639809831; 58511.89; 8027.04
634; 0.281138275358084; 64778.5660963194; 58308.74; 7989.54
635; 0.280492480437453; 64533.1224044279; 58140.12; 7908.54
636; 0.277516908843217; 64219.8066951485; 57915.51; 7878.13
637; 0.275569768305724; 63955.3417270551; 57722.82; 7838.74
638; 0.273787489522764; 63751.8908831746; 57474.46; 7941.82
639; 0.272972941247444; 63477.2130828959; 57165.91; 8003.89
640; 0.272071345482892; 63300.1772210334; 57008.09; 8001.12
641; 0.274183156828476; 63043.6008646738; 56758.58; 7926.46
642; 0.275528080510294; 62847.7203778731; 56539.98; 7912.17
643; 0.273794672834954; 62635.2372799028; 56371.02; 7903.44
644; 0.274203703793593; 62340.4094403442; 56100.39; 7857.3
645; 0.275857877942986; 62226.1267036415; 55952.09; 7849.35
646; 0.277656420297775; 61983.0737105036; 55757.04; 7735.25
647; 0.281472839463484; 61871.2721903494; 55605.78; 7675.61
648; 0.286012970051207; 61754.1966937515; 55421.19; 7632.06
649; 0.287075529026128; 61559.9394128722; 55233.83; 7592.22
650; 0.287640204080884; 61446.2814363469; 55116.84; 7578
651; 0.288767285839995; 61280.3606387495; 54970.38; 7521.71
652; 0.290189480969437; 61160.6170453593; 54836.02; 7498.47
653; 0.291860297858338; 61034.0350186516; 54697.14; 7466.34
654; 0.293747667952863; 60878.3733144631; 54559.48; 7393.84
655; 0.291532159436215; 60738.8952723937; 54465.02; 7393.93
656; 0.2859761139635; 60448.2666587076; 54312.69; 7368.41
657; 0.28289363229447; 60293.4095170294; 54258.2; 7324.28
658; 0.280481760888506; 60126.195569215; 54165.73; 7293.21
659; 0.274316285484622; 59893.3083031208; 54053.82; 7302.78
660; 0.272380763242871; 59748.9571263001; 53974.86; 7269.33
661; 0.267417014486242; 59507.8071605649; 53820.55; 7288.84
662; 0.261725095666597; 59301.9150786468; 53704.12; 7326.33
663; 0.256192369036478; 59119.2691762395; 53597.59; 7378.87
664; 0.25304936122877; 58947.4183525117; 53483.1; 7388.78
665; 0.252281198508621; 58772.8191066763; 53326.55; 7383.97
666; 0.249756384563956; 58523.6427019687; 53150.66; 7355.43
667; 0.251493602173275; 58389.7497772991; 52998.89; 7326.55
668; 0.251667563458981; 58241.7844725567; 52847.85; 7323.5
669; 0.251151429943391; 58005.5480654082; 52664.94; 7263.21
670; 0.25022394454049; 57853.4291356238; 52553.29; 7232.11
671; 0.246970586990841; 57528.1842033812; 52404.63; 7079.27
672; 0.241161433673934; 57274.393326993; 52310.27; 7020.25
673; 0.237816757322372; 57052.74094626; 52154.03; 7021.01
674; 0.237473280432245; 56784.9980102849; 51884.46; 7029.82
675; 0.235456437121523; 56525.6901831969; 51726.62; 6940.14
676; 0.22624525683835; 56087.2903113464; 51487.64; 6919.48
677; 0.22433442655346; 55797.2703441043; 51264.41; 6874.84
678; 0.226595157397592; 55383.5095020024; 50861.27; 6787.88
679; 0.228412317621958; 55153.0810713471; 50607.72; 6765.89
680; 0.227765812886563; 54850.5518908106; 50288.84; 6807.27
681; 0.22347637209486; 54371.1670580563; 49879.04; 6829.65
682; 0.220360801865074; 54019.5951837533; 49603.29; 6806.66
683; 0.21914878992072; 53612.2164635125; 49190.55; 6849.95
684; 0.221088311731212; 53356.0850842045; 48851.84; 6914.18
685; 0.215567676204547; 52865.2172814292; 48496.41; 6875.35
686; 0.211877957014403; 52549.3365397801; 48259.88; 6865.56
687; 0.205634659337915; 52163.9963842946; 48015.34; 6839.14
688; 0.201405160839988; 51664.3562580754; 47660.66; 6736.35
689; 0.201779762528312; 51411.2299793049; 47430.35; 6683.12
690; 0.196966628715462; 50962.7940842451; 47114.92; 6615.1
691; 0.191794951972482; 50594.2246450358; 46875.41; 6563.05
692; 0.188654660715543; 50273.6101517868; 46671.62; 6460.16
693; 0.18509269915084; 49784.1419094566; 46240.6; 6475.1
694; 0.18492827175818; 49479.1090394716; 45936.72; 6476.21
695; 0.183373268108769; 49016.7802029451; 45505.74; 6470.6
696; 0.182984236222185; 48739.0431899749; 45255.77; 6430.36
697; 0.180343523317056; 48244.84167066; 44881.07; 6297.83
698; 0.179069121965567; 47942.5687059964; 44617.46; 6267.1
699; 0.174378868715747; 47455.1766987849; 44279.79; 6143.47
700; 0.172334009194434; 47169.1215909648; 44098.54; 6008.83
701; 0.170255275110503; 46905.0910769045; 43886.31; 5977.78
702; 0.161200085357275; 46476.4568473738; 43667.22; 5873.37
703; 0.158535695172777; 46183.9115302291; 43450.12; 5809.93
704; 0.155212790150775; 45816.5427817555; 43177.28; 5727.38
705; 0.150449083928451; 45515.2636584709; 42984.61; 5663.34
706; 0.14448680129458; 45119.7360316809; 42694.41; 5649.54
707; 0.142369341034029; 44878.1187109447; 42461.28; 5711.07
708; 0.138609319230328; 44579.1524302498; 42219.65; 5724.39
709; 0.132229291684354; 44144.4440587638; 41899.34; 5707.57
710; 0.129286697160838; 43835.913395108; 41648.14; 5686.33
711; 0.123339973062932; 43434.8856126191; 41364.18; 5640.34
712; 0.118729686967004; 43095.6999404726; 41116.32; 5599.74
713; 0.118429159036541; 42722.5121125528; 40762.56; 5557.66
714; 0.114861126872635; 42380.3340209147; 40520.22; 5437.41
715; 0.10946211573972; 41929.685694883; 40202.88; 5294.92
716; 0.106364890241719; 41589.4548063791; 39932.78; 5226.2
717; 0.104999284152102; 41240.5940890834; 39629.07; 5147.84
718; 0.100519895931588; 40692.1867478514; 39183.73; 5031.33
719; 0.100574557927251; 40291.5367384407; 38793.68; 4991.12
720; 0.100292146691716; 39750.9796820355; 38280.05; 4913.24
721; 0.0934325451300303; 39363.227193406; 37997.72; 4894.17
722; 0.0929968406931273; 38813.5931325412; 37461.34; 4867.58
723; 0.0935443129736671; 38446.0760377835; 37089.11; 4854.17
724; 0.0923796164841318; 37951.1147139296; 36612.24; 4848.05
725; 0.09108836899676; 37697.0771803313; 36385.09; 4816.26
726; 0.084851996675221; 37353.2081096537; 36131.54; 4812.54
727; 0.0785284977566773; 37171.7169675351; 36040.6; 4812.86
728; 0.0743951487742091; 36993.8796041649; 35923.5; 4805.84
729; 0.0728610490488678; 36839.6921581748; 35794.86; 4788.58
730; 0.0647656207560452; 36723.5998496381; 35804.98; 4735.07
731; 0.0563910616268576; 36687.1393020281; 35898.6; 4667.75
732; 0.056596741736953; 36720.6635396984; 35931.8; 4652.12
733; 0.0575898913486202; 36741.4809735082; 35937.66; 4658
734; 0.0543951740166222; 36695.8222467323; 35940.73; 4632.18
735; 0.0486660695935294; 36586.8549014582; 35910.34; 4637.56
736; 0.0455028484093027; 36487.7732620034; 35853.79; 4646.83
737; 0.0415778865483967; 36350.9289104557; 35763.82; 4707.89
738; 0.0430602529711554; 36293.7426373258; 35686.23; 4702.2
739; 0.0390384747652466; 36115.9340450359; 35566.35; 4690.32
740; 0.0338092894931798; 35992.1242795785; 35518.53; 4665.2
741; 0.030557494145651; 35870.5651001751; 35438.57; 4706.66
742; 0.0376176508771659; 35912.1106156886; 35376.98; 4734.62
743; 0.0401915624957048; 35958.0070300574; 35384.87; 4744.52
744; 0.0382203101753481; 36100.2666969128; 35557.26; 4725.32
745; 0.0356501652913525; 36219.3378525091; 35711.59; 4735.27
746; 0.036764745186772; 36436.5170297014; 35904.99; 4804.96
747; 0.0354782060477875; 36580.8934474162; 36064.38; 4836.75
748; 0.0365213914988741; 36808.1222057465; 36277.22; 4827.83
749; 0.0345335447431285; 36876.7207380411; 36375.65; 4817.49
750; 0.0322831489154061; 36839.6436241732; 36374; 4787.76
751; 0.0286081323381755; 36743.6260295137; 36336.55; 4723.1
752; 0.0277771196981299; 36490.5968461006; 36099.96; 4667.67
753; 0.0243294569993866; 36184.8669268986; 35843.88; 4651.64
754; 0.0155832608113951; 35614.7835498766; 35400.69; 4559.52
755; 0.0140898266939028; 35225.7833043593; 35033.68; 4523.71
756; 0.00947459406490133; 34551.7736741004; 34423.24; 4499.87
757; 0.00702641369514272; 34128.1968486069; 34033.43; 4471.88
758; 0.0075491625348458; 33542.0862947301; 33441.09; 4434.02
759; 0.00679874039828776; 33144.4879884726; 33053.61; 4428.1
760; 0.00792002945903025; 32786.4054638994; 32681.41; 4389.62
761; 0.0153768702164077; 32296.3469176301; 32094.24; 4350.03
762; 0.0180048928002913; 31975.7708798048; 31738.87; 4352.62
763; 0.014779372540568; 31459.1444602154; 31268.89; 4256.73
764; 0.0151563796586075; 31148.6218710432; 30955.78; 4205.71
765; 0.0137331646840336; 30695.6819160922; 30523.94; 4133.31
766; 0.00854794600538221; 30387.5600055647; 30282.24; 4071.93
767; 0.0025265297391957; 29919.5953098016; 29889.65; 3917.14
768; -0.00133450855397518; 29629.360852221; 29645; 3873.2
769; -0.00626735822216145; 29193.8931286565; 29266.15; 3810.18
770; -0.00752738100764289; 28932.5798775195; 29018.85; 3787.39
771; -0.00826816831293362; 28585.8342093857; 28680.35; 3776.08
772; -0.00489399023178099; 28391.2929246495; 28446.72; 3739.62
773; 0.0018853271124427; 28079.9392498701; 28058.77; 3705.92
774; 0.000677658078413148; 27837.1689794042; 27829.59; 3689.54
775; 0.0104190908188251; 27556.9719024208; 27439.76; 3709.91
776; 0.012288475665274; 27373.7031007957; 27237.96; 3641.47
777; 0.0170227454590292; 27101.2747502145; 26913.56; 3634.26
778; 0.0218975989611483; 26954.5521645907; 26715.7; 3593.82
779; 0.0222609656668993; 26640.7907426216; 26401.43; 3541.9
780; 0.0201994432732282; 26427.2831895654; 26209.45; 3551.42
781; 0.0214729373885812; 26190.2606664084; 25959.69; 3535.36
782; 0.0222514551948042; 26016.8547762599; 25778.2; 3530.39
783; 0.0240257653471121; 25746.913147332; 25494.21; 3461.37
784; 0.0254304606266395; 25583.5931561551; 25318.31; 3432.1
785; 0.0283089406010245; 25341.7565772738; 25049.77; 3392.5
786; 0.0241046308671226; 25136.5181641062; 24888.1; 3388.75
787; 0.0308064589571461; 24901.3934558979; 24582.52; 3402.48
788; 0.029590177281331; 24732.5135500725; 24429.24; 3367.97
789; 0.029717364776572; 24466.5416584753; 24166.33; 3318.75
790; 0.0319522733585152; 24309.858797118; 23986.74; 3321.19
791; 0.0304980097563674; 24031.7470075007; 23719.03; 3366.69
792; 0.0341105495441878; 23895.7256961387; 23546.07; 3364.95
793; 0.037923832888501; 23647.8872924055; 23263.87; 3323.4
794; 0.0427891899783853; 23527.9082046421; 23096.99; 3304.73
795; 0.0420156813265689; 23269.6990151063; 22857.12; 3222.13
796; 0.0449529456309121; 23065.7347900592; 22628.84; 3188.88
797; 0.0440566759100268; 22881.2354513027; 22457.2; 3157.88
798; 0.0449811415064512; 22670.4972683574; 22251.53; 3055.91
799; 0.0433639319622941; 22525.6883250678; 22129.09; 3000.25
800; 0.0474562582446373; 22353.698739694; 21918.26; 3009.63
801; 0.048156498437163; 22180.8418304932; 21741.23; 2993.24
802; 0.055808204871975; 21996.2473501773; 21479.09; 3037.38
803; 0.0567214700721714; 21860.2690155419; 21336.34; 3026.35
804; 0.0558371702330857; 21690.2187581803; 21187.49; 2948.75
805; 0.0641740726677979; 21608.4071099202; 21034.56; 2927.88
806; 0.0645627661236056; 21407.4243425457; 20836.79; 2893.22
807; 0.0648522315307817; 21282.8714669433; 20715.72; 2862.27
808; 0.0684546236127486; 21124.1708210068; 20539.9; 2792.96
809; 0.0699997057028636; 21015.1671629051; 20424.64; 2760.03
810; 0.0751850082825983; 20844.2871049876; 20224.7; 2695.53
811; 0.0802154118748408; 20755.8643510549; 20091.86; 2706.83
812; 0.0800508012958982; 20542.9791731895; 19884.31; 2689.74
813; 0.0782189606708811; 20431.6666966491; 19793.26; 2667.28
814; 0.0816605711241458; 20279.6708571388; 19615.6; 2656.72
815; 0.0818298579021306; 20164.0407135891; 19510.51; 2608.64
816; 0.0830717613620308; 19986.07037362; 19316.71; 2631.29
817; 0.0844003437204674; 19836.3404499106; 19151.29; 2650.15
818; 0.0865671930771949; 19726.2746806484; 19034.43; 2609.02
819; 0.0928825434172719; 19550.28460337; 18814.23; 2586.51
820; 0.0960559772830808; 19444.4874377786; 18689.96; 2563.25
821; 0.0989980223142116; 19283.135186643; 18518.27; 2520.42
822; 0.100895308107355; 19176.0854025304; 18404.2; 2495
823; 0.103637612748637; 19037.5470132572; 18260.87; 2443.43
824; 0.103769440934488; 18925.5836575257; 18158.8; 2408.62
825; 0.104405001802364; 18773.0912005745; 18009.86; 2382.79
826; 0.102452867745544; 18672.8555281554; 17931.53; 2358.5
827; 0.103999520070299; 18554.1182183976; 17798.05; 2369.86
828; 0.106811762817705; 18462.0956522013; 17684; 2374.92
829; 0.106946760799394; 18320.4640311515; 17555.02; 2333.13
830; 0.107481887284533; 18184.0049327315; 17403.79; 2366.16
831; 0.107568525398301; 18082.4855821038; 17305.83; 2352.33
832; 0.104592696861902; 17938.0634852448; 17198.16; 2303.66
833; 0.106769140272447; 17861.4164057794; 17119.37; 2262.14
834; 0.102982348433091; 17719.7716143264; 17011.62; 2237.18
835; 0.101907430421743; 17625.1192547556; 16937.08; 2196
836; 0.105173218582212; 17507.7322421071; 16817.17; 2135.06
837; 0.109829013582836; 17446.57702492; 16729.78; 2122.5
838; 0.114346134590754; 17320.2897172413; 16579.8; 2106.31
839; 0.128083038896836; 17240.4582860437; 16431.87; 2054.8
840; 0.130210305531736; 17175.0455214293; 16338.43; 2091.29
841; 0.13412882791546; 17043.4727386436; 16176.85; 2105.39
842; 0.136207637723411; 16979.6169339859; 16100.15; 2103.51
843; 0.137652022143588; 16855.8035645507; 15963.29; 2111.77
844; 0.136992461531528; 16767.2072400913; 15892.03; 2080.25
845; 0.140994712664; 16618.266524695; 15721.29; 2071.01
846; 0.139780796750649; 16534.5313960587; 15640.73; 2081.13
847; 0.139224340440318; 16400.5911452092; 15512.12; 2076.45
848; 0.146728124153119; 16310.6708524191; 15379; 2065.59
849; 0.149501330468225; 16218.9323778833; 15291.55; 2017.42
850; 0.155917706147585; 16069.6676729195; 15122.34; 1975.49
851; 0.160001542712736; 15997.6839553127; 15033.42; 1959.04
852; 0.160359079793539; 15849.3970980203; 14892.72; 1938.79
853; 0.159726826791265; 15754.2538245224; 14821.77; 1896.81
854; 0.159482687894349; 15581.4450064125; 14666.47; 1863.56
855; 0.161745691105082; 15385.4558060819; 14480.87; 1816.21
856; 0.162486531706613; 15298.01463891; 14373.72; 1846.96
857; 0.170098533810627; 15160.8449636588; 14195.76; 1841.75
858; 0.171573750546505; 15069.3246290133; 14085.44; 1861.12
859; 0.172557157665397; 14902.3599782142; 13917.36; 1852.25
860; 0.177650026352272; 14809.6207294671; 13810.98; 1823.65
861; 0.182836334986294; 14680.4065661306; 13662.8; 1805.22
862; 0.182167753042167; 14537.7295958425; 13537.19; 1781.11
863; 0.179984761470883; 14409.8504111231; 13438.2; 1750.32
864; 0.175756837992678; 14207.8377399054; 13288.14; 1696.2
865; 0.169419220043895; 14070.0503254949; 13208.2; 1648.65
866; 0.1691202817651; 13891.942087512; 13052.04; 1609.19
867; 0.164570989463648; 13636.4830986356; 12842.9; 1562.12
868; 0.164924943240953; 13475.1434264786; 12685.62; 1550.49
869; 0.1680575571403; 13240.0718399224; 12452.22; 1518.07
870; 0.172874930566165; 13092.3456726765; 12312.23; 1460.99
871; 0.182660175093113; 12854.8499562848; 12058.87; 1410.52
872; 0.184592647687297; 12672.5128690654; 11877.36; 1394.03
873; 0.190128028174368; 12419.9282707749; 11599.66; 1395.92
874; 0.199283208246871; 12206.9212823051; 11341.58; 1404.65
875; 0.204675849325288; 12073.8580464986; 11199.45; 1381.7
876; 0.204559533779941; 11836.272824081; 10955.32; 1392.56
877; 0.199367242486012; 11654.5118868488; 10806.42; 1375.26
878; 0.198197602898983; 11437.9578727467; 10606.06; 1356.65
879; 0.205694768932348; 11306.8843713379; 10447.83; 1349.61
880; 0.208516155263908; 11216.7415205599; 10366.94; 1316.75
881; 0.207848747821512; 11077.6209236068; 10243.98; 1295.56
882; 0.203432321215447; 10985.2993936069; 10190.2; 1262.24
883; 0.195855765783563; 10857.964267802; 10089.13; 1267.51
884; 0.205563973125103; 10802.5644920822; 9988.4; 1278.6
885; 0.208241444455803; 10744.8672808645; 9913.56; 1288.44
886; 0.212718076955876; 10670.2889095645; 9804.76; 1312.99
887; 0.213457884028542; 10630.3852921095; 9763.04; 1310.97
888; 0.224414795448172; 10591.2293953895; 9696.05; 1286.81
889; 0.234670242671057; 10554.0946642267; 9644.06; 1250.79
890; 0.236829809391532; 10533.7458388237; 9630.85; 1229.46
891; 0.24008625037788; 10498.6049544768; 9604.7; 1200.51
892; 0.239089283431452; 10519.7096739796; 9632.5; 1196.29
893; 0.232827522801206; 10546.0996314102; 9695.44; 1177.7
894; 0.24183597745951; 10664.0420392865; 9773.06; 1187.38
895; 0.241286781409335; 10738.9761006193; 9825.7; 1219.66
896; 0.244238017726793; 10893.5647797203; 9951.28; 1242.99
897; 0.241887740538081; 11000.7893018528; 10040.59; 1278.76
898; 0.25076233535164; 11235.0154164343; 10233.74; 1286.06
899; 0.255139908417893; 11450.314750031; 10407.18; 1316.62
900; 0.254458133877756; 11575.1510146772; 10519.34; 1335.97
901; 0.254644543355254; 11724.0090989296; 10674.23; 1327.19
902; 0.246925852295852; 11816.3966871586; 10803.41; 1320.49
903; 0.243047348192159; 11858.3603034582; 10845.48; 1341.2
904; 0.2381146562038; 11880.7462372981; 10871.89; 1363.32
905; 0.234859735816073; 11849.5867013439; 10842.71; 1379.32
906; 0.234332983700977; 11780.3552920158; 10775.52; 1379.39
907; 0.237201663319553; 11649.8861507307; 10665.88; 1334.24
908; 0.234232920154356; 11511.8700996578; 10561.98; 1304.09
909; 0.245264072374349; 11302.3547601244; 10342.42; 1258.44
910; 0.245418814300804; 11036.9439491917; 10084.23; 1247.98
911; 0.254580692898918; 10831.9305280278; 9884.34; 1196.4
912; 0.267739642762778; 10493.1198627089; 9558.26; 1122.13
913; 0.276673472646433; 10237.969593448; 9303; 1085.88
914; 0.275528931172552; 9830.07154853134; 8920.23; 1060.91
915; 0.273198223363489; 9442.30743050435; 8545.32; 1054.67
916; 0.263780246660562; 9174.01263350427; 8311.13; 1050.62
917; 0.262257106626286; 8780.48583752192; 7972.82; 988.97
918; 0.263850796560038; 8442.96411679403; 7671.41; 938.89
919; 0.254977973808542; 8209.17250133714; 7486.3; 910.14
920; 0.24499433896382; 7874.81221512934; 7193.89; 892.14
921; 0.240047919553744; 7565.51519890891; 6920.81; 861.98
922; 0.23769948731342; 7371.5568785818; 6748.05; 841.79
923; 0.242538826121359; 7089.11455762894; 6496.05; 784.61
924; 0.23971831798046; 6904.6267935319; 6335.94; 761.11
925; 0.230846008775682; 6608.83122548486; 6077.93; 737.75
926; 0.240026519485468; 6358.55158719916; 5815.14; 726.18
927; 0.237203167055725; 6194.32238369334; 5665.7; 714.73
928; 0.241538333366437; 5948.3892653188; 5437.06; 678.85
929; 0.242709955920716; 5670.32026067726; 5175.42; 653.78
930; 0.246218438657247; 5484.06898228442; 4999.79; 630.57
931; 0.244166422316742; 5174.77356398508; 4725.43; 589.92
932; 0.247903200802603; 4824.67742540334; 4403.79; 544.16
933; 0.246734715664676; 4566.34931263519; 4171.45; 512.91
934; 0.238799988852149; 4111.74907246786; 3774.84; 452.07
935; 0.235929266082619; 3646.42810186869; 3360.06; 388.89
936; 0.235735411804046; 3339.93561280698; 3086.68; 344.16
937; 0.235800741528851; 2874.8270427395; 2658.99; 293.19
938; 0.243696600880511; 2453.11874224902; 2252; 264.31
939; 0.245060022870368; 2203.98541807366; 2024.61; 234.4
940; 0.252517257048029; 1891.1146876524; 1733.22; 200.21
941; 0.262587462057619; 1668.50927422843; 1538.72; 158.24
942; 0.270675612727935; 1563.20417445116; 1438.65; 147.3
943; 0.289596332294062; 1453.06663107189; 1334.26; 131.31
944; 0.290793120930898; 1405.5013062458; 1289.05; 128.16
945; 0.282947946137073; 1399.75035395222; 1279.67; 135.8
946; 0.292773889207754; 1421.67437272969; 1299.75; 133.24
947; 0.302696436397079; 1470.07945969859; 1341.65; 135.73
948; 0.30534764281327; 1517.53220857526; 1372.3; 152.14
949; 0.306163574803376; 1598.62671119254; 1429.17; 177.02
950; 0.329711159504879; 1701.1794502711; 1522.48; 173.32
951; 0.337860342053917; 1769.76779847866; 1580.34; 179.27
952; 0.351819422473538; 1866.20266434355; 1680.01; 169.2
953; 0.334304570024854; 1963.88366392533; 1761.43; 193.59
954; 0.345081193723128; 2036.72967757489; 1813.87; 206.42
955; 0.341107228924389; 2135.87683592227; 1902.81; 218.36
956; 0.336806917293089; 2217.68687613597; 2005.39; 201.42
957; 0.322783134616854; 2272.04121586518; 2063.96; 205.97
958; 0.310773084793602; 2346.1647221071; 2131.01; 221.18
959; 0.316208389506979; 2423.30903953909; 2196.72; 228.9
960; 0.341032121501605; 2473.20047045564; 2252.42; 206.77
961; 0.307574457069104; 2528.51175300522; 2309.05; 227.87
962; 0.292870842786203; 2569.88663433512; 2346.14; 243.95
963; 0.296188168039258; 2598.13355050263; 2362.87; 253.6
964; 0.312718761118; 2637.76163538802; 2387.56; 255.42
965; 0.282709350328186; 2656.71264895982; 2411.05; 277.37
966; 0.265706152963596; 2664.52988864691; 2422.73; 290.45
967; 0.255978163036663; 2667.70734923619; 2412.51; 318.15
968; 0.255986626843294; 2673.40222675134; 2424.46; 310.3
969; 0.25961141692907; 2671.1473317688; 2433.22; 292.4
970; 0.264021869292901; 2672.47112989694; 2425.52; 298.38
971; 0.250824701723936; 2653.52799254562; 2406.15; 314.58
972; 0.274622136552598; 2652.99991930541; 2389.96; 305.48
973; 0.278640992322167; 2649.81865646903; 2390.88; 296.34
974; 0.292991128906647; 2627.9561502754; 2376.55; 273.6
975; 0.30231952373198; 2616.69453548271; 2360.35; 270.33
976; 0.306331158032064; 2615.50192093197; 2346.14; 280.3
977; 0.271212335984174; 2572.67904229267; 2340.7; 272.63
978; 0.270208160272013; 2544.69858725498; 2312.92; 273.37
979; 0.24734797666049; 2501.59499743193; 2292.47; 269.42
980; 0.251237628375684; 2485.1503011052; 2271.21; 271.32
981; 0.240187973098393; 2454.24028869488; 2242.64; 280.66
982; 0.235746812384124; 2405.69101958438; 2202.63; 274.38
983; 0.225499103913723; 2369.45499710927; 2191.33; 251.59
984; 0.257528572104114; 2346.4821002149; 2150.38; 242.5
985; 0.266459515386446; 2311.94790174926; 2126.43; 221.7
986; 0.273327531549114; 2276.6066085332; 2089.99; 217.38
987; 0.263336477726698; 2244.32124632671; 2070.96; 209.58
988; 0.275928886656285; 2201.26175407392; 2031.15; 196.24
989; 0.270477476941468; 2156.98397576792; 2001.59; 182.85
990; 0.268730547770346; 2132.50541949885; 1964.58; 198.86
991; 0.260949120685604; 2088.34323155407; 1922.47; 202.26
992; 0.271625225829134; 2046.69021753262; 1892.5; 180.6
993; 0.280763405312705; 2008.75056151244; 1843.17; 187.61
994; 0.29107606091943; 1986.78260492085; 1823.97; 177.92
995; 0.268438846080618; 1939.4950659496; 1786.35; 181.45
996; 0.289020065841607; 1907.25377341608; 1743.39; 180.3
997; 0.291842150972527; 1869.12397330342; 1714.96; 167.97
998; 0.270885944580901; 1829.77984893442; 1691.86; 161.88
999; 0.260972977092381; 1790.43672453949; 1639.65; 183.68
1000; 0.229612041420241; 1735.58580081849; 1609.32; 174.8
1001; 0.231052499613751; 1706.63311907407; 1574.59; 181.64
1002; 0.25891252168917; 1678.46989109949; 1536.62; 174.11
1003; 0.223396668782359; 1628.26173337367; 1503.2; 177.89
1004; 0.214858949788957; 1576.00864813014; 1462.01; 168.58
1005; 0.240969628635463; 1563.04407305421; 1442.35; 159.12
1006; 0.239189232401964; 1524.68445867581; 1418.13; 141.51
1007; 0.252558472136029; 1495.25457223961; 1387.48; 135.54
1008; 0.20975009859865; 1449.11948207611; 1361.78; 132.24
1009; 0.195615332408876; 1416.47402279063; 1342.09; 120.75
1010; 0.181710341024757; 1374.70581065251; 1308.87; 115.04
1011; 0.176814415130045; 1344.96765528187; 1283.94; 109.58
1012; 0.141350140578775; 1302.91144577914; 1251.78; 114.83
1013; 0.102967052707429; 1265.80401023955; 1226.98; 119.68
1014; 0.139049708964412; 1241.55358904563; 1191.45; 114.36
1015; 0.171819533357003; 1219.84630549088; 1162.48; 105.95
1016; 0.176926826500817; 1193.9695011199; 1141.02; 94.96
1017; 0.200484163679777; 1180.82210039323; 1125.72; 87.2
1018; 0.192272809414591; 1152.24166043207; 1093.11; 97.56
1019; 0.240734489498721; 1128.48743222679; 1062.77; 86.59
1020; 0.32085570406743; 1114.79643736193; 1039.53; 74.4
1021; 0.273416780651162; 1088.76368063438; 1027.85; 70.65
1022; 0.251846972404742; 1054.27135302087; 1001.12; 66.92
1023; 0.200498309055428; 1018.00382271247; 969.14; 77.27
1024; 0.148788605482741; 987.630637082846; 953.82; 72.04
1025; 0.206499710794617; 977.553663841741; 932.44; 69.25
1026; 0.193322160050619; 954.438049202278; 909.32; 73.97
1027; 0.125238288300408; 920.563909065342; 891.7; 73.04
1028; 0.101962203609715; 892.32828285142; 867.22; 78.03
1029; 0.103751135000234; 872.962846940589; 845.82; 82.89
1030; 0.122822757167192; 855.607667313591; 820.39; 90.84
1031; 0.193567848075647; 844.036945630231; 787.28; 92.88
1032; 0.171537485174805; 816.988217418083; 774.62; 78.23
1033; 0.191252018644798; 797.475976562634; 749.98; 78.65
1034; 0.21110623748122; 783.205170743276; 726; 85.81
1035; 0.208971782076102; 760.17532551471; 702.83; 86.89
1036; 0.187995584354632; 739.970282204346; 698.12; 70.48
1037; 0.163098841084565; 715.860382237448; 685.86; 58.23
1038; 0.0884970073448776; 699.556641919418; 684.37; 54.32
1039; -0.598870527269268; 658.594391152575; 735.85; 40.83
1040; 0.307012035489047; 638.101359349692; 710.26; -74.38
1041; -0.761598883632246; 604.791019845024; 684.65; 33.18
