# 08/03/2019 15:57:34
# NanoCalc data
# Original file name: C:\SVA_DATA\StudentProjects\2018_Nathan\PSswelling_080319\PSswelling2_131.dat
# Fit Result : Fitness; Thickness 1; Thickness 2; Thickness 3 
# Fit Result : 1.35608500917089; 2; 295; -1
# comment:PS ID:349 ref:withoptics.ref slowslow2 start 15:37
#
# WaveLength; Reflectance; Raw Intensity; Dark Intensity; Reference Intensity
400; 0.311761225637728; 4341.47594125473; 3869.39; 734.26
401; 0.315926931853535; 4495.39348715321; 4006.64; 746.92
402; 0.313770766383229; 4599.11650139354; 4085.87; 786.28
403; 0.318647578412066; 4725.12022750188; 4170.5; 833.19
404; 0.332066398716202; 4858.53739553312; 4276.9; 834.94
405; 0.341952141903588; 5050.30560594916; 4420.61; 874.39
406; 0.353337712696204; 5188.31930769333; 4512.32; 904.88
407; 0.362149974280834; 5325.41338825496; 4618.2; 920
408; 0.359077800267339; 5444.21433364395; 4719.05; 947.65
409; 0.356991284888897; 5560.34471273888; 4825.46; 962.39
410; 0.363511102421601; 5731.16821272663; 4957.25; 991.61
411; 0.363111985603096; 5826.29885880512; 5054.41; 986.6
412; 0.37015764242304; 5921.77545169086; 5122.07; 999.14
413; 0.365151370567171; 6004.49300216835; 5198.54; 1017.35
414; 0.36115213899735; 6138.78612140841; 5328.84; 1030.24
415; 0.362896093035323; 6240.89039846213; 5407.41; 1051.61
416; 0.369272751656623; 6331.06550298837; 5484.24; 1046.5
417; 0.376536357259502; 6434.18272312987; 5557.11; 1059.45
418; 0.379885217014884; 6600.05378395887; 5686.9; 1089.66
419; 0.384369943454466; 6705.60186788855; 5778.65; 1089.96
420; 0.39209333823355; 6837.41510054611; 5873.63; 1107.63
421; 0.38710155362949; 6969.13586184678; 5999.37; 1125.58
422; 0.39926462198901; 7181.29959468671; 6161.07; 1144.72
423; 0.399599337428251; 7319.81941175516; 6283.37; 1158.5
424; 0.396509611296135; 7467.24192595779; 6410.67; 1186.66
425; 0.391587421758725; 7630.28597009246; 6557.12; 1217.13
426; 0.396596897224371; 7888.82991760733; 6756.41; 1264.66
427; 0.397700527758301; 8069.80297071446; 6894.52; 1305.3
428; 0.407893632974776; 8261.94418101652; 7042.42; 1316.97
429; 0.409753236999878; 8430.52252713867; 7172.4; 1349.15
430; 0.415419048125277; 8666.15744114602; 7362.29; 1375.69
431; 0.412126712031809; 8824.29273741111; 7500.15; 1404.78
432; 0.414717278881478; 8976.66731472557; 7593.7; 1454.39
433; 0.421803287642759; 9117.82245967279; 7693.05; 1469.65
434; 0.425800936823731; 9308.67355015602; 7850.92; 1485.96
435; 0.41919795258545; 9406.78928633218; 7946.36; 1508.87
436; 0.424530241540117; 9530.69707177037; 8021.43; 1536.4
437; 0.419903339057121; 9633.57690260454; 8119.95; 1554.23
438; 0.422268135051423; 9835.83084152667; 8283.29; 1581.59
439; 0.423519117084687; 9938.69052081913; 8354.04; 1605.86
440; 0.422625545903585; 10045.4363391382; 8452.56; 1613.9
441; 0.431159507966181; 10183.7090456471; 8550.95; 1617.96
442; 0.432862215020808; 10380.5570767281; 8688.97; 1665.9
443; 0.435398155081103; 10513.4732007827; 8792.56; 1681.21
444; 0.442210728752064; 10690.4511396441; 8949.24; 1671.17
445; 0.438318350441437; 10815.7646700779; 9085.03; 1672.09
446; 0.447077178635888; 11073.3388463676; 9265.24; 1708.7
447; 0.440183292577732; 11266.2357335026; 9440.26; 1748.86
448; 0.446888016776639; 11485.7836901107; 9630.23; 1746.72
449; 0.440500122090719; 11789.0739644123; 9885.28; 1814.28
450; 0.440254694275036; 12001.3052421704; 10081.11; 1827.01
451; 0.43843963201781; 12208.9179903034; 10255.69; 1862.38
452; 0.438232450702042; 12437.2045040791; 10424.07; 1916.49
453; 0.433182823575898; 12792.6081662534; 10737.48; 1975.37
454; 0.433610101238728; 13071.7263932642; 10963; 2020.88
455; 0.432863198046046; 13305.0784152717; 11156.94; 2058.18
456; 0.435683682297546; 13577.3784808868; 11369.12; 2098.01
457; 0.433229442554146; 13984.5771876367; 11721.72; 2157.98
458; 0.436263833471081; 14288.6414934963; 11971.21; 2190.45
459; 0.434328275905595; 14555.1334184375; 12197.34; 2234.36
460; 0.437231643381109; 14840.8600806102; 12451.85; 2244.7
461; 0.438238770858805; 15244.7541445624; 12770.64; 2315.01
462; 0.433914296802432; 15467.402918636; 12991.06; 2335.82
463; 0.429713228552729; 15686.8802307366; 13180.57; 2382.87
464; 0.429171930171331; 16093.100912346; 13511.27; 2453.29
465; 0.42880373648358; 16364.3822686751; 13729.67; 2501.36
466; 0.421958404350833; 16622.421540746; 13965.54; 2558.83
467; 0.426681814632205; 16921.6063545376; 14207.98; 2580.21
468; 0.419164315021674; 17470.8886705844; 14678.16; 2698.49
469; 0.42008564768016; 17845.8142040766; 14993.1; 2745.87
470; 0.421704250754099; 18244.5791921766; 15322.49; 2797.27
471; 0.429453596493964; 18734.2615215536; 15732.43; 2817.13
472; 0.432443307686792; 19477.0214216932; 16372.18; 2888.96
473; 0.428725502573714; 19988.6494399575; 16816.37; 2972.52
474; 0.430418388682205; 20555.6637898219; 17311.54; 3023
475; 0.433534072236516; 21554.222132111; 18143.65; 3150.22
476; 0.431375347267718; 22193.4770293223; 18682.99; 3253.44
477; 0.430193201733667; 22899.1304417569; 19269.42; 3367.82
478; 0.4260035203936; 23679.2193701202; 19967.43; 3472.23
479; 0.421337625183266; 24877.7159462079; 20949.15; 3709.93
480; 0.418809625565239; 25702.3542792169; 21691.29; 3804.75
481; 0.418372054229545; 26525.8848101458; 22361.32; 3948.55
482; 0.420441756646468; 27802.6261821287; 23416.42; 4131.99
483; 0.419455227567011; 28628.3199973807; 24128.61; 4242.65
484; 0.417829895900587; 29414.6283970568; 24824.01; 4338.71
485; 0.414458926528136; 30190.5655452612; 25545.04; 4419.68
486; 0.406554124395517; 31257.4100556806; 26517.16; 4590.47
487; 0.406684825441775; 31939.8451350021; 27144.88; 4634.96
488; 0.410071574805968; 32648.9538033219; 27734.19; 4704.39
489; 0.405026664655865; 33245.3787368623; 28301.4; 4784.45
490; 0.397273029933782; 34120.7946234203; 29129.5; 4917.45
491; 0.393332896332014; 34643.0655925899; 29620.01; 4991.8
492; 0.392116657930561; 35150.1297980275; 30076.82; 5050.77
493; 0.390160637299877; 35876.1764923785; 30727.18; 5145.3
494; 0.389434007899529; 36306.7533737185; 31131.56; 5174.67
495; 0.389186042773173; 36731.8116963581; 31508.11; 5219.97
496; 0.385423055454388; 37322.978598212; 32056.49; 5307.57
497; 0.384710103745315; 37695.4166331198; 32397.48; 5342.56
498; 0.382999266273218; 38029.7626473387; 32734.99; 5356.59
499; 0.379486144650569; 38419.7985822538; 33093.5; 5431.5
500; 0.378064648078558; 38922.6125011685; 33580.19; 5461.63
501; 0.377072727528335; 39266.9301153147; 33912.63; 5481.08
502; 0.377425001790318; 39639.3510436117; 34262.4; 5491.88
503; 0.372029093272865; 40160.7952030661; 34758.54; 5590.61
504; 0.36824664258447; 40513.4927823315; 35092.98; 5659.87
505; 0.366236567585923; 40917.807351152; 35469.61; 5713.19
506; 0.363875203734726; 41324.1556321708; 35860.16; 5760.06
507; 0.363472229038978; 41937.1092834904; 36434.09; 5800.95
508; 0.3606612150908; 42342.0085156693; 36816.82; 5862.95
509; 0.358148690911386; 42769.6997900152; 37220.5; 5923.17
510; 0.356230842930242; 43459.0936688506; 37815.45; 6049.54
511; 0.35682773342281; 43950.8490161239; 38193.07; 6154.56
512; 0.352852999608765; 44370.4146819865; 38664.27; 6161.05
513; 0.352119743961601; 45025.390083761; 39275.75; 6213.99
514; 0.347548517602807; 45432.1015758212; 39688.32; 6282.11
515; 0.344402906423118; 45871.900389915; 40099.69; 6363.71
516; 0.341338346613873; 46244.9425865836; 40486.93; 6397.69
517; 0.336541163140762; 46907.5563901065; 41096.3; 6541.34
518; 0.332894375543972; 47325.9869599936; 41496.14; 6626.65
519; 0.3260410187866; 47702.0206561382; 41917.64; 6705.56
520; 0.323011891683774; 48357.727712554; 42548.12; 6790.4
521; 0.315870368945854; 48751.1548344986; 42977.56; 6893.52
522; 0.315556571359961; 49235.2545817326; 43423.9; 6938.08
523; 0.31099854018735; 49858.5196475738; 44015.23; 7071.04
524; 0.307855233296015; 50321.8950663394; 44459.88; 7158.61
525; 0.304905590460478; 50698.4640481939; 44853.54; 7199.39
526; 0.30027997394825; 51229.7695349193; 45445.09; 7227.5
527; 0.297965255956714; 51582.8025130793; 45749.02; 7338.26
528; 0.294590647118885; 51899.3804101701; 46051.59; 7432.64
529; 0.29105866126687; 52119.5180129193; 46325.08; 7446.85
530; 0.285279620173893; 52416.4358482134; 46663.24; 7536.36
531; 0.282782395124568; 52601.2806275322; 46895.43; 7533.44
532; 0.28102988931635; 52770.6536097959; 47103.5; 7522.1
533; 0.27836018643944; 52996.2909479382; 47350.71; 7558.38
534; 0.277193272096707; 53133.2548806034; 47499.48; 7567.35
535; 0.275607749707666; 53294.7803095819; 47665.71; 7596.56
536; 0.269983214907884; 53498.9827036489; 47956; 7628.39
537; 0.268066265483229; 53686.1294001735; 48154.07; 7659.54
538; 0.265412110443052; 53828.7504388631; 48333.48; 7676.39
539; 0.263899193311119; 54099.2588949039; 48638.4; 7664.33
540; 0.259898041740834; 54216.8532671007; 48781.81; 7737.72
541; 0.256453376260115; 54412.0665640958; 49000.63; 7801.09
542; 0.252376131363595; 54657.5643656553; 49330.89; 7796.44
543; 0.248404004474128; 54813.44872908; 49574.67; 7784.29
544; 0.245221545627606; 54982.9672764793; 49814.41; 7773.5
545; 0.242887409272562; 55305.2372585206; 50138.07; 7839.71
546; 0.239007084293332; 55548.8899833053; 50409.36; 7917.92
547; 0.237403061570211; 55796.7485633113; 50662.12; 7956.91
548; 0.233565262808732; 56245.0119558932; 51154.89; 8010.79
549; 0.23045544540966; 56481.1497485603; 51448.39; 8020.41
550; 0.227629579265649; 56782.6752258758; 51787.69; 8052.21
551; 0.224803005290126; 57072.8769393092; 52108.28; 8096.98
552; 0.22237029166136; 57479.2456285081; 52532.52; 8149.17
553; 0.218087936009539; 57702.1557113071; 52882.77; 8088.61
554; 0.216487751292586; 57944.9634896424; 53142.48; 8112.9
555; 0.210332749118208; 58328.312295748; 53645.5; 8135.28
556; 0.207255510024404; 58579.9355208591; 53968.23; 8123.54
557; 0.206974013218338; 58902.4113746499; 54277.78; 8150.4
558; 0.204422811366132; 59340.3376305199; 54687.44; 8295.43
559; 0.202523518383502; 59691.0189642619; 55059.41; 8327.75
560; 0.202518069332079; 60115.3280158039; 55464.5; 8355.33
561; 0.1977372813773; 60784.9208961418; 56171.38; 8481.63
562; 0.194123819108723; 61280.0509023387; 56732.23; 8509.08
563; 0.192381353183141; 61809.8195327363; 57284.76; 8536.23
564; 0.189667939289868; 62673.3110870105; 58131.67; 8683
565; 0.184032047429188; 63153.4205741436; 58723.39; 8722.57
566; 0.179888787311096; 63589.2630634903; 59260.3; 8713.46
567; 0.173936814259468; 64183.2144096569; 59968.19; 8768.43
568; 0.168980930952323; 64430.0367700343; 60312.67; 8810.43
569; 0.166360922732652; 64603.6721058001; 60536.87; 8832.97
570; 0.166371667459205; 64730.9282429594; 60654.49; 8847
571; 0.163733145284131; 64659.8444892485; 60645.86; 8845.03
572; 0.159680222472357; 64492.13543693; 60593.21; 8802.53
573; 0.155781558599266; 64151.6635619569; 60388.41; 8701.9
574; 0.155468994210112; 63947.2906405039; 60192.1; 8693.52
575; 0.153432636760642; 63570.4037354253; 59917.07; 8563.1
576; 0.15249742180188; 63372.2639987296; 59761.86; 8507.77
577; 0.149273546808845; 63145.0063147786; 59641.09; 8428.61
578; 0.146131275879325; 62825.011110977; 59423.5; 8351.72
579; 0.144894276902658; 62663.7664783124; 59274.96; 8385.25
580; 0.145732320132263; 62541.4533719986; 59125.77; 8396.82
581; 0.144770935248625; 62323.8071532774; 58924.46; 8406.26
582; 0.143420954173355; 62190.5193793535; 58842.88; 8350.45
583; 0.140978112498357; 62063.9685152954; 58773.45; 8344.55
584; 0.141003047073462; 61924.5581866366; 58634.76; 8335.83
585; 0.141001900331259; 61843.0639007774; 58543.05; 8356.35
586; 0.137363580275303; 61724.5445117978; 58471.96; 8448.9
587; 0.13744305111183; 61622.0921934094; 58404.36; 8348.32
588; 0.13453567809219; 61497.781825896; 58360.19; 8311.12
589; 0.132362349067351; 61403.7094852234; 58331.89; 8265.55
590; 0.127331510213379; 61293.0777450044; 58337.01; 8263.17
591; 0.125504588370571; 61199.688583191; 58293.38; 8237.16
592; 0.124995193692711; 61194.4765509822; 58296.42; 8242.06
593; 0.123708687549738; 61227.4670741329; 58354.29; 8251.08
594; 0.122275914044076; 61278.9947688712; 58474.67; 8142.58
595; 0.120822258451568; 61477.2686926877; 58691.02; 8182.26
596; 0.12115299380711; 61708.8085472459; 58910.07; 8191.32
597; 0.122961182506307; 62017.1845160035; 59148.04; 8268.66
598; 0.122229904615161; 62539.3088459771; 59669.64; 8314.38
599; 0.121673180551109; 62998.1807473414; 60111.73; 8395.94
600; 0.119843058069258; 63472.6490122431; 60597.36; 8485.8
601; 0.118011423758653; 64283.4444880284; 61431.73; 8541.42
602; 0.116750561602371; 64905.7660940128; 62030.86; 8698.58
603; 0.112735820547796; 65459.7399284488; 62682.2; 8697.72
604; 0.111630381699476; 66316.0584353463; 63509.51; 8869.93
605; 0.110465511743634; 66847.958423273; 64042.25; 8955.31
606; 0.112038543726692; 67445.5827535268; 64550.97; 9103.79
607; 0.114064539771924; 68122.3436936475; 65111.84; 9294.41
608; 0.113946382172431; 68467.6518494153; 65429.29; 9384.39
609; 0.113651120642746; 68885.2613233455; 65822.24; 9479.31
610; 0.112447068891408; 68988.4298807694; 65955.41; 9481.14
611; 0.113269127891505; 69102.103845912; 66022.08; 9552.58
612; 0.114763788022815; 69145.4675714907; 66019.65; 9562.45
613; 0.113317603459703; 69098.8145204691; 66016.95; 9542.42
614; 0.111619195184282; 68902.8885684909; 65905.75; 9415.73
615; 0.10903899864966; 68467.5508181822; 65585.75; 9262.15
616; 0.107560259080427; 68136.7364388052; 65316.88; 9181.97
617; 0.106845173816253; 67544.4976939318; 64768.34; 9095.05
618; 0.107367801290696; 67148.7943305174; 64373.64; 9042.15
619; 0.105289166572419; 66685.3913401249; 63985.54; 8965.65
620; 0.103362111961128; 66046.6952878559; 63448.32; 8784.82
621; 0.103171397919533; 65581.5593553747; 63011.38; 8701.12
622; 0.103965324828095; 65183.4479395355; 62594.57; 8693.06
623; 0.107102046694201; 64704.1214215703; 62070.14; 8581.34
624; 0.108099399809966; 64372.4709830964; 61741.91; 8487.03
625; 0.109757824624374; 63877.3532643823; 61215.67; 8453.6
626; 0.114450259713611; 63663.2391919866; 60906.9; 8391.25
627; 0.118288679866488; 63389.9191806433; 60552.71; 8353.36
628; 0.120888122016084; 62901.5609734035; 59996.17; 8366.11
629; 0.121858306996351; 62635.2490991137; 59718.79; 8327.32
630; 0.120513187386289; 62335.1643608682; 59494.05; 8198.99
631; 0.117050722405899; 61853.4546819386; 59130.04; 8088.35
632; 0.11592902876446; 61569.2044359588; 58876.05; 8072.41
633; 0.115279485311737; 61176.0448268927; 58511.89; 8027.04
634; 0.112143665095375; 60889.4985610562; 58308.74; 7989.54
635; 0.109665277837681; 60639.6179680209; 58140.12; 7908.54
636; 0.10828076956509; 60375.3028124913; 57915.51; 7878.13
637; 0.106496866864043; 60131.4442865984; 57722.82; 7838.74
638; 0.108813108528519; 59969.3394013993; 57474.46; 7941.82
639; 0.111158088033546; 59735.9536845093; 57165.91; 8003.89
640; 0.112848068089959; 59617.8829787016; 57008.09; 8001.12
641; 0.117592013700717; 59454.1075742571; 56758.58; 7926.46
642; 0.119828532882878; 59283.2476694396; 56539.98; 7912.17
643; 0.121542640615014; 59151.8246873306; 56371.02; 7903.44
644; 0.123414911952445; 58908.9277372996; 56100.39; 7857.3
645; 0.123588616191324; 58762.9559427043; 55952.09; 7849.35
646; 0.12456549723663; 58550.2366569661; 55757.04; 7735.25
647; 0.128602112726263; 58468.4204397834; 55605.78; 7675.61
648; 0.130623481535451; 58313.5042288863; 55421.19; 7632.06
649; 0.131717028349879; 58136.3983091361; 55233.83; 7592.22
650; 0.133351856907293; 58051.2099411556; 55116.84; 7578
651; 0.137095105827088; 57966.1052980366; 54970.38; 7521.71
652; 0.138883511156796; 57862.946549429; 54836.02; 7498.47
653; 0.143870301578772; 57820.8639326362; 54697.14; 7466.34
654; 0.146631625623519; 57713.7164414277; 54559.48; 7393.84
655; 0.1445979606262; 57576.8192998291; 54465.02; 7393.93
656; 0.14662877742927; 57458.5894662914; 54312.69; 7368.41
657; 0.144249654303961; 57335.6000793954; 54258.2; 7324.28
658; 0.144609936987467; 57238.8087900422; 54165.73; 7293.21
659; 0.142283148836833; 57082.6623521631; 54053.82; 7302.78
660; 0.142011346456534; 56985.3050024818; 53974.86; 7269.33
661; 0.14089365908874; 56816.9878783829; 53820.55; 7288.84
662; 0.140296959279555; 56704.8014065879; 53704.12; 7326.33
663; 0.141244841077903; 56641.8207890133; 53597.59; 7378.87
664; 0.140640901603183; 56520.0832036418; 53483.1; 7388.78
665; 0.145447538722713; 56466.4844916326; 53326.55; 7383.97
666; 0.14701652899981; 56313.4110487812; 53150.66; 7355.43
667; 0.1497101053693; 56207.9823121556; 52998.89; 7326.55
668; 0.152901782781868; 56124.9596351355; 52847.85; 7323.5
669; 0.156997474415043; 56003.4118466412; 52664.94; 7263.21
670; 0.161302107043093; 55969.9238947604; 52553.29; 7232.11
671; 0.162121835250603; 55767.9455291035; 52404.63; 7079.27
672; 0.159314784926611; 55589.6427759073; 52310.27; 7020.25
673; 0.157726923717955; 55402.9962058998; 52154.03; 7021.01
674; 0.162835999315944; 55244.7706953255; 51884.46; 7029.82
675; 0.164282607433224; 55075.0260686085; 51726.62; 6940.14
676; 0.162171657193288; 54784.6501734934; 51487.64; 6919.48
677; 0.163486547668351; 54567.7892454667; 51264.41; 6874.84
678; 0.166028365935492; 54174.7566760148; 50861.27; 6787.88
679; 0.16882529691061; 53967.310850552; 50607.72; 6765.89
680; 0.172263289494847; 53738.9429196606; 50288.84; 6807.27
681; 0.174294231887679; 53382.5505849734; 49879.04; 6829.65
682; 0.175604372022966; 53122.6205337925; 49603.29; 6806.66
683; 0.176354031647624; 52748.765893976; 49190.55; 6849.95
684; 0.180001610510981; 52519.0233212001; 48851.84; 6914.18
685; 0.180439135745137; 52153.2839060403; 48496.41; 6875.35
686; 0.179980842292059; 51903.5813641411; 48259.88; 6865.56
687; 0.181428190497282; 51675.6335673441; 48015.34; 6839.14
688; 0.184894451632328; 51336.1428975181; 47660.66; 6736.35
689; 0.187569917827221; 51130.8862740155; 47430.35; 6683.12
690; 0.187312254948007; 50774.1894720746; 47114.92; 6615.1
691; 0.188721407103306; 50534.6300438531; 46875.41; 6563.05
692; 0.190318567192029; 50305.3791773654; 46671.62; 6460.16
693; 0.1927272609243; 49930.3032098683; 46240.6; 6475.1
694; 0.196391110366102; 49698.6851673394; 45936.72; 6476.21
695; 0.199430807688273; 49324.2332336157; 45505.74; 6470.6
696; 0.199358346915078; 49050.7394429624; 45255.77; 6430.36
697; 0.199850271550991; 48608.6820009869; 44881.07; 6297.83
698; 0.20341495275287; 48394.6429274869; 44617.46; 6267.1
699; 0.205499801301013; 48021.879511533; 44279.79; 6143.47
700; 0.210065822769455; 47841.412641923; 44098.54; 6008.83
701; 0.212974154896532; 47662.5357190216; 43886.31; 5977.78
702; 0.210708118775639; 47339.2342547904; 43667.22; 5873.37
703; 0.212317907535603; 47111.3326796064; 43450.12; 5809.93
704; 0.214502545474105; 46824.71513928; 43177.28; 5727.38
705; 0.216418017938951; 46624.9050058287; 42984.61; 5663.34
706; 0.217769544810846; 46349.8452453289; 42694.41; 5649.54
707; 0.220416762752801; 46203.0390114065; 42461.28; 5711.07
708; 0.218685064594706; 45942.2564180658; 42219.65; 5724.39
709; 0.215180120635073; 45552.8554658191; 41899.34; 5707.57
710; 0.217265399018507; 45324.6780359195; 41648.14; 5686.33
711; 0.214558684346308; 44966.3201730434; 41364.18; 5640.34
712; 0.216181439567348; 44720.3487472587; 41116.32; 5599.74
713; 0.218290615344469; 44375.1766577171; 40762.56; 5557.66
714; 0.218763251583304; 44062.972910497; 40520.22; 5437.41
715; 0.218203232373083; 43645.1173599983; 40202.88; 5294.92
716; 0.221158347832448; 43377.4078489247; 39932.78; 5226.2
717; 0.222254343122596; 43040.2192353284; 39629.07; 5147.84
718; 0.221131949222884; 42502.1574404522; 39183.73; 5031.33
719; 0.225952318744741; 42158.7875398503; 38793.68; 4991.12
720; 0.226859398281739; 41607.2718572313; 38280.05; 4913.24
721; 0.2220571976024; 41243.0634748209; 37997.72; 4894.17
722; 0.225687128059003; 40743.0227283313; 37461.34; 4867.58
723; 0.22672693452901; 40378.0405637771; 37089.11; 4854.17
724; 0.225419936747941; 39879.2924604232; 36612.24; 4848.05
725; 0.225532897912509; 39633.5428383059; 36385.09; 4816.26
726; 0.227263696594803; 39403.5998393763; 36131.54; 4812.54
727; 0.225317994374093; 39286.0588309739; 36040.6; 4812.86
728; 0.225201519787147; 39163.6455952283; 35923.5; 4805.84
729; 0.230125991663632; 39094.8816118322; 35794.86; 4788.58
730; 0.229810634911434; 39064.5582827864; 35804.98; 4735.07
731; 0.229592616071728; 39109.0875490016; 35898.6; 4667.75
732; 0.234702422798516; 39203.1576496178; 35931.8; 4652.12
733; 0.237240323572694; 39248.9832788584; 35937.66; 4658
734; 0.236612188528786; 39225.2866223548; 35940.73; 4632.18
735; 0.232186795325291; 39138.0061803868; 35910.34; 4637.56
736; 0.231159796000745; 39074.4991783431; 35853.79; 4646.83
737; 0.232451841700311; 39046.2029887368; 35763.82; 4707.89
738; 0.23320963892092; 38976.452258693; 35686.23; 4702.2
739; 0.235364527546124; 38879.814214076; 35566.35; 4690.32
740; 0.235298101687408; 38814.5423275385; 35518.53; 4665.2
741; 0.238926553321463; 38816.304438715; 35438.57; 4706.66
742; 0.24319533167255; 38836.559865725; 35376.98; 4734.62
743; 0.249092738619412; 38936.965603062; 35384.87; 4744.52
744; 0.251602270642852; 39131.844227358; 35557.26; 4725.32
745; 0.250396895661245; 39277.8704087416; 35711.59; 4735.27
746; 0.251193231802873; 39536.6211102656; 35904.99; 4804.96
747; 0.252764457103305; 39744.2797375139; 36064.38; 4836.75
748; 0.255253375923227; 39987.7735890128; 36277.22; 4827.83
749; 0.255381612561663; 40081.1558795802; 36375.65; 4817.49
750; 0.256560890030509; 40074.566601107; 36374; 4787.76
751; 0.257532428256666; 40001.0771745278; 36336.55; 4723.1
752; 0.260412608624217; 39762.2101261227; 36099.96; 4667.67
753; 0.26137714187336; 39507.1836393364; 35843.88; 4651.64
754; 0.255517188547564; 38911.1607938035; 35400.69; 4559.52
755; 0.251184734001996; 38458.3791431957; 35033.68; 4523.71
756; 0.250095399353407; 37816.0693216885; 34423.24; 4499.87
757; 0.247151321558168; 37366.8164029812; 34033.43; 4471.88
758; 0.249586674060085; 36780.1794920761; 33441.09; 4434.02
759; 0.245451534759583; 36334.5327062226; 33053.61; 4428.1
760; 0.24718868434253; 35958.3789453146; 32681.41; 4389.62
761; 0.253680174515829; 35428.5022662282; 32094.24; 4350.03
762; 0.257487732465208; 35126.7863312185; 31738.87; 4352.62
763; 0.260877519873388; 34627.1592086292; 31268.89; 4256.73
764; 0.263406307178064; 34307.2244916894; 30955.78; 4205.71
765; 0.264916413073745; 33836.8874110547; 30523.94; 4133.31
766; 0.262679479557039; 33518.7373095598; 30282.24; 4071.93
767; 0.266008394742505; 33042.4740759688; 29889.65; 3917.14
768; 0.260592386837747; 32698.8903896031; 29645; 3873.2
769; 0.256605454625475; 32224.5746924586; 29266.15; 3810.18
770; 0.256975666541264; 31964.007446463; 29018.85; 3787.39
771; 0.253275799047588; 31575.6179099451; 28680.35; 3776.08
772; 0.256645068786254; 31353.3636368348; 28446.72; 3739.62
773; 0.261619525982509; 30996.3446414924; 28058.77; 3705.92
774; 0.259142686369375; 30727.8614812935; 27829.59; 3689.54
775; 0.264942942747617; 30420.2951438438; 27439.76; 3709.91
776; 0.268892289479122; 30208.2448545406; 27237.96; 3641.47
777; 0.271868661099858; 29911.5345589413; 26913.56; 3634.26
778; 0.274890759543667; 29714.1224781666; 26715.7; 3593.82
779; 0.278021431914677; 29390.8518159079; 26401.43; 3541.9
780; 0.276814732939586; 29194.652878083; 26209.45; 3551.42
781; 0.276416155955669; 28927.7728538457; 25959.69; 3535.36
782; 0.275500905333097; 28733.0452605031; 25778.2; 3530.39
783; 0.27983608825109; 28437.5276931709; 25494.21; 3461.37
784; 0.281596859714289; 28255.8463979889; 25318.31; 3432.1
785; 0.281020908135797; 27948.3006891343; 25049.77; 3392.5
786; 0.277908743480751; 27752.1795299924; 24888.1; 3388.75
787; 0.28150299530555; 27496.3191186706; 24582.52; 3402.48
788; 0.278577344290578; 27284.4151944408; 24429.24; 3367.97
789; 0.277546098002635; 26970.1645597321; 24166.33; 3318.75
790; 0.276007026252188; 26777.8734294761; 23986.74; 3321.19
791; 0.267044600877905; 26457.2214138949; 23719.03; 3366.69
792; 0.26442173407264; 26256.5676828828; 23546.07; 3364.95
793; 0.270145342124442; 25999.3657275442; 23263.87; 3323.4
794; 0.268260586375375; 25798.5688407188; 23096.99; 3304.73
795; 0.269541800599471; 25503.9244099285; 22857.12; 3222.13
796; 0.272360616511208; 25275.8953308798; 22628.84; 3188.88
797; 0.274300347168182; 25097.2782424322; 22457.2; 3157.88
798; 0.281617685228045; 24874.5979869299; 22251.53; 3055.91
799; 0.285380063567697; 24739.1221187917; 22129.09; 3000.25
800; 0.285079917703371; 24534.033865628; 21918.26; 3009.63
801; 0.287257200663716; 24363.5482312748; 21741.23; 2993.24
802; 0.286346170612787; 24132.5712787338; 21479.09; 3037.38
803; 0.284941959484254; 23968.3126926898; 21336.34; 3026.35
804; 0.281167364662599; 23718.9743049462; 21187.49; 2948.75
805; 0.282751034137697; 23562.9309919238; 21034.56; 2927.88
806; 0.285139209125084; 23356.9767098071; 20836.79; 2893.22
807; 0.28383529479408; 23197.9415059222; 20715.72; 2862.27
808; 0.283494449472689; 22959.5690596285; 20539.9; 2792.96
809; 0.285946286746044; 22836.9222769024; 20424.64; 2760.03
810; 0.298813769931546; 22687.1744064194; 20224.7; 2695.53
811; 0.296410784431281; 22545.4788989348; 20091.86; 2706.83
812; 0.302017373306581; 22369.3511281878; 19884.31; 2689.74
813; 0.30258766839269; 22262.9168730712; 19793.26; 2667.28
814; 0.304574603292986; 22092.4271282845; 19615.6; 2656.72
815; 0.306528338273707; 21958.5856631265; 19510.51; 2608.64
816; 0.304185589249644; 21767.7207445851; 19316.71; 2631.29
817; 0.297001210104526; 21561.9533176751; 19151.29; 2650.15
818; 0.300535568012537; 21436.3091263073; 19034.43; 2609.02
819; 0.306827643895704; 21245.7084180276; 18814.23; 2586.51
820; 0.307979303480357; 21109.1622330795; 18689.96; 2563.25
821; 0.306745792932153; 20888.2080318764; 18518.27; 2520.42
822; 0.308110401276732; 20761.3554076653; 18404.2; 2495
823; 0.311696057781392; 20596.7706135046; 18260.87; 2443.43
824; 0.313765579872045; 20477.3083852562; 18158.8; 2408.62
825; 0.314611664595185; 20309.7635902347; 18009.86; 2382.79
826; 0.312999569397559; 20196.3233259647; 17931.53; 2358.5
827; 0.308218941472131; 20038.777128334; 17798.05; 2369.86
828; 0.308640173624533; 19932.3626414984; 17684; 2374.92
829; 0.307618515849189; 19756.7206879723; 17555.02; 2333.13
830; 0.297663769311275; 19564.5421380323; 17403.79; 2366.16
831; 0.295537214593606; 19439.6384405605; 17305.83; 2352.33
832; 0.292957754173389; 19270.5844602717; 17198.16; 2303.66
833; 0.293209807843312; 19157.1805836032; 17119.37; 2262.14
834; 0.291587036471933; 19016.6998387883; 17011.62; 2237.18
835; 0.296419315001038; 18938.3876940949; 16937.08; 2196
836; 0.300794055664383; 18792.1691518014; 16817.17; 2135.06
837; 0.305305782729765; 18722.3525417401; 16729.78; 2122.5
838; 0.313088829553081; 18607.3198606137; 16579.8; 2106.31
839; 0.325673101384117; 18487.8444453816; 16431.87; 2054.8
840; 0.324430427231758; 18422.9311455707; 16338.43; 2091.29
841; 0.326830524148889; 18288.5419331372; 16176.85; 2105.39
842; 0.319214002541734; 18161.2543902752; 16100.15; 2103.51
843; 0.319179896394214; 18032.8010949155; 15963.29; 2111.77
844; 0.318659209011984; 17927.7864493327; 15892.03; 2080.25
845; 0.318120863898485; 17745.1031029257; 15721.29; 2071.01
846; 0.31430930508689; 17650.5203446783; 15640.73; 2081.13
847; 0.309331218983872; 17486.1416510301; 15512.12; 2076.45
848; 0.308917775133759; 17340.5168431236; 15379; 2065.59
849; 0.312726758551015; 17231.4476856223; 15291.55; 2017.42
850; 0.322554861098324; 17082.1247704603; 15122.34; 1975.49
851; 0.321365171434811; 16970.1566467448; 15033.42; 1959.04
852; 0.319897991610423; 16801.181202636; 14892.72; 1938.79
853; 0.319242044292795; 16685.5022758533; 14821.77; 1896.81
854; 0.315010393456985; 16473.729713131; 14666.47; 1863.56
855; 0.320910653582437; 16275.6085198816; 14480.87; 1816.21
856; 0.312775460330501; 16152.9239631205; 14373.72; 1846.96
857; 0.314801869839804; 15981.8456546376; 14195.76; 1841.75
858; 0.305652691259028; 15838.1963732121; 14085.44; 1861.12
859; 0.299960610346804; 15629.6111674053; 13917.36; 1852.25
860; 0.30290625320984; 15513.7352873299; 13810.98; 1823.65
861; 0.300344130099052; 15334.4160871989; 13662.8; 1805.22
862; 0.295660961160505; 15161.0805824209; 13537.19; 1781.11
863; 0.301553080242233; 15066.1387876968; 13438.2; 1750.32
864; 0.300201346599283; 14859.0290939163; 13288.14; 1696.2
865; 0.301302465434918; 14740.9518792745; 13208.2; 1648.65
866; 0.307105738899208; 14577.2192895344; 13052.04; 1609.19
867; 0.306123513361324; 14319.068108913; 12842.9; 1562.12
868; 0.312436898339364; 14181.3079516693; 12685.62; 1550.49
869; 0.317155032940843; 13939.0390428026; 12452.22; 1518.07
870; 0.319190407161412; 13752.6091132647; 12312.23; 1460.99
871; 0.328094097755551; 13488.6087235923; 12058.87; 1410.52
872; 0.334822986301482; 13319.6463614681; 11877.36; 1394.03
873; 0.331256508418747; 13028.7980705551; 11599.66; 1395.92
874; 0.337730962684288; 12808.0986640378; 11341.58; 1404.65
875; 0.33503212701181; 12630.7609663909; 11199.45; 1381.7
876; 0.327466466640637; 12365.5818599495; 10955.32; 1392.56
877; 0.32994134383737; 12209.9633973769; 10806.42; 1375.26
878; 0.324886780509115; 11969.7123229134; 10606.06; 1356.65
879; 0.321166571264553; 11789.1356073543; 10447.83; 1349.61
880; 0.322624389801283; 11681.786308555; 10366.94; 1316.75
881; 0.328010101551671; 11559.5647551447; 10243.98; 1295.56
882; 0.327734146588895; 11471.1234032243; 10190.2; 1262.24
883; 0.325825168279442; 11368.160789231; 10089.13; 1267.51
884; 0.327171198954679; 11284.2066969193; 9988.4; 1278.6
885; 0.329750433267845; 11229.9355022933; 9913.56; 1288.44
886; 0.325708328877221; 11130.0351188966; 9804.76; 1312.99
887; 0.32566770044013; 11086.3284231679; 9763.04; 1310.97
888; 0.335545433158337; 11034.5239512408; 9696.05; 1286.81
889; 0.343676412732111; 10976.812910226; 9644.06; 1250.79
890; 0.344480818055571; 10944.1572140541; 9630.85; 1229.46
891; 0.347903010103011; 10900.0354218286; 9604.7; 1200.51
892; 0.345283614344502; 10913.7743361662; 9632.5; 1196.29
893; 0.352677883534373; 10983.9854211099; 9695.44; 1177.7
894; 0.355877215504054; 11084.1974516576; 9773.06; 1187.38
895; 0.347296166612183; 11140.2240984649; 9825.7; 1219.66
896; 0.345236350054618; 11283.2223449733; 9951.28; 1242.99
897; 0.343143921419823; 11402.7365604226; 10040.59; 1278.76
898; 0.350745364026617; 11634.2402383459; 10233.74; 1286.06
899; 0.354279547032074; 11855.6453107623; 10407.18; 1316.62
900; 0.346757615600295; 11958.1248578261; 10519.34; 1335.97
901; 0.343585165364875; 12090.6692472338; 10674.23; 1327.19
902; 0.340358476554192; 12199.6939549011; 10803.41; 1320.49
903; 0.3380490296997; 12254.2721811648; 10845.48; 1341.2
904; 0.332079239373628; 12278.8601431253; 10871.89; 1363.32
905; 0.326016567403293; 12240.388852145; 10842.71; 1379.32
906; 0.322757088719972; 12159.5236872826; 10775.52; 1379.39
907; 0.327626348834346; 12025.0034474613; 10665.88; 1334.24
908; 0.330076224212326; 11900.5456350316; 10561.98; 1304.09
909; 0.340984964218219; 11676.9950833545; 10342.42; 1258.44
910; 0.336994814975305; 11392.4412793468; 10084.23; 1247.98
911; 0.346162021420322; 11172.8110498887; 9884.34; 1196.4
912; 0.354404262351804; 10795.7245630613; 9558.26; 1122.13
913; 0.360710066469073; 10521.9565590561; 9303; 1085.88
914; 0.354191154671622; 10089.8270628969; 8920.23; 1060.91
915; 0.346635066291496; 9683.42146203559; 8545.32; 1054.67
916; 0.335744131105001; 9409.42217198469; 8311.13; 1050.62
917; 0.331801372042895; 8994.65935638328; 7972.82; 988.97
918; 0.329083172221726; 8633.71702960011; 7671.41; 938.89
919; 0.320842802947728; 8395.90186104935; 7486.3; 910.14
920; 0.3136140648628; 8065.52966581951; 7193.89; 892.14
921; 0.311369872794287; 7757.06709461373; 6920.81; 861.98
922; 0.307589424285539; 7554.88439408589; 6748.05; 841.79
923; 0.317003318129673; 7271.19778000702; 6496.05; 784.61
924; 0.319383992142385; 7093.61867857171; 6335.94; 761.11
925; 0.318117139828739; 6809.53796791999; 6077.93; 737.75
926; 0.32863925889012; 6559.16770857263; 5815.14; 726.18
927; 0.325854825934871; 6391.88825862137; 5665.7; 714.73
928; 0.319883613078264; 6114.24382661309; 5437.06; 678.85
929; 0.327619351993263; 5843.45564810232; 5175.42; 653.78
930; 0.32858563684672; 5646.07432652407; 4999.79; 630.57
931; 0.318331651722339; 5311.26108011722; 4725.43; 589.92
932; 0.323882837932963; 4953.67484758806; 4403.79; 544.16
933; 0.320486006980354; 4684.38837401357; 4171.45; 512.91
934; 0.327344293969504; 4236.67110388331; 3774.84; 452.07
935; 0.327550613834953; 3757.63699037216; 3360.06; 388.89
936; 0.322457993116427; 3433.10354335416; 3086.68; 344.16
937; 0.326963836720363; 2958.27195790618; 2658.99; 293.19
938; 0.314147483579777; 2511.2606813143; 2252; 264.31
939; 0.300804961761131; 2244.78877556094; 2024.61; 234.4
940; 0.302354077638433; 1922.27679242378; 1733.22; 200.21
941; 0.299863444615423; 1686.93369816863; 1538.72; 158.24
942; 0.296023435804757; 1574.86823663116; 1438.65; 147.3
943; 0.331742214761651; 1470.35694089681; 1334.26; 131.31
944; 0.335327464848275; 1423.33557448907; 1289.05; 128.16
945; 0.344825950387273; 1426.01077659767; 1279.67; 135.8
946; 0.357131836624048; 1448.47595121107; 1299.75; 133.24
947; 0.379667087113791; 1502.73692736441; 1341.65; 135.73
948; 0.366700046509594; 1546.71319392077; 1372.3; 152.14
949; 0.353294918948524; 1624.71316702926; 1429.17; 177.02
950; 0.362795202272892; 1719.11060026392; 1522.48; 173.32
951; 0.362696172759718; 1783.69247725389; 1580.34; 179.27
952; 0.390398808344436; 1886.61995283074; 1680.01; 169.2
953; 0.371537727026705; 1986.43193197315; 1761.43; 193.59
954; 0.356460803122984; 2044.07883518739; 1813.87; 206.42
955; 0.360023229232988; 2148.80148824973; 1902.81; 218.36
956; 0.377070235923045; 2243.06573960084; 2005.39; 201.42
957; 0.377169547645654; 2307.10126001219; 2063.96; 205.97
958; 0.391679233530602; 2402.17774511335; 2131.01; 221.18
959; 0.382491115974267; 2470.80600618084; 2196.72; 228.9
960; 0.419500247432463; 2523.99987809651; 2252.42; 206.77
961; 0.403842640862757; 2597.20141135756; 2309.05; 227.87
962; 0.372362403921306; 2630.616371351; 2346.14; 243.95
963; 0.355941216295323; 2645.59565670066; 2362.87; 253.6
964; 0.368042175444242; 2682.0250773708; 2387.56; 255.42
965; 0.324642732920678; 2693.1510116654; 2411.05; 277.37
966; 0.329749325212711; 2722.81093237025; 2422.73; 290.45
967; 0.316691945479627; 2728.23593557239; 2412.51; 318.15
968; 0.30760907807286; 2723.6040990832; 2424.46; 310.3
969; 0.32696572208582; 2732.87585780456; 2433.22; 292.4
970; 0.337663128261261; 2741.35100018183; 2425.52; 298.38
971; 0.329399771712703; 2731.02332272784; 2406.15; 314.58
972; 0.34529482519718; 2720.69197993653; 2389.96; 305.48
973; 0.337520504220901; 2704.5348759942; 2390.88; 296.34
974; 0.346743838429223; 2674.07960055995; 2376.55; 273.6
975; 0.34609200129338; 2653.81035019718; 2360.35; 270.33
976; 0.327897439981767; 2634.46549999017; 2346.14; 280.3
977; 0.314787257361826; 2609.95046098564; 2340.7; 272.63
978; 0.305184982245557; 2574.70093202331; 2312.92; 273.37
979; 0.288336202553016; 2536.2492636614; 2292.47; 269.42
980; 0.289755247210198; 2517.94981057592; 2271.21; 271.32
981; 0.262971235314841; 2474.31183849074; 2242.64; 280.66
982; 0.289549379938481; 2452.03397588296; 2202.63; 274.38
983; 0.314419982200097; 2439.69488238072; 2191.33; 251.59
984; 0.331494141456866; 2402.80518458242; 2150.38; 242.5
985; 0.34871837300489; 2369.219231105; 2126.43; 221.7
986; 0.373375905799892; 2344.91545464951; 2089.99; 217.38
987; 0.366291194823482; 2312.09901196401; 2070.96; 209.58
988; 0.392110225976276; 2272.88822153762; 2031.15; 196.24
989; 0.39175753682936; 2226.66146204317; 2001.59; 182.85
990; 0.362834607226834; 2191.30954054831; 1964.58; 198.86
991; 0.346153935493401; 2142.50397346039; 1922.47; 202.26
992; 0.359798106789404; 2096.74225395244; 1892.5; 180.6
993; 0.346943097282624; 2047.78011575543; 1843.17; 187.61
994; 0.353466492387607; 2021.68052348339; 1823.97; 177.92
995; 0.334268555346718; 1977.05108779292; 1786.35; 181.45
996; 0.309694086043634; 1918.97518435728; 1743.39; 180.3
997; 0.282250361176284; 1864.05716434128; 1714.96; 167.97
998; 0.283230476056841; 1836.06498830908; 1691.86; 161.88
999; 0.2635684337753; 1791.93634498396; 1639.65; 183.68
1000; 0.257379472411115; 1750.85536982301; 1609.32; 174.8
1001; 0.271781838925079; 1729.90933988745; 1574.59; 181.64
1002; 0.297741424416154; 1699.74300522854; 1536.62; 174.11
1003; 0.276889401507668; 1658.20798957339; 1503.2; 177.89
1004; 0.320934598175667; 1632.28966657266; 1462.01; 168.58
1005; 0.345893208866135; 1615.59697911619; 1442.35; 159.12
1006; 0.355672059308657; 1576.57544240209; 1418.13; 141.51
1007; 0.34853526421649; 1536.21086099095; 1387.48; 135.54
1008; 0.290116029884706; 1482.5836800049; 1361.78; 132.24
1009; 0.282206437016846; 1449.40086251892; 1342.09; 120.75
1010; 0.287018878038642; 1412.86034200081; 1308.87; 115.04
1011; 0.259502798648506; 1373.50762563139; 1283.94; 109.58
1012; 0.21515035195201; 1329.60764495425; 1251.78; 114.83
1013; 0.209319303007738; 1305.90441853608; 1226.98; 119.68
1014; 0.22768119047268; 1273.49004802184; 1191.45; 114.36
1015; 0.281905682932146; 1256.60135634835; 1162.48; 105.95
1016; 0.31586916561218; 1235.55125379066; 1141.02; 94.96
1017; 0.359610363836746; 1224.5571650253; 1125.72; 87.2
1018; 0.346323986248937; 1199.61862395314; 1093.11; 97.56
1019; 0.39910336020811; 1171.72010548997; 1062.77; 86.59
1020; 0.47830475341313; 1151.73088752144; 1039.53; 74.4
1021; 0.474143600825341; 1133.48298933856; 1027.85; 70.65
1022; 0.482874299532242; 1103.02879848219; 1001.12; 66.92
1023; 0.422668157597369; 1072.14925736653; 969.14; 77.27
1024; 0.373561723286914; 1038.70795101693; 953.82; 72.04
1025; 0.370193613910497; 1013.31561086673; 932.44; 69.25
1026; 0.316645262590383; 983.219528814909; 909.32; 73.97
1027; 0.213990047699367; 941.018697672289; 891.7; 73.04
1028; 0.167589296430776; 908.489012523122; 867.22; 78.03
1029; 0.184054929554418; 893.971519321164; 845.82; 82.89
1030; 0.177350188687823; 871.242627699183; 820.39; 90.84
1031; 0.228554217906031; 854.295464852319; 787.28; 92.88
1032; 0.257753370784368; 838.282766435612; 774.62; 78.23
1033; 0.287280048253093; 821.323803508202; 749.98; 78.65
1034; 0.307539586267511; 809.336498024198; 726; 85.81
1035; 0.33464464650333; 794.662045431377; 702.83; 86.89
1036; 0.348433449185381; 775.685854686962; 698.12; 70.48
1037; 0.373365825390091; 754.536867362261; 685.86; 58.23
1038; 0.305265172997726; 736.755419709381; 684.37; 54.32
1039; -0.137955878261946; 718.053389741342; 735.85; 40.83
1040; 0.217414126145683; 659.16002349303; 710.26; -74.38
1041; -0.780642405303838; 602.794173142729; 684.65; 33.18
