# 08/03/2019 15:53:04
# NanoCalc data
# Original file name: C:\SVA_DATA\StudentProjects\2018_Nathan\PSswelling_080319\PSswelling2_104.dat
# Fit Result : Fitness; Thickness 1; Thickness 2; Thickness 3 
# Fit Result : 1.63526770770875; 2; 292.2; -1
# comment:PS ID:349 ref:withoptics.ref slowslow2 start 15:37
#
# WaveLength; Reflectance; Raw Intensity; Dark Intensity; Reference Intensity
400; 0.34363526381312; 4389.74135746496; 3869.39; 734.26
401; 0.339024438427796; 4531.12639164629; 4006.64; 746.92
402; 0.333858025767491; 4631.97397795325; 4085.87; 786.28
403; 0.333792702961274; 4751.48098776525; 4170.5; 833.19
404; 0.331077966285664; 4856.80608737673; 4276.9; 834.94
405; 0.332042982619686; 5032.05815756359; 4420.61; 874.39
406; 0.33042307198288; 5144.47943240787; 4512.32; 904.88
407; 0.334491454927042; 5271.4013032751; 4618.2; 920
408; 0.34056186461711; 5406.8210552859; 4719.05; 947.65
409; 0.346688407056646; 5539.13571482596; 4825.46; 962.39
410; 0.360926649563907; 5725.66589072552; 4957.25; 991.61
411; 0.365837505813413; 5832.09266007912; 5054.41; 986.6
412; 0.379985956469374; 5943.00898957578; 5122.07; 999.14
413; 0.381352485632324; 6040.25169945861; 5198.54; 1017.35
414; 0.390572879135927; 6204.76721854482; 5328.84; 1030.24
415; 0.397661790305176; 6320.73839839767; 5407.41; 1051.61
416; 0.401415611701522; 6404.77631295985; 5484.24; 1046.5
417; 0.400625457961089; 6490.29388674728; 5557.11; 1059.45
418; 0.403546614579421; 6656.93016069602; 5686.9; 1089.66
419; 0.413832471436327; 6776.65410756176; 5778.65; 1089.96
420; 0.416935782100543; 6898.47907416022; 5873.63; 1107.63
421; 0.412169581198051; 7031.93622297138; 5999.37; 1125.58
422; 0.421922874199916; 7239.19758563387; 6161.07; 1144.72
423; 0.426696546797432; 7390.1020275664; 6283.37; 1158.5
424; 0.424740130182629; 7542.46727450152; 6410.67; 1186.66
425; 0.417573251959775; 7701.50150748414; 6557.12; 1217.13
426; 0.419354984931865; 7953.81204930575; 6756.41; 1264.66
427; 0.419415035830796; 8133.9735960312; 6894.52; 1305.3
428; 0.420485046358467; 8299.5901059666; 7042.42; 1316.97
429; 0.415482776261976; 8448.11473084779; 7172.4; 1349.15
430; 0.421582582291201; 8685.50280231231; 7362.29; 1375.69
431; 0.417211442398171; 8840.6297245312; 7500.15; 1404.78
432; 0.416955743056559; 8984.13197305298; 7593.7; 1454.39
433; 0.420814343389831; 9114.48199131467; 7693.05; 1469.65
434; 0.421097705456383; 9292.57177200095; 7850.92; 1485.96
435; 0.422706841936955; 9419.01378490101; 7946.36; 1508.87
436; 0.425219843831355; 9533.14870873034; 8021.43; 1536.4
437; 0.427817079938034; 9662.10358954275; 8119.95; 1554.23
438; 0.429310241745003; 9861.72234823683; 8283.29; 1581.59
439; 0.433921755415774; 9977.61331222161; 8354.04; 1605.86
440; 0.435683066478922; 10094.650154474; 8452.56; 1613.9
441; 0.437073963140892; 10206.1065111051; 8550.95; 1617.96
442; 0.442835694228602; 10419.5325473339; 8688.97; 1665.9
443; 0.448084291710433; 10563.6152138747; 8792.56; 1681.21
444; 0.444280887714246; 10698.602420496; 8949.24; 1671.17
445; 0.441270377612988; 10827.4209828188; 9085.03; 1672.09
446; 0.450515291308567; 11087.2434871191; 9265.24; 1708.7
447; 0.441020793153475; 11269.7098674688; 9440.26; 1748.86
448; 0.436752803323461; 11443.7005909514; 9630.23; 1746.72
449; 0.43082837013377; 11747.2736967676; 9885.28; 1814.28
450; 0.43057187858323; 11959.0731050371; 10081.11; 1827.01
451; 0.430684655930188; 12174.3699356744; 10255.69; 1862.38
452; 0.429617889970602; 12397.6312834786; 10424.07; 1916.49
453; 0.432237383296127; 12788.1227599937; 10737.48; 1975.37
454; 0.430401607212138; 13056.1228913689; 10963; 2020.88
455; 0.428237071807845; 13282.1206782059; 11156.94; 2058.18
456; 0.434073923107371; 13569.2194321817; 11369.12; 2098.01
457; 0.437460401933604; 14006.6764632214; 11721.72; 2157.98
458; 0.442553504049364; 14322.0521949194; 11971.21; 2190.45
459; 0.438745611914016; 14579.1133579107; 12197.34; 2234.36
460; 0.438698504044964; 14848.8749280391; 12451.85; 2244.7
461; 0.435993471112213; 15232.0781144363; 12770.64; 2315.01
462; 0.435376216137007; 15475.7460721538; 12991.06; 2335.82
463; 0.432600634797765; 15703.7210802413; 13180.57; 2382.87
464; 0.432639395177731; 16113.9606371128; 13511.27; 2453.29
465; 0.433858664970528; 16395.4414245749; 13729.67; 2501.36
466; 0.429014378033349; 16666.8498209645; 13965.54; 2558.83
467; 0.431393434356361; 16951.5714831594; 14207.98; 2580.21
468; 0.423813000636654; 17501.8610533284; 14678.16; 2698.49
469; 0.420866616931157; 17851.1176037227; 14993.1; 2745.87
470; 0.421962876554068; 18246.3712719424; 15322.49; 2797.27
471; 0.429704421394111; 18736.014758918; 15732.43; 2817.13
472; 0.435050861539881; 19495.7430461662; 16372.18; 2888.96
473; 0.428608342712355; 19987.7825360361; 16816.37; 2972.52
474; 0.426533110076158; 20526.3798998037; 17311.54; 3023
475; 0.425898678346208; 21494.1552001496; 18143.65; 3150.22
476; 0.428459149805389; 22169.7453222804; 18682.99; 3253.44
477; 0.426448289649029; 22867.533135146; 19269.42; 3367.82
478; 0.428621696265163; 23702.0316636904; 19967.43; 3472.23
479; 0.423452530313059; 24897.4353915547; 20949.15; 3709.93
480; 0.419173127476581; 25705.8356450762; 21691.29; 3804.75
481; 0.418508407436576; 26527.2420990996; 22361.32; 3948.55
482; 0.422977920786824; 27829.0843981728; 23416.42; 4131.99
483; 0.41978913177091; 28631.901957947; 24128.61; 4242.65
484; 0.415211545850223; 29385.8610780376; 24824.01; 4338.71
485; 0.414440656168853; 30190.3607591766; 25545.04; 4419.68
486; 0.407226508916678; 31265.2497763293; 26517.16; 4590.47
487; 0.408654431992954; 31963.0675277538; 27144.88; 4634.96
488; 0.407705855841493; 32620.600338586; 27734.19; 4704.39
489; 0.402773914933942; 33217.8804319442; 28301.4; 4784.45
490; 0.39271241089558; 34063.4955077752; 29129.5; 4917.45
491; 0.391096494975819; 34614.505641352; 29620.01; 4991.8
492; 0.392432671605732; 35154.2184671573; 30076.82; 5050.77
493; 0.388821112219408; 35858.498620032; 30727.18; 5145.3
494; 0.388036497178584; 36288.1818363694; 31131.56; 5174.67
495; 0.386146350818353; 36691.0125867404; 31508.11; 5219.97
496; 0.381291797016299; 37266.5283543759; 32056.49; 5307.57
497; 0.380620125991677; 37639.0925523154; 32397.48; 5342.56
498; 0.378588155363251; 37968.7812527326; 32734.99; 5356.59
499; 0.374907226479329; 38355.5309252984; 33093.5; 5431.5
500; 0.370595875060316; 38817.0714482518; 33580.19; 5461.63
501; 0.369917377520207; 39165.326661719; 33912.63; 5481.08
502; 0.368774087969158; 39516.1065847702; 34262.4; 5491.88
503; 0.360820088117606; 39998.0286143339; 34758.54; 5590.61
504; 0.359328542089721; 40382.2202271043; 35092.98; 5659.87
505; 0.358166209009955; 40797.7513269645; 35469.61; 5713.19
506; 0.35776718936016; 41232.4369233351; 35860.16; 5760.06
507; 0.355515404668686; 41816.6418737495; 36434.09; 5800.95
508; 0.352371300591629; 42215.0102733571; 36816.82; 5862.95
509; 0.351656548474721; 42669.1097380047; 37220.5; 5923.17
510; 0.347223835896577; 43316.3987303587; 37815.45; 6049.54
511; 0.34706547615398; 43793.3250492693; 38193.07; 6154.56
512; 0.345025567553896; 44243.833754963; 38664.27; 6161.05
513; 0.342321099947106; 44865.3914544357; 39275.75; 6213.99
514; 0.340472821054634; 45315.1646492884; 39688.32; 6282.11
515; 0.337875154453124; 45762.4949318272; 40099.69; 6363.71
516; 0.335557707096431; 46147.4293847118; 40486.93; 6397.69
517; 0.327294421213594; 46747.8873986214; 41096.3; 6541.34
518; 0.323850681977115; 47167.6083470726; 41496.14; 6626.65
519; 0.318887034264918; 47575.0999090631; 41917.64; 6705.56
520; 0.314737328066166; 48208.9035675347; 42548.12; 6790.4
521; 0.310341039769594; 48650.0877211861; 42977.56; 6893.52
522; 0.304318116317737; 49028.2848871395; 43423.9; 6938.08
523; 0.301419047437896; 49678.5324657106; 44015.23; 7071.04
524; 0.298457845382473; 50142.9550205795; 44459.88; 7158.61
525; 0.29631256829945; 50533.739085953; 44853.54; 7199.39
526; 0.290933985210792; 51049.7257275608; 45445.09; 7227.5
527; 0.289117065818126; 51409.5661512184; 45749.02; 7338.26
528; 0.286123342940109; 51731.2996490839; 46051.59; 7432.64
529; 0.281847963741849; 51936.1501116441; 46325.08; 7446.85
530; 0.275535317154889; 52219.923795798; 46663.24; 7536.36
531; 0.271410441004958; 52371.8226673892; 46895.43; 7533.44
532; 0.270603384308348; 52560.3962395304; 47103.5; 7522.1
533; 0.267102251372175; 52767.9623764501; 47350.71; 7558.38
534; 0.265565878185648; 52896.9355816265; 47499.48; 7567.35
535; 0.263324725750117; 53043.9092598938; 47665.71; 7596.56
536; 0.257954962783846; 53252.0325608357; 47956; 7628.39
537; 0.256022100997645; 53437.5750614185; 48154.07; 7659.54
538; 0.254829436943159; 53609.6396652401; 48333.48; 7676.39
539; 0.253565851595174; 53885.4313332672; 48638.4; 7664.33
540; 0.252438262825477; 54060.8527797696; 48781.81; 7737.72
541; 0.247776531750167; 54228.9759987586; 49000.63; 7801.09
542; 0.242998661285398; 54459.6426001922; 49330.89; 7796.44
543; 0.239292620088062; 54621.2918964426; 49574.67; 7784.29
544; 0.237319576481973; 54816.4167394062; 49814.41; 7773.5
545; 0.23586057368024; 55155.7489218778; 50138.07; 7839.71
546; 0.231863970353495; 55395.2868029791; 50409.36; 7917.92
547; 0.228805952541091; 55610.8075678968; 50662.12; 7956.91
548; 0.222095705145572; 55995.05420711; 51154.89; 8010.79
549; 0.219394664294644; 56239.6008717944; 51448.39; 8020.41
550; 0.216335070555982; 56534.8343946433; 51787.69; 8052.21
551; 0.217250468827297; 56906.0851325939; 52108.28; 8096.98
552; 0.215521059643445; 57326.8814286616; 52532.52; 8149.17
553; 0.208387657797387; 57487.7954717325; 52882.77; 8088.61
554; 0.207522646287365; 57746.0849456443; 53142.48; 8112.9
555; 0.202355514597012; 58150.7085128918; 53645.5; 8135.28
556; 0.201711157429056; 58456.566441453; 53968.23; 8123.54
557; 0.199707395076072; 58740.0459176257; 54277.78; 8150.4
558; 0.199916312353268; 59237.7645446751; 54687.44; 8295.43
559; 0.196706242652822; 59557.9808527534; 55059.41; 8327.75
560; 0.194965868223437; 59941.8916966997; 55464.5; 8355.33
561; 0.190878525434877; 60624.8946693391; 56171.38; 8481.63
562; 0.188469346451263; 61147.5811772871; 56732.23; 8509.08
563; 0.18691980934911; 61681.3569214659; 57284.76; 8536.23
564; 0.177848766289119; 62390.2983547814; 58131.67; 8683
565; 0.172930335698853; 62886.1794980498; 58723.39; 8722.57
566; 0.168563646088317; 63316.7273553173; 59260.3; 8713.46
567; 0.161883136425204; 63891.1166929437; 59968.19; 8768.43
568; 0.156764196206125; 64132.3654446437; 60312.67; 8810.43
569; 0.157269590566886; 64381.4285152445; 60536.87; 8832.97
570; 0.156745426198564; 64495.066100023; 60654.49; 8847
571; 0.154121636218956; 64424.2144447701; 60645.86; 8845.03
572; 0.152182120492839; 64309.0536495678; 60593.21; 8802.53
573; 0.151240376521107; 64041.9611056149; 60388.41; 8701.9
574; 0.151261620129095; 63845.6659284486; 60192.1; 8693.52
575; 0.150016972292325; 63489.0744791833; 59917.07; 8563.1
576; 0.148612489660048; 63280.2875287412; 59761.86; 8507.77
577; 0.145375093475792; 63053.4974404461; 59641.09; 8428.61
578; 0.142301960119631; 62735.8757768354; 59423.5; 8351.72
579; 0.141434535240223; 62582.8495835283; 59274.96; 8385.25
580; 0.141591025390885; 62444.3894429138; 59125.77; 8396.82
581; 0.1433057036649; 62289.402244554; 58924.46; 8406.26
582; 0.141505886632662; 62145.8191083903; 58842.88; 8350.45
583; 0.140195975380109; 62045.712939139; 58773.45; 8344.55
584; 0.141850317729141; 61944.3261953746; 58634.76; 8335.83
585; 0.142150185083833; 61869.93840131; 58543.05; 8356.35
586; 0.138351214645366; 61747.930363047; 58471.96; 8448.9
587; 0.136425643995403; 61598.2732836439; 58404.36; 8348.32
588; 0.133530565216806; 61474.3409514259; 58360.19; 8311.12
589; 0.131584846725475; 61385.6654805619; 58331.89; 8265.55
590; 0.12524893340131; 61244.7296328181; 58337.01; 8263.17
591; 0.124101017147243; 61167.1860974538; 58293.38; 8237.16
592; 0.124194410540027; 61175.9101182019; 58296.42; 8242.06
593; 0.122980314365653; 61210.5503549002; 58354.29; 8251.08
594; 0.12240600439939; 61281.9783131648; 58474.67; 8142.58
595; 0.123529780720957; 61539.7061150649; 58691.02; 8182.26
596; 0.12335336996825; 61759.639132501; 58910.07; 8191.32
597; 0.121701167206027; 61987.7836439951; 59148.04; 8268.66
598; 0.121648839134668; 62525.666803859; 59669.64; 8314.38
599; 0.120078475210731; 62960.3495802701; 60111.73; 8395.94
600; 0.118418037434988; 63438.4597463987; 60597.36; 8485.8
601; 0.118741236900184; 64301.0802273744; 61431.73; 8541.42
602; 0.117381130063768; 64921.2934292777; 62030.86; 8698.58
603; 0.114887628985355; 65512.7553216455; 62682.2; 8697.72
604; 0.115927676868348; 66424.0986198266; 63509.51; 8869.93
605; 0.116865780084192; 67010.518542815; 64042.25; 8955.31
606; 0.117593464072377; 67589.0989287876; 64550.97; 9103.79
607; 0.119914802296546; 68276.7495850349; 65111.84; 9294.41
608; 0.120704989618919; 68647.8690237483; 65429.29; 9384.39
609; 0.119341361496904; 69038.6195038253; 65822.24; 9479.31
610; 0.120734621050797; 69211.9689263857; 65955.41; 9481.14
611; 0.12113851134368; 69316.0887960613; 66022.08; 9552.58
612; 0.120260574406311; 69295.1833639047; 66019.65; 9562.45
613; 0.118850924009926; 69249.3025626044; 66016.95; 9542.42
614; 0.116141595101045; 69024.321617621; 65905.75; 9415.73
615; 0.112967556334628; 68571.3789979254; 65585.75; 9262.15
616; 0.110607505371021; 68216.6246535289; 65316.88; 9181.97
617; 0.107881581877974; 67571.4266801633; 64768.34; 9095.05
618; 0.106783232895683; 67133.6848890145; 64373.64; 9042.15
619; 0.106601168422945; 66719.0340221757; 63985.54; 8965.65
620; 0.104785569786429; 66082.4789765441; 63448.32; 8784.82
621; 0.106821679724707; 65672.4942377757; 63011.38; 8701.12
622; 0.111481191529006; 65370.6032389649; 62594.57; 8693.06
623; 0.115469808267242; 64909.9114060181; 62070.14; 8581.34
624; 0.116178690227024; 64569.0776819271; 61741.91; 8487.03
625; 0.118836800913221; 64097.5230730355; 61215.67; 8453.6
626; 0.120417595992305; 63806.952302799; 60906.9; 8391.25
627; 0.124050994795629; 63528.1309929415; 60552.71; 8353.36
628; 0.129260517604849; 63102.7807637658; 59996.17; 8366.11
629; 0.127890606868596; 62779.6213317881; 59718.79; 8327.32
630; 0.125841010450088; 62460.7684955443; 59494.05; 8198.99
631; 0.123262816643186; 61997.9912409933; 59130.04; 8088.35
632; 0.124657022493771; 61771.9649979995; 58876.05; 8072.41
633; 0.127078888483222; 61448.733734453; 58511.89; 8027.04
634; 0.127362171891203; 61239.7215688956; 58308.74; 7989.54
635; 0.124606765851187; 60980.1653104919; 58140.12; 7908.54
636; 0.122187883065426; 60691.227957538; 57915.51; 7878.13
637; 0.123112752278853; 60507.2433718854; 57722.82; 7838.74
638; 0.123545175554172; 60307.1179196253; 57474.46; 7941.82
639; 0.125912650491103; 60077.0882859816; 57165.91; 8003.89
640; 0.125437262882257; 59909.0283454991; 57008.09; 8001.12
641; 0.125393649351587; 59632.942202217; 56758.58; 7926.46
642; 0.1271382121568; 59450.590174131; 56539.98; 7912.17
643; 0.130241015251602; 59350.8369914831; 56371.02; 7903.44
644; 0.131949627918125; 59103.1512025806; 56100.39; 7857.3
645; 0.131272272387825; 58937.7109337689; 55952.09; 7849.35
646; 0.13325707289956; 58745.13235942; 55757.04; 7735.25
647; 0.135489735778877; 58621.7366479422; 55605.78; 7675.61
648; 0.139481373038859; 58509.6389921929; 55421.19; 7632.06
649; 0.144931063206604; 58427.5879851518; 55233.83; 7592.22
650; 0.148137886206744; 58376.5723390375; 55116.84; 7578
651; 0.151245245875581; 58275.3062155916; 54970.38; 7521.71
652; 0.153618086718453; 58184.0824250319; 54836.02; 7498.47
653; 0.159491960645974; 58160.0426912835; 54697.14; 7466.34
654; 0.163630184819; 58079.3774960477; 54559.48; 7393.84
655; 0.162461085763478; 57961.2400762648; 54465.02; 7393.93
656; 0.163168344664659; 57813.4435177998; 54312.69; 7368.41
657; 0.161888840974312; 57711.9117920421; 54258.2; 7324.28
658; 0.160761649706886; 57582.0458235056; 54165.73; 7293.21
659; 0.158851522360336; 57435.3604182706; 54053.82; 7302.78
660; 0.158106715761471; 57326.5046692421; 53974.86; 7269.33
661; 0.158297494435686; 57187.1217211691; 53820.55; 7288.84
662; 0.158361767384843; 57091.1728153018; 53704.12; 7326.33
663; 0.160857710017738; 57064.534277392; 53597.59; 7378.87
664; 0.15831564055074; 56901.7494522267; 53483.1; 7388.78
665; 0.159430609854749; 56768.3522834976; 53326.55; 7383.97
666; 0.162378728678824; 56643.8964266971; 53150.66; 7355.43
667; 0.164609480246866; 56527.3560061195; 52998.89; 7326.55
668; 0.167834525361095; 56445.0097594378; 52847.85; 7323.5
669; 0.169122405372248; 56261.2423677621; 52664.94; 7263.21
670; 0.171397109952505; 56183.7520321621; 52553.29; 7232.11
671; 0.173261227984755; 55999.0389688591; 52404.63; 7079.27
672; 0.17289734378087; 55869.2293425548; 52310.27; 7020.25
673; 0.174760777297969; 55753.8710808621; 52154.03; 7021.01
674; 0.17792356486129; 55556.120200849; 51884.46; 7029.82
675; 0.18087875984046; 55413.2886412824; 51726.62; 6940.14
676; 0.177865678097377; 55103.715461962; 51487.64; 6919.48
677; 0.180418520067647; 54909.9135792811; 51264.41; 6874.84
678; 0.184489530961706; 54543.1926597902; 50861.27; 6787.88
679; 0.18519620072026; 54293.0886792342; 50607.72; 6765.89
680; 0.190808605335615; 54110.369986425; 50288.84; 6807.27
681; 0.190835749360059; 53715.0537374205; 49879.04; 6829.65
682; 0.191652409372614; 53444.2432086806; 49603.29; 6806.66
683; 0.192133041479763; 53067.1318709337; 49190.55; 6849.95
684; 0.198191029325045; 52889.5974127757; 48851.84; 6914.18
685; 0.198538062292544; 52520.0862183282; 48496.41; 6875.35
686; 0.197341154512844; 52255.0398444728; 48259.88; 6865.56
687; 0.198342520160072; 52016.8782873126; 48015.34; 6839.14
688; 0.197786362576155; 51592.4188310144; 47660.66; 6736.35
689; 0.201232073549548; 51400.424712894; 47430.35; 6683.12
690; 0.202406612700339; 51069.0677892408; 47114.92; 6615.1
691; 0.203077058944416; 50812.9794360384; 46875.41; 6563.05
692; 0.203404542455811; 50555.2301688431; 46671.62; 6460.16
693; 0.207538210648925; 50213.8542159795; 46240.6; 6475.1
694; 0.211972418665149; 49997.1525418214; 45936.72; 6476.21
695; 0.214168347001668; 49606.4122750621; 45505.74; 6470.6
696; 0.216042886459551; 49368.3449945782; 45255.77; 6430.36
697; 0.216927750310578; 48927.2115395099; 44881.07; 6297.83
698; 0.21684588835415; 48644.040034075; 44617.46; 6267.1
699; 0.220232438400457; 48290.1563975349; 44279.79; 6143.47
700; 0.222980780943739; 48071.5264366604; 44098.54; 6008.83
701; 0.223026411921588; 47840.7713905314; 43886.31; 5977.78
702; 0.219359918580543; 47490.0093288493; 43667.22; 5873.37
703; 0.22534813104574; 47336.0260184169; 43450.12; 5809.93
704; 0.229662214211442; 47082.492539218; 43177.28; 5727.38
705; 0.229948992071361; 46852.5049904663; 42984.61; 5663.34
706; 0.231773073635024; 46584.9056293112; 42694.41; 5649.54
707; 0.231037866855997; 46383.3411422103; 42461.28; 5711.07
708; 0.230117590467052; 46136.8686759535; 42219.65; 5724.39
709; 0.227399928662029; 45760.334007443; 41899.34; 5707.57
710; 0.227814034309208; 45503.1807291624; 41648.14; 5686.33
711; 0.222547612748755; 45100.4431055441; 41364.18; 5640.34
712; 0.223259315210186; 44838.3462374103; 41116.32; 5599.74
713; 0.227093175300214; 44520.8552737057; 40762.56; 5557.66
714; 0.228687056413235; 44223.6835791765; 40520.22; 5437.41
715; 0.232345879827082; 43868.2228974645; 40202.88; 5294.92
716; 0.236078430400742; 43609.7939759994; 39932.78; 5226.2
717; 0.23754210760826; 43274.8551277141; 39629.07; 5147.84
718; 0.236221464453136; 42728.5989907536; 39183.73; 5031.33
719; 0.240446084726605; 42374.6431746026; 38793.68; 4991.12
720; 0.24291804253522; 41842.7951485843; 38280.05; 4913.24
721; 0.238238912706783; 41479.557603777; 37997.72; 4894.17
722; 0.238378940927644; 40927.5724784232; 37461.34; 4867.58
723; 0.238503470684454; 40548.8725373912; 37089.11; 4854.17
724; 0.237023832773388; 40047.4698523938; 36612.24; 4848.05
725; 0.239376346755949; 39832.9363241505; 36385.09; 4816.26
726; 0.240199794037438; 39589.849053635; 36131.54; 4812.54
727; 0.237051452958811; 39455.0664456893; 36040.6; 4812.86
728; 0.236278236840499; 39323.0147504805; 35923.5; 4805.84
729; 0.240649979792082; 39245.7962825979; 35794.86; 4788.58
730; 0.23867758531539; 39190.3249557796; 35804.98; 4735.07
731; 0.237198586210235; 39215.4449434403; 35898.6; 4667.75
732; 0.241330355584284; 39295.539902691; 35931.8; 4652.12
733; 0.244395934023881; 39348.8589623199; 35937.66; 4658
734; 0.24609128481818; 39356.8716801021; 35940.73; 4632.18
735; 0.245628129741208; 39324.8563432169; 35910.34; 4637.56
736; 0.246912382949447; 39293.9772287916; 35853.79; 4646.83
737; 0.245441253519122; 39229.6225911624; 35763.82; 4707.89
738; 0.247111329691115; 39172.5833132121; 35686.23; 4702.2
739; 0.249164658554854; 39074.0925988595; 35566.35; 4690.32
740; 0.247489766672424; 38985.3209177424; 35518.53; 4665.2
741; 0.24961354149406; 38967.3877214013; 35438.57; 4706.66
742; 0.252815461096859; 38973.4112017812; 35376.98; 4734.62
743; 0.260494645828893; 39099.5583172848; 35384.87; 4744.52
744; 0.262311990995753; 39284.0002367417; 35557.26; 4725.32
745; 0.260135806432627; 39416.576947394; 35711.59; 4735.27
746; 0.262902285186332; 39705.9049808298; 35904.99; 4804.96
747; 0.264937378814958; 39921.5005854324; 36064.38; 4836.75
748; 0.268625604304732; 40182.1622815605; 36277.22; 4827.83
749; 0.268460882309115; 40270.9319189108; 36375.65; 4817.49
750; 0.271378052528545; 40288.2854444462; 36374; 4787.76
751; 0.269283598410258; 40168.2890579083; 36336.55; 4723.1
752; 0.272418215421934; 39931.04809154; 36099.96; 4667.67
753; 0.26939045061516; 39619.4933190068; 35843.88; 4651.64
754; 0.263970650813954; 39027.3002698261; 35400.69; 4559.52
755; 0.262401772801885; 38611.3143258206; 35033.68; 4523.71
756; 0.257915088381426; 37922.1523215731; 34423.24; 4499.87
757; 0.253067883709004; 37446.6144299618; 34033.43; 4471.88
758; 0.255203236302589; 36855.3205389135; 33441.09; 4434.02
759; 0.255262940695053; 36465.6806517638; 33053.61; 4428.1
760; 0.257301624153672; 36092.4457202363; 32681.41; 4389.62
761; 0.264480543338851; 35570.4576330466; 32094.24; 4350.03
762; 0.265134279218846; 35227.3964083513; 31738.87; 4352.62
763; 0.265085890713298; 34681.3334518412; 31268.89; 4256.73
764; 0.264385304672997; 34319.6807452883; 30955.78; 4205.71
765; 0.263726584635958; 33822.0078533979; 30523.94; 4133.31
766; 0.260680606164411; 33494.1090121065; 30282.24; 4071.93
767; 0.26234271122206; 32999.0271190811; 29889.65; 3917.14
768; 0.258914825406211; 32679.2309943464; 29645; 3873.2
769; 0.254885429107414; 32204.744381479; 29266.15; 3810.18
770; 0.253311092704871; 31922.0083456624; 29018.85; 3787.39
771; 0.2541651866795; 31585.7847536777; 28680.35; 3776.08
772; 0.258794881799789; 31377.7114271342; 28446.72; 3739.62
773; 0.262739666897528; 31008.9220572434; 28058.77; 3705.92
774; 0.2652417909612; 30796.074330159; 27829.59; 3689.54
775; 0.270576410576242; 30483.6701055273; 27439.76; 3709.91
776; 0.274486933915998; 30270.0453906198; 27237.96; 3641.47
777; 0.279631829835685; 29997.1412716555; 26913.56; 3634.26
778; 0.281465355300371; 29785.8361135557; 26715.7; 3593.82
779; 0.283039752869672; 29444.8112464409; 26401.43; 3541.9
780; 0.27908153659094; 29219.0983572388; 26209.45; 3551.42
781; 0.28033834416586; 28969.8882632579; 25959.69; 3535.36
782; 0.279033077142611; 28770.9290602606; 25778.2; 3530.39
783; 0.281971073169183; 28459.9834776387; 25494.21; 3461.37
784; 0.283867981721572; 28279.5380810831; 25318.31; 3432.1
785; 0.285542351136143; 27994.9361561628; 25049.77; 3392.5
786; 0.283761785622027; 27812.4999717858; 24888.1; 3388.75
787; 0.287690863712116; 27560.3689007695; 24582.52; 3402.48
788; 0.289669007719321; 27398.0950859894; 24429.24; 3367.97
789; 0.288048230486187; 27076.2595191647; 24166.33; 3318.75
790; 0.284127704265559; 26859.9941500277; 23986.74; 3321.19
791; 0.278079409616805; 26570.3688748191; 23719.03; 3366.69
792; 0.277168086660776; 26387.2262283178; 23546.07; 3364.95
793; 0.279411781555602; 26093.1978301974; 23263.87; 3323.4
794; 0.280291462316001; 25919.7284949031; 23096.99; 3304.73
795; 0.284124890193112; 25647.1251519321; 22857.12; 3222.13
796; 0.285170161795634; 25400.3904784001; 22628.84; 3188.88
797; 0.28580944679638; 25208.0506998209; 22457.2; 3157.88
798; 0.290342710253512; 24955.8653754142; 22251.53; 3055.91
799; 0.292478385485718; 24804.0420293277; 22129.09; 3000.25
800; 0.291370922337149; 24591.7574879798; 21918.26; 3009.63
801; 0.293246851496431; 24418.2266537523; 21741.23; 2993.24
802; 0.295577136515679; 24218.1117808315; 21479.09; 3037.38
803; 0.294679412451883; 24058.2563091144; 21336.34; 3026.35
804; 0.296396842064561; 23856.0925763425; 21187.49; 2948.75
805; 0.302044788244408; 23735.4565084351; 21034.56; 2927.88
806; 0.303018014500199; 23514.9975159665; 20836.79; 2893.22
807; 0.305931156448531; 23391.1761881358; 20715.72; 2862.27
808; 0.310998392125578; 23194.3194724807; 20539.9; 2792.96
809; 0.311657136043797; 23053.8225443997; 20424.64; 2760.03
810; 0.317431543408537; 22840.6003703638; 20224.7; 2695.53
811; 0.313681928343223; 22688.4453742939; 20091.86; 2706.83
812; 0.313664171264636; 22465.1826084122; 19884.31; 2689.74
813; 0.311689801219223; 22337.2065657545; 19793.26; 2667.28
814; 0.310343561918779; 22139.3408009014; 19615.6; 2656.72
815; 0.310874381318041; 21993.2951528515; 19510.51; 2608.64
816; 0.30455647077758; 21770.7091656086; 19316.71; 2631.29
817; 0.303947341638429; 21618.3328337136; 19151.29; 2650.15
818; 0.307121219082418; 21488.9416248248; 19034.43; 2609.02
819; 0.31203117659033; 21286.944198754; 18814.23; 2586.51
820; 0.315223493519389; 21166.0659292735; 18689.96; 2563.25
821; 0.316585546890939; 20964.2306136642; 18518.27; 2520.42
822; 0.319983226124057; 20852.1867888104; 18404.2; 2495
823; 0.326683569020096; 20709.0894440557; 18260.87; 2443.43
824; 0.327097606496381; 20575.8227459887; 18158.8; 2408.62
825; 0.327913995784462; 20407.0075347657; 18009.86; 2382.79
826; 0.323192668754834; 20270.0782625599; 17931.53; 2358.5
827; 0.319991531097196; 20124.3629162082; 17798.05; 2369.86
828; 0.318757682920173; 20006.0660406969; 17684; 2374.92
829; 0.316796548826885; 19822.4101067819; 17555.02; 2333.13
830; 0.307376391189496; 19635.0464138393; 17403.79; 2366.16
831; 0.306538400099476; 19519.0681073822; 17305.83; 2352.33
832; 0.301145595563522; 19328.5064047569; 17198.16; 2303.66
833; 0.307687147622549; 19257.7982145125; 17119.37; 2262.14
834; 0.304073034778042; 19102.5590174872; 17011.62; 2237.18
835; 0.303081810568879; 18983.3702676554; 16937.08; 2196
836; 0.312015219958586; 18865.8467712421; 16817.17; 2135.06
837; 0.313080634212596; 18773.0949660803; 16729.78; 2122.5
838; 0.316701115343103; 18630.7125226641; 16579.8; 2106.31
839; 0.328546160858059; 18505.9820712198; 16431.87; 2054.8
840; 0.323358403739907; 18416.0432768344; 16338.43; 2091.29
841; 0.322438842728805; 18260.1667431153; 16176.85; 2105.39
842; 0.321389484401174; 18175.3010648439; 16100.15; 2103.51
843; 0.316364781061939; 18014.5483400289; 15963.29; 2111.77
844; 0.315459366473557; 17907.3442342634; 15892.03; 2080.25
845; 0.319895124823591; 17756.3905502947; 15721.29; 2071.01
846; 0.317631074386692; 17671.7607590025; 15640.73; 2081.13
847; 0.314936107268341; 17521.9096891269; 15512.12; 2076.45
848; 0.315324026536141; 17381.1942370405; 15379; 2065.59
849; 0.322631214209775; 17292.8867217278; 15291.55; 2017.42
850; 0.327612419191144; 17112.8535751426; 15122.34; 1975.49
851; 0.329726154863407; 17020.5448793485; 15033.42; 1959.04
852; 0.327223085044954; 16844.8815602253; 14892.72; 1938.79
853; 0.324090518445022; 16713.8076257522; 14821.77; 1896.81
854; 0.325609400751059; 16534.5377349602; 14666.47; 1863.56
855; 0.333209995378988; 16344.3943400001; 14480.87; 1816.21
856; 0.324600300777724; 16220.1888405016; 14373.72; 1846.96
857; 0.329112098348122; 16063.0373383665; 14195.76; 1841.75
858; 0.321994293015031; 15931.9068081124; 14085.44; 1861.12
859; 0.318139380832066; 15733.3801954434; 13917.36; 1852.25
860; 0.319362739851067; 15606.2436767813; 13810.98; 1823.65
861; 0.318983116067607; 15438.1545181242; 13662.8; 1805.22
862; 0.311471557375929; 15247.9188251023; 13537.19; 1781.11
863; 0.314410778329098; 15135.5512620091; 13438.2; 1750.32
864; 0.311793976645022; 14919.6908341615; 13288.14; 1696.2
865; 0.305831103749063; 14763.9894567352; 13208.2; 1648.65
866; 0.305687485069385; 14570.1758152695; 13052.04; 1609.19
867; 0.307099986661806; 14323.7767924426; 12842.9; 1562.12
868; 0.308022368144987; 14160.174853565; 12685.62; 1550.49
869; 0.309673361193758; 13903.9650541529; 12452.22; 1518.07
870; 0.317334804580265; 13744.2355182555; 12312.23; 1460.99
871; 0.326112789324467; 13479.9747572799; 12058.87; 1410.52
872; 0.335175083023643; 13321.163056322; 11877.36; 1394.03
873; 0.339597986744523; 13064.7856630615; 11599.66; 1395.92
874; 0.341675265477401; 12825.2258874843; 11341.58; 1404.65
875; 0.339789731535908; 12651.0862157627; 11199.45; 1381.7
876; 0.339849381371825; 12418.9099229404; 10955.32; 1392.56
877; 0.336379529801396; 12237.350912066; 10806.42; 1375.26
878; 0.327944581534087; 11982.5468785829; 10606.06; 1356.65
879; 0.322893199367954; 11796.346619222; 10447.83; 1349.61
880; 0.325267118845496; 11692.5566738409; 10366.94; 1316.75
881; 0.321898623240928; 11535.0528036561; 10243.98; 1295.56
882; 0.323119492059617; 11453.0873851717; 10190.2; 1262.24
883; 0.317117464261425; 11333.9785877719; 10089.13; 1267.51
884; 0.317650961909765; 11246.5004839077; 9988.4; 1278.6
885; 0.326550818297809; 11217.1625251009; 9913.56; 1288.44
886; 0.332113617795962; 11156.0976088017; 9804.76; 1312.99
887; 0.33034857809703; 11105.3482744005; 9763.04; 1310.97
888; 0.342527178608725; 11062.3737846644; 9696.05; 1286.81
889; 0.354436570051103; 11018.5400420573; 9644.06; 1250.79
890; 0.35787470622959; 10995.2204055039; 9630.85; 1229.46
891; 0.366660945046152; 10969.8762017777; 9604.7; 1200.51
892; 0.356867790165054; 10956.760758249; 9632.5; 1196.29
893; 0.348054295918276; 10967.0926616544; 9695.44; 1177.7
894; 0.34899968440786; 11058.8589691634; 9773.06; 1187.38
895; 0.348045152204489; 11143.0590264173; 9825.7; 1219.66
896; 0.347866827088825; 11293.3708816172; 9951.28; 1242.99
897; 0.341396950417942; 11395.8017718606; 10040.59; 1278.76
898; 0.342156137117831; 11599.9440920052; 10233.74; 1286.06
899; 0.352429505606192; 11848.0814509479; 10407.18; 1316.62
900; 0.351413089755757; 11977.4415949922; 10519.34; 1335.97
901; 0.347885004808821; 12108.3954530167; 10674.23; 1327.19
902; 0.337733986009308; 12188.9272653957; 10803.41; 1320.49
903; 0.329980123725995; 12220.6456635665; 10845.48; 1341.2
904; 0.326866374341005; 12256.7740124931; 10871.89; 1363.32
905; 0.323547064278349; 12229.8017451138; 10842.71; 1379.32
906; 0.320673564323936; 12150.5893972316; 10775.52; 1379.39
907; 0.328963246299702; 12030.5494259776; 10665.88; 1334.24
908; 0.335219754707251; 11921.4043114772; 10561.98; 1304.09
909; 0.35069983909795; 11715.0179621114; 10342.42; 1258.44
910; 0.348581120435848; 11437.4192280151; 10084.23; 1247.98
911; 0.359498589170713; 11222.4519128024; 9884.34; 1196.4
912; 0.371081605945011; 10853.9564295904; 9558.26; 1122.13
913; 0.371813327018929; 10559.478085435; 9303; 1085.88
914; 0.36361515418963; 10120.9466490628; 8920.23; 1060.91
915; 0.351925805188893; 9700.79246185623; 8545.32; 1054.67
916; 0.342665515791189; 9432.06352864852; 8311.13; 1050.62
917; 0.34057166963035; 9021.66899527319; 7972.82; 988.97
918; 0.3323783387645; 8643.35277580495; 7671.41; 938.89
919; 0.326524202339129; 8412.00884993083; 7486.3; 910.14
920; 0.3305693480137; 8112.65413820562; 7193.89; 892.14
921; 0.32992912501006; 7806.91233557068; 6920.81; 861.98
922; 0.323997876728796; 7597.92522299505; 6748.05; 841.79
923; 0.320901637043752; 7280.73008796467; 6496.05; 784.61
924; 0.318179581765348; 7090.76144062184; 6335.94; 761.11
925; 0.31259106258668; 6796.82905778768; 6077.93; 737.75
926; 0.31597969952551; 6530.50691199768; 5815.14; 726.18
927; 0.303379624866162; 6341.80083984699; 5665.7; 714.73
928; 0.296963321107056; 6065.72226942925; 5437.06; 678.85
929; 0.304374610981978; 5796.05821711429; 5175.42; 653.78
930; 0.305923627634869; 5601.50116288334; 4999.79; 630.57
931; 0.312403148649247; 5300.35075643436; 4725.43; 589.92
932; 0.325572502729726; 4956.54354256175; 4403.79; 544.16
933; 0.318578977217585; 4681.33616978497; 4171.45; 512.91
934; 0.3241905471677; 4232.22166519237; 3774.84; 452.07
935; 0.33553233262774; 3767.3251045188; 3360.06; 388.89
936; 0.341225386420594; 3453.26575681061; 3086.68; 344.16
937; 0.339416147388397; 2969.67001328309; 2658.99; 293.19
938; 0.319116450192792; 2515.36148662663; 2252; 264.31
939; 0.309486999811884; 2251.14372561295; 2024.61; 234.4
940; 0.319778762666935; 1933.17214758556; 1733.22; 200.21
941; 0.329683241018858; 1701.67274816939; 1538.72; 158.24
942; 0.325407687692592; 1588.38970315291; 1438.65; 147.3
943; 0.333268138891295; 1470.98294987862; 1334.26; 131.31
944; 0.352592490570465; 1430.24954408808; 1289.05; 128.16
945; 0.339055342354189; 1423.56178672306; 1279.67; 135.8
946; 0.349947184473798; 1445.48393505461; 1299.75; 133.24
947; 0.373586613254955; 1500.15707547815; 1341.65; 135.73
948; 0.363237409934134; 1545.06626338378; 1372.3; 152.14
949; 0.352027579725357; 1624.01171475212; 1429.17; 177.02
950; 0.357308172262573; 1716.13669653576; 1522.48; 173.32
951; 0.343828770976138; 1773.11411117177; 1580.34; 179.27
952; 0.370960750660084; 1876.33278981834; 1680.01; 169.2
953; 0.337390686736986; 1965.7526052791; 1761.43; 193.59
954; 0.341156618717303; 2034.19511603887; 1813.87; 206.42
955; 0.338722902358625; 2134.24770759732; 1902.81; 218.36
956; 0.346628766321403; 2223.87780559593; 2005.39; 201.42
957; 0.342903332203314; 2285.01164315286; 2063.96; 205.97
958; 0.338736326470691; 2365.52426058272; 2131.01; 221.18
959; 0.350763491593678; 2448.07058177777; 2196.72; 228.9
960; 0.389743411156916; 2504.73562731784; 2252.42; 206.77
961; 0.345087453312851; 2555.27817566132; 2309.05; 227.87
962; 0.336048129416462; 2602.87309509488; 2346.14; 243.95
963; 0.346874886742173; 2638.39423169161; 2362.87; 253.6
964; 0.353252579448745; 2670.19214131167; 2387.56; 255.42
965; 0.334968881351803; 2702.12400450839; 2411.05; 277.37
966; 0.308912351491799; 2703.84871463739; 2422.73; 290.45
967; 0.294220832899279; 2705.83336694363; 2412.51; 318.15
968; 0.30349992662856; 2719.60802583822; 2424.46; 310.3
969; 0.305406576591506; 2713.11744338907; 2433.22; 292.4
970; 0.304506321352751; 2710.33799754019; 2425.52; 298.38
971; 0.299027493147856; 2701.06840501532; 2406.15; 314.58
972; 0.313609015069187; 2690.34252215494; 2389.96; 305.48
973; 0.323815856493059; 2691.79926577241; 2390.88; 296.34
974; 0.35288515575197; 2679.34926504261; 2376.55; 273.6
975; 0.365119374891335; 2669.94415189882; 2360.35; 270.33
976; 0.35121932036741; 2654.97280502822; 2346.14; 280.3
977; 0.336432068361574; 2628.46415619831; 2340.7; 272.63
978; 0.358287963886234; 2620.25149589715; 2312.92; 273.37
979; 0.347864465454994; 2586.57855276487; 2292.47; 269.42
980; 0.336723414229215; 2557.94534730891; 2271.21; 271.32
981; 0.313039705039475; 2518.42105225184; 2242.64; 280.66
982; 0.300403722084729; 2461.38338663785; 2202.63; 274.38
983; 0.314153452778778; 2439.48434694365; 2191.33; 251.59
984; 0.330526501078932; 2402.0683486313; 2150.38; 242.5
985; 0.307836339539659; 2340.75581122407; 2126.43; 221.7
986; 0.30133841958095; 2295.73127152224; 2089.99; 217.38
987; 0.306323894022309; 2272.62097954144; 2070.96; 209.58
988; 0.342326674927196; 2242.19637446205; 2031.15; 196.24
989; 0.374600419390331; 2216.80440214407; 2001.59; 182.85
990; 0.376631893122928; 2199.93124374235; 1964.58; 198.86
991; 0.368713460516634; 2156.8440153356; 1922.47; 202.26
992; 0.378465094950744; 2107.33871809339; 1892.5; 180.6
993; 0.376830912688477; 2065.40649142846; 1843.17; 187.61
994; 0.366429219000341; 2028.93118944344; 1823.97; 177.92
995; 0.324148993825885; 1971.27785139619; 1786.35; 181.45
996; 0.324677814910955; 1927.47040888397; 1743.39; 180.3
997; 0.278450177639937; 1862.04973878163; 1714.96; 167.97
998; 0.271161738228683; 1829.9202675091; 1691.86; 161.88
999; 0.28084070645897; 1801.91603503594; 1639.65; 183.68
1000; 0.285944636298264; 1766.56361957948; 1609.32; 174.8
1001; 0.293889310186931; 1742.54343588353; 1574.59; 181.64
1002; 0.328360576992768; 1716.51825978253; 1536.62; 174.11
1003; 0.302363184944154; 1672.4687013804; 1503.2; 177.89
1004; 0.316569833489886; 1629.97383437636; 1462.01; 168.58
1005; 0.336987780334638; 1611.13653135003; 1442.35; 159.12
1006; 0.30543107103652; 1554.19399464662; 1418.13; 141.51
1007; 0.284793304822438; 1509.0101800979; 1387.48; 135.54
1008; 0.258539397530086; 1469.4352393892; 1361.78; 132.24
1009; 0.246247407126788; 1435.72720378301; 1342.09; 120.75
1010; 0.242307751062905; 1396.660970666; 1308.87; 115.04
1011; 0.226476201616565; 1362.10846579866; 1283.94; 109.58
1012; 0.204686068791948; 1325.82233618253; 1251.78; 114.83
1013; 0.218090362492168; 1309.2115706229; 1226.98; 119.68
1014; 0.286676597766936; 1294.74778142284; 1191.45; 114.36
1015; 0.285791055744677; 1257.89858652558; 1162.48; 105.95
1016; 0.295131000806031; 1229.344871738; 1141.02; 94.96
1017; 0.28335507140934; 1203.59876760513; 1125.72; 87.2
1018; 0.289911521940781; 1182.26951102468; 1093.11; 97.56
1019; 0.329612055469587; 1152.74986936379; 1062.77; 86.59
1020; 0.343079012030665; 1120.00958830669; 1039.53; 74.4
1021; 0.272796848257985; 1088.62556780998; 1027.85; 70.65
1022; 0.28296200856102; 1060.83806396923; 1001.12; 66.92
1023; 0.284256351627836; 1038.41665393426; 969.14; 77.27
1024; 0.261711143350998; 1013.29108960171; 953.82; 72.04
1025; 0.307994244792848; 999.727013484465; 932.44; 69.25
1026; 0.257795748363063; 969.485069828194; 909.32; 73.97
1027; 0.203334694157919; 938.562937857513; 891.7; 73.04
1028; 0.17287252537703; 909.79001232555; 867.22; 78.03
1029; 0.166887127213616; 889.480165744727; 845.82; 82.89
1030; 0.149979205477896; 863.394390100828; 820.39; 90.84
1031; 0.196262655081041; 844.827102757098; 787.28; 92.88
1032; 0.202563872589987; 824.651456309364; 774.62; 78.23
1033; 0.25080529728881; 812.26557798356; 749.98; 78.65
1034; 0.271625274994167; 799.60450557797; 726; 85.81
1035; 0.291816607749713; 782.909320737723; 702.83; 86.89
1036; 0.264726751844856; 757.05164623935; 698.12; 70.48
1037; 0.287444075422069; 738.732430467368; 685.86; 58.23
1038; 0.235943160248484; 724.859327216068; 684.37; 54.32
1039; -0.82368093394262; 629.593356618481; 735.85; 40.83
1040; -0.0163674381568856; 714.1069243932; 710.26; -74.38
1041; -0.0120820749279494; 683.383109773874; 684.65; 33.18
