# 08/03/2019 16:18:44
# NanoCalc data
# Original file name: C:\SVA_DATA\StudentProjects\2018_Nathan\PSswelling_080319\PSswelling2_258.dat
# Fit Result : Fitness; Thickness 1; Thickness 2; Thickness 3 
# Fit Result : 0.483900745313503; 2; 342.4; -1
# comment:PS ID:349 ref:withoptics.ref slowslow2 start 15:37
#
# WaveLength; Reflectance; Raw Intensity; Dark Intensity; Reference Intensity
400; 0.402542187610035; 4478.94145125534; 3869.39; 734.26
401; 0.381567648635627; 4596.94269360503; 4006.64; 746.92
402; 0.369148165633472; 4689.69937101227; 4085.87; 786.28
403; 0.351988631301398; 4783.1518071887; 4170.5; 833.19
404; 0.349726400530485; 4889.47011712157; 4276.9; 834.94
405; 0.32103921542188; 5011.79501835711; 4420.61; 874.39
406; 0.317620748878145; 5119.98625988568; 4512.32; 904.88
407; 0.312123599016199; 5227.72092693897; 4618.2; 920
408; 0.298740157288425; 5322.3613351242; 4719.05; 947.65
409; 0.285179060131784; 5412.51559646733; 4825.46; 962.39
410; 0.277955222221648; 5549.01901989178; 4957.25; 991.61
411; 0.275069290955018; 5639.14123858733; 5054.41; 986.6
412; 0.279723125314435; 5726.39659667284; 5122.07; 999.14
413; 0.266092274206144; 5785.85223414865; 5198.54; 1017.35
414; 0.264058291566551; 5921.03637927059; 5328.84; 1030.24
415; 0.260933190416583; 6006.70743994031; 5407.41; 1051.61
416; 0.265443472156598; 6092.96160433059; 5484.24; 1046.5
417; 0.264117482657752; 6172.32347215135; 5557.11; 1059.45
418; 0.24889297549118; 6285.17956496041; 5686.9; 1089.66
419; 0.242862578826156; 6364.340751623; 5778.65; 1089.96
420; 0.239902172793466; 6463.32157897108; 5873.63; 1107.63
421; 0.226697372394041; 6567.29170079619; 5999.37; 1125.58
422; 0.221174607570886; 6726.23121842433; 6161.07; 1144.72
423; 0.210969200238527; 6830.56536046513; 6283.37; 1158.5
424; 0.196454977531134; 6934.15999383786; 6410.67; 1186.66
425; 0.18633615969976; 7067.78406752643; 6557.12; 1217.13
426; 0.178820693571663; 7267.0042999003; 6756.41; 1264.66
427; 0.179760980131263; 7425.74891221208; 6894.52; 1305.3
428; 0.174676803192867; 7564.67033228096; 7042.42; 1316.97
429; 0.167354810107606; 7686.25282069524; 7172.4; 1349.15
430; 0.171009584250841; 7899.03435497081; 7362.29; 1375.69
431; 0.16840100286207; 8041.21409121898; 7500.15; 1404.78
432; 0.168986236317681; 8157.22231596464; 7593.7; 1454.39
433; 0.168147004385136; 8261.0190700451; 7693.05; 1469.65
434; 0.16976919847095; 8432.134437019; 7850.92; 1485.96
435; 0.165480518176655; 8522.87186884876; 7946.36; 1508.87
436; 0.16873239256701; 8621.2983229693; 8021.43; 1536.4
437; 0.165287259514212; 8715.761510383; 8119.95; 1554.23
438; 0.165160387724629; 8890.53034342218; 8283.29; 1581.59
439; 0.167785619226243; 8981.83118619965; 8354.04; 1605.86
440; 0.16976304481685; 9092.39717967326; 8452.56; 1613.9
441; 0.173946062768532; 9209.66679086871; 8550.95; 1617.96
442; 0.181848501151301; 9399.61778535849; 8688.97; 1665.9
443; 0.184907773077974; 9523.40881941665; 8792.56; 1681.21
444; 0.185156563855555; 9678.29664788671; 8949.24; 1671.17
445; 0.1814210116482; 9801.38521174034; 9085.03; 1672.09
446; 0.183255818132616; 10006.3751981032; 9265.24; 1708.7
447; 0.182448395137334; 10197.0954995628; 9440.26; 1748.86
448; 0.181843170433758; 10385.2732172103; 9630.23; 1746.72
449; 0.183719381014981; 10679.2953275369; 9885.28; 1814.28
450; 0.181249309135822; 10871.6389042344; 10081.11; 1827.01
451; 0.182793195392361; 11070.0251093381; 10255.69; 1862.38
452; 0.185766400280187; 11277.4361747402; 10424.07; 1916.49
453; 0.192864390396035; 11652.4771314612; 10737.48; 1975.37
454; 0.193633395607676; 11904.6751380302; 10963; 2020.88
455; 0.195561467668144; 12127.4385388944; 11156.94; 2058.18
456; 0.200266902967719; 12384.1708382303; 11369.12; 2098.01
457; 0.201286751828776; 12773.0870780694; 11721.72; 2157.98
458; 0.205457071383808; 13062.5970260527; 11971.21; 2190.45
459; 0.209074617990759; 13332.3219608984; 12197.34; 2234.36
460; 0.215478361004647; 13629.2121245999; 12451.85; 2244.7
461; 0.222984897831278; 14029.5201503505; 12770.64; 2315.01
462; 0.223400033307402; 14266.0009147855; 12991.06; 2335.82
463; 0.229641747035812; 14519.9596714294; 13180.57; 2382.87
464; 0.238855470258633; 14948.1869867435; 13511.27; 2453.29
465; 0.243980190726485; 15228.7651503646; 13729.67; 2501.36
466; 0.246523730089527; 15517.7886128422; 13965.54; 2558.83
467; 0.249478710993942; 15794.6236811533; 14207.98; 2580.21
468; 0.251663838652235; 16354.8981963731; 14678.16; 2698.49
469; 0.259400572467802; 16754.6353005059; 14993.1; 2745.87
470; 0.259061740573145; 17117.5905020262; 15322.49; 2797.27
471; 0.265160786464688; 17585.873570127; 15732.43; 2817.13
472; 0.2724025745379; 18327.9665314769; 16372.18; 2888.96
473; 0.275259258174965; 18853.102781522; 16816.37; 2972.52
474; 0.277781714327872; 19405.2197579388; 17311.54; 3023
475; 0.287482606550336; 20405.2488665184; 18143.65; 3150.22
476; 0.289912073950477; 21042.2638474586; 18682.99; 3253.44
477; 0.290480745772747; 21720.3211109697; 19269.42; 3367.82
478; 0.296041945395456; 22546.8578531156; 19967.43; 3472.23
479; 0.30572994094268; 23799.7860764746; 20949.15; 3709.93
480; 0.308240355174823; 24643.3995089116; 21691.29; 3804.75
481; 0.311439282223056; 25461.4531521335; 22361.32; 3948.55
482; 0.32227800683244; 26778.5451067153; 23416.42; 4131.99
483; 0.322522205234749; 27588.4700658523; 24128.61; 4242.65
484; 0.326363138352709; 28409.700353281; 24824.01; 4338.71
485; 0.329151080222784; 29234.3796511788; 25545.04; 4419.68
486; 0.330485480035716; 30370.481664047; 26517.16; 4590.47
487; 0.331092544241477; 31048.5840646217; 27144.88; 4634.96
488; 0.33276840273918; 31722.4647333697; 27734.19; 4704.39
489; 0.333862056367888; 32376.7042991142; 28301.4; 4784.45
490; 0.332434667561846; 33306.1725748197; 29129.5; 4917.45
491; 0.333733749556332; 33881.9550159844; 29620.01; 4991.8
492; 0.336964875929121; 34436.5613475483; 30076.82; 5050.77
493; 0.33812763447195; 35189.4907444182; 30727.18; 5145.3
494; 0.338733932272731; 35632.9994382417; 31131.56; 5174.67
495; 0.342592284954142; 36106.4246962883; 31508.11; 5219.97
496; 0.342548236725495; 36737.1295142232; 32056.49; 5307.57
497; 0.346705145966529; 37172.04109373; 32397.48; 5342.56
498; 0.35045302393014; 37579.8271803374; 32734.99; 5356.59
499; 0.349535163021889; 37999.4199380405; 33093.5; 5431.5
500; 0.355454275904425; 38603.1058726678; 33580.19; 5461.63
501; 0.359561048199914; 39018.2704276674; 33912.63; 5481.08
502; 0.366796393310839; 39487.93153726; 34262.4; 5491.88
503; 0.366258952916312; 40077.0066732784; 34758.54; 5590.61
504; 0.371156863689129; 40556.3306221731; 35092.98; 5659.87
505; 0.375825868930428; 41060.4594258176; 35469.61; 5713.19
506; 0.377088968785418; 41522.575183106; 35860.16; 5760.06
507; 0.383836120622394; 42245.421388563; 36434.09; 5800.95
508; 0.385785970423703; 42726.9099240156; 36816.82; 5862.95
509; 0.386614431418423; 43210.7514684182; 37220.5; 5923.17
510; 0.387777241837197; 43958.8725004694; 37815.45; 6049.54
511; 0.391765183002441; 44514.6003594874; 38193.07; 6154.56
512; 0.389520799382861; 44963.3861769521; 38664.27; 6161.05
513; 0.394382743884187; 45715.4878206303; 39275.75; 6213.99
514; 0.393572014662157; 46192.7116808151; 39688.32; 6282.11
515; 0.392816660463019; 46683.3173927105; 40099.69; 6363.71
516; 0.392072277706875; 47100.7697056234; 40486.93; 6397.69
517; 0.388691011190608; 47808.0588275929; 41096.3; 6541.34
518; 0.388350147725054; 48297.1618689589; 41496.14; 6626.65
519; 0.385134432979226; 48750.4126751336; 41917.64; 6705.56
520; 0.387761796281621; 49522.302623954; 42548.12; 6790.4
521; 0.384645320046318; 50008.2486978505; 42977.56; 6893.52
522; 0.383685395721789; 50489.9289936673; 43423.9; 6938.08
523; 0.384862578166898; 51246.3363498447; 44015.23; 7071.04
524; 0.383869394106097; 51769.3161517409; 44459.88; 7158.61
525; 0.384898152428446; 52231.890996572; 44853.54; 7199.39
526; 0.387410361530888; 52908.2743092861; 45445.09; 7227.5
527; 0.38952027271103; 53375.3338403009; 45749.02; 7338.26
528; 0.388427344550467; 53762.0917512433; 46051.59; 7432.64
529; 0.390636657368017; 54101.9311915802; 46325.08; 7446.85
530; 0.389477909809414; 54517.7887838231; 46663.24; 7536.36
531; 0.389636560365878; 54757.3338907772; 46895.43; 7533.44
532; 0.390421400981677; 54976.6058012987; 47103.5; 7522.1
533; 0.390625194599642; 55273.2013038926; 47350.71; 7558.38
534; 0.392461985502802; 55476.0173047945; 47499.48; 7567.35
535; 0.393493055577205; 55702.4944464669; 47665.71; 7596.56
536; 0.389552681120098; 55953.8445117246; 47956; 7628.39
537; 0.387012412175369; 56140.8103266843; 48154.07; 7659.54
538; 0.388237639732826; 56371.8126190971; 48333.48; 7676.39
539; 0.391560956353242; 56740.9603169533; 48638.4; 7664.33
540; 0.390604522895188; 56950.2150716224; 48781.81; 7737.72
541; 0.389260325999829; 57214.4331941167; 49000.63; 7801.09
542; 0.388533651088514; 57531.3177831885; 49330.89; 7796.44
543; 0.386960203963323; 57735.5645468294; 49574.67; 7784.29
544; 0.387386186867385; 57979.3846143497; 49814.41; 7773.5
545; 0.387948594420454; 58391.2572734044; 50138.07; 7839.71
546; 0.384217571476147; 58671.4486931154; 50409.36; 7917.92
547; 0.384160160200894; 58970.8575470531; 50662.12; 7956.91
548; 0.379042237146721; 59415.41294896; 51154.89; 8010.79
549; 0.37924109069869; 59730.3782727252; 51448.39; 8020.41
550; 0.378469774093961; 60092.6340944303; 51787.69; 8052.21
551; 0.377635383222778; 60448.0593784077; 52108.28; 8096.98
552; 0.37889039624024; 60961.1046795193; 52532.52; 8149.17
553; 0.378464927775841; 61246.2242035099; 52882.77; 8088.61
554; 0.37843789062015; 61537.6049468247; 53142.48; 8112.9
555; 0.373011746817429; 61950.1696331317; 53645.5; 8135.28
556; 0.372942526880912; 62266.6878309997; 53968.23; 8123.54
557; 0.372569934600386; 62602.4898609747; 54277.78; 8150.4
558; 0.370613296064588; 63123.0236590543; 54687.44; 8295.43
559; 0.370812716383967; 63539.7065846865; 55059.41; 8327.75
560; 0.370613169087304; 63975.6324411786; 55464.5; 8355.33
561; 0.366964523754658; 64733.2749850176; 56171.38; 8481.63
562; 0.365194693083414; 65287.8006983991; 56732.23; 8509.08
563; 0.367152557250018; 65920.6654641388; 57284.76; 8536.23
564; 0.365956118927723; 66894.570846542; 58131.67; 8683
565; 0.363640700313776; 67476.9709273266; 58723.39; 8722.57
566; 0.363700396045409; 68012.627502962; 59260.3; 8713.46
567; 0.360398603351572; 68701.7575130112; 59968.19; 8768.43
568; 0.35799608326078; 69035.554698962; 60312.67; 8810.43
569; 0.356333432246505; 69247.6749704431; 60536.87; 8832.97
570; 0.356717726685759; 69394.7869821164; 60654.49; 8847
571; 0.353503864778382; 69312.1506746673; 60645.86; 8845.03
572; 0.35249762473019; 69200.1741827801; 60593.21; 8802.53
573; 0.350865629303629; 68864.3576097022; 60388.41; 8701.9
574; 0.347173919781331; 68577.7222317101; 60192.1; 8693.52
575; 0.345639395295604; 68146.9752521357; 59917.07; 8563.1
576; 0.344114555169475; 67908.8342329087; 59761.86; 8507.77
577; 0.342527718394642; 67681.2852415842; 59641.09; 8428.61
578; 0.340156777618246; 67341.3605098753; 59423.5; 8351.72
579; 0.33854674508762; 67192.9359717856; 59274.96; 8385.25
580; 0.336069736691654; 67002.593826093; 59125.77; 8396.82
581; 0.33347735351173; 66754.7975632393; 58924.46; 8406.26
582; 0.33394931246484; 66637.7093926706; 58842.88; 8350.45
583; 0.331972343753219; 66521.8949488476; 58773.45; 8344.55
584; 0.328861821824616; 66307.5659963765; 58634.76; 8335.83
585; 0.326509510555859; 66184.6911483746; 58543.05; 8356.35
586; 0.319682243863845; 66041.604828741; 58471.96; 8448.9
587; 0.31495909793774; 65777.9887199915; 58404.36; 8348.32
588; 0.310225474299911; 65595.1549264125; 58360.19; 8311.12
589; 0.308343409862092; 65487.8169023901; 58331.89; 8265.55
590; 0.303051171780699; 65372.5017842842; 58337.01; 8263.17
591; 0.30060935884115; 65254.5881209969; 58293.38; 8237.16
592; 0.299096618117905; 65231.077948882; 58296.42; 8242.06
593; 0.295957284020913; 65228.0003287888; 58354.29; 8251.08
594; 0.297087248882229; 65288.1879120879; 58474.67; 8142.58
595; 0.295865289356174; 65513.8876259246; 58691.02; 8182.26
596; 0.295857441914677; 65744.6318309234; 58910.07; 8191.32
597; 0.29330576844079; 65991.9611455284; 59148.04; 8268.66
598; 0.288097683638268; 66433.4916935596; 59669.64; 8314.38
599; 0.285292966653598; 66879.7300890797; 60111.73; 8395.94
600; 0.282375962077013; 67372.157924569; 60597.36; 8485.8
601; 0.281245151439793; 68227.9438537439; 61431.73; 8541.42
602; 0.278015863442374; 68876.8185039502; 62030.86; 8698.58
603; 0.277368547715124; 69515.8950264002; 62682.2; 8697.72
604; 0.273946679252729; 70396.9237337888; 63509.51; 8869.93
605; 0.274327537253378; 71009.8824298737; 64042.25; 8955.31
606; 0.273197180206717; 71609.25561984; 64550.97; 9103.79
607; 0.272427833021321; 72302.0237258361; 65111.84; 9294.41
608; 0.269578514338421; 72617.5574795977; 65429.29; 9384.39
609; 0.26447771349586; 72950.2020597318; 65822.24; 9479.31
610; 0.263146605301822; 73053.2284963466; 65955.41; 9481.14
611; 0.259001757335812; 73064.8780119307; 66022.08; 9552.58
612; 0.257191402764947; 73024.7638939331; 66019.65; 9562.45
613; 0.251875101225365; 72867.1207974443; 66016.95; 9542.42
614; 0.250276215086961; 72626.0322576765; 65905.75; 9415.73
615; 0.246646604687537; 72104.3937512521; 65585.75; 9262.15
616; 0.244370694622066; 71723.4309192393; 65316.88; 9181.97
617; 0.241138923142961; 71033.851607862; 64768.34; 9095.05
618; 0.239150973735879; 70555.0170276779; 64373.64; 9042.15
619; 0.237296642673425; 70070.3603056895; 63985.54; 8965.65
620; 0.232114625924397; 69283.3488757518; 63448.32; 8784.82
621; 0.231189004083158; 68770.7010663638; 63011.38; 8701.12
622; 0.227997739904914; 68272.0237094917; 62594.57; 8693.06
623; 0.224308565785314; 67586.6040939546; 62070.14; 8581.34
624; 0.221939136541497; 67142.7210519994; 61741.91; 8487.03
625; 0.219660636072824; 66542.5525332454; 61215.67; 8453.6
626; 0.216616532916587; 66123.7395319005; 60906.9; 8391.25
627; 0.21548084900016; 65721.1187076303; 60552.71; 8353.36
628; 0.213170051560668; 65119.4387982524; 59996.17; 8366.11
629; 0.210471182916474; 64756.0386837221; 59718.79; 8327.32
630; 0.207209869114292; 64379.0501200882; 59494.05; 8198.99
631; 0.20059972524199; 63797.3861358266; 59130.04; 8088.35
632; 0.198080679480123; 63477.674513766; 58876.05; 8072.41
633; 0.192225653734739; 62954.3014304913; 58511.89; 8027.04
634; 0.187684712568628; 62627.922259015; 58308.74; 7989.54
635; 0.182463761142445; 62298.8456167629; 58140.12; 7908.54
636; 0.177104587528151; 61938.7598643178; 57915.51; 7878.13
637; 0.173827227846399; 61654.2453554276; 57722.82; 7838.74
638; 0.172792831149374; 61436.2738014231; 57474.46; 7941.82
639; 0.169850544532445; 61092.9595472569; 57165.91; 8003.89
640; 0.166397941767408; 60856.3098893187; 57008.09; 8001.12
641; 0.165695266703519; 60556.7644707579; 56758.58; 7926.46
642; 0.167193750123091; 60367.5926579412; 56539.98; 7912.17
643; 0.1692662243074; 60243.7045786714; 56371.02; 7903.44
644; 0.166579613206276; 59891.2214526438; 56100.39; 7857.3
645; 0.16428601052919; 59688.5664335931; 55952.09; 7849.35
646; 0.163564922611953; 59424.7409699462; 55757.04; 7735.25
647; 0.162858425669263; 59230.9546211405; 55605.78; 7675.61
648; 0.165523130507649; 59086.2653750362; 55421.19; 7632.06
649; 0.164532415557107; 58859.5311048952; 55233.83; 7592.22
650; 0.162493566889927; 58692.465037186; 55116.84; 7578
651; 0.159594037803886; 58457.7393304484; 54970.38; 7521.71
652; 0.160131685987733; 58326.0444649912; 54836.02; 7498.47
653; 0.161878399549112; 58211.8572508813; 54697.14; 7466.34
654; 0.161108871723038; 58025.1407813301; 54559.48; 7393.84
655; 0.158229945285087; 57870.1844353614; 54465.02; 7393.93
656; 0.15243809411079; 57583.2275255341; 54312.69; 7368.41
657; 0.148941355252854; 57435.6921104113; 54258.2; 7324.28
658; 0.147120579131909; 57292.1619778258; 54165.73; 7293.21
659; 0.144185471019488; 57123.1578995374; 54053.82; 7302.78
660; 0.139732695781112; 56937.0007457489; 53974.86; 7269.33
661; 0.133645653464256; 56662.8418455777; 53820.55; 7288.84
662; 0.128520124451193; 56452.917620372; 53704.12; 7326.33
663; 0.12729805627069; 56341.2276388929; 53597.59; 7378.87
664; 0.124052464210661; 56161.8744239662; 53483.1; 7388.78
665; 0.123585452756194; 55994.5238219084; 53326.55; 7383.97
666; 0.121593174479567; 55766.4811102262; 53150.66; 7355.43
667; 0.120874539084512; 55589.881123509; 52998.89; 7326.55
668; 0.121937250053025; 55461.3037463227; 52847.85; 7323.5
669; 0.121351117600974; 55245.4101074254; 52664.94; 7263.21
670; 0.120670936670921; 55109.2914056865; 52553.29; 7232.11
671; 0.120136711484703; 54896.9387425414; 52404.63; 7079.27
672; 0.115175569276402; 54681.0708425498; 52310.27; 7020.25
673; 0.114823729894844; 54519.2471060587; 52154.03; 7021.01
674; 0.115517315712477; 54268.29449062; 51884.46; 7029.82
675; 0.113007576392944; 54029.939021441; 51726.62; 6940.14
676; 0.106076239543953; 53644.209446198; 51487.64; 6919.48
677; 0.10235844473561; 53332.6459910358; 51264.41; 6874.84
678; 0.104588730653711; 52948.5841979667; 50861.27; 6787.88
679; 0.102766357334547; 52652.750692459; 50607.72; 6765.89
680; 0.104237822098564; 52376.523425853; 50288.84; 6807.27
681; 0.0979262500540642; 51847.4680420264; 49879.04; 6829.65
682; 0.095611880525141; 51519.4712809618; 49603.29; 6806.66
683; 0.0971965315230925; 51151.6406542576; 49190.55; 6849.95
684; 0.100328212556993; 50895.8325325689; 48851.84; 6914.18
685; 0.0977890914071944; 50478.2548763103; 48496.41; 6875.35
686; 0.0958714288372195; 50200.7913302707; 48259.88; 6865.56
687; 0.0951390618729979; 49934.7599932347; 48015.34; 6839.14
688; 0.0948329015212512; 49545.8258586083; 47660.66; 6736.35
689; 0.0967091633377188; 49338.3092884962; 47430.35; 6683.12
690; 0.0935941729788336; 48943.3444137714; 47114.92; 6615.1
691; 0.0904229565229204; 48628.6689440264; 46875.41; 6563.05
692; 0.086552561582789; 48324.171138947; 46671.62; 6460.16
693; 0.089776299112969; 47959.3392038811; 46240.6; 6475.1
694; 0.0929762971304178; 47717.7252122054; 45936.72; 6476.21
695; 0.0952110255056697; 47328.7414754154; 45505.74; 6470.6
696; 0.0923084684863627; 47012.9465750126; 45255.77; 6430.36
697; 0.0896796964312876; 46553.7778230506; 44881.07; 6297.83
698; 0.0899601476059722; 46287.9170096393; 44617.46; 6267.1
699; 0.0888802842609871; 45898.2732170612; 44279.79; 6143.47
700; 0.0916243829737452; 45731.0682801566; 44098.54; 6008.83
701; 0.0911936388847019; 45503.2562662494; 43886.31; 5977.78
702; 0.084521599903846; 45140.1794734557; 43667.22; 5873.37
703; 0.0852078222570778; 44919.4447633714; 43450.12; 5809.93
704; 0.086260701411474; 44644.0705817702; 43177.28; 5727.38
705; 0.0868594133549276; 44445.6431046205; 42984.61; 5663.34
706; 0.0861212613236222; 44140.0239598767; 42694.41; 5649.54
707; 0.0874033483131274; 43945.0249842439; 42461.28; 5711.07
708; 0.0842496532652149; 43653.8050967194; 42219.65; 5724.39
709; 0.0807849789752105; 43270.9777201607; 41899.34; 5707.57
710; 0.0802044171828457; 43005.3491633255; 41648.14; 5686.33
711; 0.0758813355731987; 42638.121477061; 41364.18; 5640.34
712; 0.0783569122755901; 42422.6327202448; 41116.32; 5599.74
713; 0.078220415953712; 42057.0745497988; 40762.56; 5557.66
714; 0.078528774649515; 41791.9511656953; 40520.22; 5437.41
715; 0.0788289504950779; 41446.4360898551; 40202.88; 5294.92
716; 0.0773321185916818; 41137.25802187; 39932.78; 5226.2
717; 0.0761583229488347; 40797.9443690715; 39629.07; 5147.84
718; 0.072995374686235; 40279.1386699645; 39183.73; 5031.33
719; 0.0762887600203366; 39929.8483871024; 38793.68; 4991.12
720; 0.0815766922550803; 39476.4904189006; 38280.05; 4913.24
721; 0.0798555820876032; 39164.8012522819; 37997.72; 4894.17
722; 0.0832465147899168; 38671.8151038722; 37461.34; 4867.58
723; 0.0849427970591226; 38321.3013230151; 37089.11; 4854.17
724; 0.0861636385730011; 37861.0254067394; 36612.24; 4848.05
725; 0.0888406149395468; 37664.7017569915; 36385.09; 4816.26
726; 0.0908008658205936; 37438.8577585503; 36131.54; 4812.54
727; 0.0860419129606893; 37279.939481198; 36040.6; 4812.86
728; 0.0831595324031622; 37119.9794592506; 35923.5; 4805.84
729; 0.0839594537105692; 36998.8439991976; 35794.86; 4788.58
730; 0.0786158859567982; 36920.0486505241; 35804.98; 4735.07
731; 0.0719455593394546; 36904.6442117751; 35898.6; 4667.75
732; 0.0739566855669462; 36962.6320049917; 35931.8; 4652.12
733; 0.077975906892194; 37026.0223483303; 35937.66; 4658
734; 0.0729194830947812; 36952.9693634363; 35940.73; 4632.18
735; 0.0668449455061168; 36839.5623945708; 35910.34; 4637.56
736; 0.0659817971964007; 36773.102888792; 35853.79; 4646.83
737; 0.0675355262293129; 36717.468982985; 35763.82; 4707.89
738; 0.0696668831008422; 36669.1204608436; 35686.23; 4702.2
739; 0.0726433543559914; 36589.0238819079; 35566.35; 4690.32
740; 0.0698966343189258; 36497.6291372922; 35518.53; 4665.2
741; 0.0728667423767022; 36468.696211345; 35438.57; 4706.66
742; 0.0861294817008743; 36602.2165976288; 35376.98; 4734.62
743; 0.0912239487944328; 36685.73565029; 35384.87; 4744.52
744; 0.0891484301184599; 36823.8168215301; 35557.26; 4725.32
745; 0.0876628256615043; 36960.1287125346; 35711.59; 4735.27
746; 0.0898138691497674; 37203.475787203; 35904.99; 4804.96
747; 0.0893340034215217; 37364.9591221966; 36064.38; 4836.75
748; 0.0936224182255712; 37638.1853494395; 36277.22; 4827.83
749; 0.0913901040567824; 37701.6913093996; 36375.65; 4817.49
750; 0.0910949042849874; 37687.9288700159; 36374; 4787.76
751; 0.0910036929811199; 37631.4762668363; 36336.55; 4723.1
752; 0.0943558773776669; 37426.9112012202; 36099.96; 4667.67
753; 0.0927253245695129; 37143.4619623688; 35843.88; 4651.64
754; 0.087764273581811; 36606.4559247882; 35400.69; 4559.52
755; 0.0882948484560764; 36237.5083021361; 35033.68; 4523.71
756; 0.0902769229678525; 35647.9494193217; 34423.24; 4499.87
757; 0.0888423728476136; 35231.6674028662; 34033.43; 4471.88
758; 0.0918934835289419; 34670.4848240518; 33441.09; 4434.02
759; 0.0907269759444544; 34266.3471529155; 33053.61; 4428.1
760; 0.0929974667042742; 33914.2731110012; 32681.41; 4389.62
761; 0.0993560307435565; 33400.1326061633; 32094.24; 4350.03
762; 0.104824921451615; 33118.1126532499; 31738.87; 4352.62
763; 0.102055526813999; 32582.6480173111; 31268.89; 4256.73
764; 0.101014607823765; 32241.037192958; 30955.78; 4205.71
765; 0.0999130973122358; 31773.4165168774; 30523.94; 4133.31
766; 0.0962209842315787; 31467.787333632; 30282.24; 4071.93
767; 0.0943170306208346; 31007.5282729887; 29889.65; 3917.14
768; 0.0920669052220178; 30723.93496226; 29645; 3873.2
769; 0.087697583013198; 30277.2224085498; 29266.15; 3810.18
770; 0.0884120363691173; 30032.1263571513; 29018.85; 3787.39
771; 0.0867177008611439; 29671.6447761752; 28680.35; 3776.08
772; 0.0907388977791168; 29474.3868906611; 28446.72; 3739.62
773; 0.101475057025344; 29198.1748404536; 28058.77; 3705.92
774; 0.102413654442761; 28974.9920876492; 27829.59; 3689.54
775; 0.107469658933856; 28648.7640671678; 27439.76; 3709.91
776; 0.112276098728036; 28478.2038025456; 27237.96; 3641.47
777; 0.115758559840844; 28190.0632055499; 26913.56; 3634.26
778; 0.116950886332942; 27991.3637109386; 26715.7; 3593.82
779; 0.119670835463658; 27688.1890955102; 26401.43; 3541.9
780; 0.118230391456003; 27484.4605498481; 26209.45; 3551.42
781; 0.111399092279943; 27155.86369899; 25959.69; 3535.36
782; 0.115233279842137; 27014.1179378452; 25778.2; 3530.39
783; 0.116479295987149; 26719.3399498564; 25494.21; 3461.37
784; 0.117494289144291; 26543.9761926819; 25318.31; 3432.1
785; 0.120839572285055; 26296.1441970432; 25049.77; 3392.5
786; 0.120383161825227; 26128.7480818883; 24888.1; 3388.75
787; 0.125198860085962; 25878.4363286383; 24582.52; 3402.48
788; 0.126991950517441; 25730.7969084931; 24429.24; 3367.97
789; 0.127386781623736; 25453.2205862488; 24166.33; 3318.75
790; 0.126047079219038; 25261.3967407115; 23986.74; 3321.19
791; 0.125303741297397; 25003.8551843381; 23719.03; 3366.69
792; 0.122698085739312; 24803.8065406703; 23546.07; 3364.95
793; 0.128731297045215; 24567.40501674; 23263.87; 3323.4
794; 0.13240514333035; 24430.405908974; 23096.99; 3304.73
795; 0.1343884160289; 24176.7663457524; 22857.12; 3222.13
796; 0.133575095126957; 23927.047766445; 22628.84; 3188.88
797; 0.138052673116736; 23785.9254732552; 22457.2; 3157.88
798; 0.139682892084431; 23552.5765669149; 22251.53; 3055.91
799; 0.141958452510196; 23427.4151736423; 22129.09; 3000.25
800; 0.143982641586653; 23239.3843850517; 21918.26; 3009.63
801; 0.142513731605097; 23042.2116837718; 21741.23; 2993.24
802; 0.145818816558821; 22830.3478114731; 21479.09; 3037.38
803; 0.146700204772574; 22691.3911608479; 21336.34; 3026.35
804; 0.149052610540808; 22529.4819649924; 21187.49; 2948.75
805; 0.152332845530027; 22396.7263628214; 21034.56; 2927.88
806; 0.15556142858151; 22211.7108538267; 20836.79; 2893.22
807; 0.15812752812516; 22098.5908345639; 20715.72; 2862.27
808; 0.158462129914841; 21892.398835836; 20539.9; 2792.96
809; 0.161875868850851; 21790.2471352795; 20424.64; 2760.03
810; 0.166577657551932; 21597.4386743151; 20224.7; 2695.53
811; 0.163131986139858; 21442.2282903492; 20091.86; 2706.83
812; 0.16404103866996; 21234.0625766231; 19884.31; 2689.74
813; 0.160919485981711; 21106.6509807919; 19793.26; 2667.28
814; 0.160106174269205; 20917.5973154306; 19615.6; 2656.72
815; 0.157809435628543; 20770.8484109596; 19510.51; 2608.64
816; 0.16047925450315; 20609.7902476228; 19316.71; 2631.29
817; 0.154407260458716; 20404.5640814071; 19151.29; 2650.15
818; 0.15840152337061; 20300.374377483; 19034.43; 2609.02
819; 0.165095673163659; 20122.5429052857; 18814.23; 2586.51
820; 0.165427821458154; 19989.4088608893; 18689.96; 2563.25
821; 0.171684476080876; 19844.7154760977; 18518.27; 2520.42
822; 0.175598675443281; 19747.5930360184; 18404.2; 2495
823; 0.176407212930973; 19582.8941534177; 18260.87; 2443.43
824; 0.180491305911614; 19492.5046287632; 18158.8; 2408.62
825; 0.187592758345043; 19381.2181121506; 18009.86; 2382.79
826; 0.186234036223111; 19279.0769091455; 17931.53; 2358.5
827; 0.184405791379335; 19138.6653995339; 17798.05; 2369.86
828; 0.188463689878154; 19056.9085058009; 17684; 2374.92
829; 0.188416231175065; 18903.5608856425; 17555.02; 2333.13
830; 0.182020702485059; 18725.0849058958; 17403.79; 2366.16
831; 0.18128261038857; 18614.7086963966; 17305.83; 2352.33
832; 0.18157728749207; 18482.663334244; 17198.16; 2303.66
833; 0.18042067882037; 18373.2952063407; 17119.37; 2262.14
834; 0.176255833417919; 18223.6321056517; 17011.62; 2237.18
835; 0.175968603788033; 18125.1514341402; 16937.08; 2196
836; 0.175108741498946; 17966.9254869212; 16817.17; 2135.06
837; 0.177898329538244; 17890.8301559778; 16729.78; 2122.5
838; 0.182390061768164; 17760.9327575672; 16579.8; 2106.31
839; 0.184980041491525; 17599.6490907381; 16431.87; 2054.8
840; 0.184415558402424; 17523.3202275627; 16338.43; 2091.29
841; 0.192213889211796; 17418.7674137498; 16176.85; 2105.39
842; 0.190114752019383; 17327.6849668974; 16100.15; 2103.51
843; 0.19485563160772; 17226.7025647465; 15963.29; 2111.77
844; 0.195603946259824; 17141.6470951657; 15892.03; 2080.25
845; 0.198912308291619; 16986.7251900108; 15721.29; 2071.01
846; 0.198149555433431; 16907.7591870688; 15640.73; 2081.13
847; 0.193417875311714; 16746.4314762738; 15512.12; 2076.45
848; 0.194259856438493; 16612.4802689223; 15379; 2065.59
849; 0.1980674834198; 16520.1965490302; 15291.55; 2017.42
850; 0.204723523251637; 16366.2029560794; 15122.34; 1975.49
851; 0.212389888506401; 16313.4071206698; 15033.42; 1959.04
852; 0.214833533011621; 16174.3831349071; 14892.72; 1938.79
853; 0.212272689263678; 16061.0161122697; 14821.77; 1896.81
854; 0.216081908019236; 15906.1628330333; 14666.47; 1863.56
855; 0.224203446431335; 15734.7596951801; 14480.87; 1816.21
856; 0.221999416305087; 15636.5500215211; 14373.72; 1846.96
857; 0.22435794902148; 15468.6956228256; 14195.76; 1841.75
858; 0.216163169618737; 15325.0213419548; 14085.44; 1861.12
859; 0.213394936224572; 15135.4723656418; 13917.36; 1852.25
860; 0.218396616789495; 15038.6733540743; 13810.98; 1823.65
861; 0.222241162198076; 14899.7208009677; 13662.8; 1805.22
862; 0.219836131436892; 14744.6196928312; 13537.19; 1781.11
863; 0.220925620666823; 14630.8702482714; 13438.2; 1750.32
864; 0.220169283369707; 14440.238516475; 13288.14; 1696.2
865; 0.218366659317667; 14319.0502114542; 13208.2; 1648.65
866; 0.219318749640876; 14141.2427480758; 13052.04; 1609.19
867; 0.216335746364352; 13886.0996095119; 12842.9; 1562.12
868; 0.214390479003448; 13711.9432611206; 12685.62; 1550.49
869; 0.21492352621691; 13459.7789485764; 12452.22; 1518.07
870; 0.219705860614392; 13303.6749983166; 12312.23; 1460.99
871; 0.234309987505631; 13079.9248277245; 12058.87; 1410.52
872; 0.233950960801237; 12885.1291610819; 11877.36; 1394.03
873; 0.238700338793068; 12629.4835142669; 11599.66; 1395.92
874; 0.246990073802928; 12414.0773220849; 11341.58; 1404.65
875; 0.253734651055232; 12283.4451136863; 11199.45; 1381.7
876; 0.255621304863385; 12056.1746326515; 10955.32; 1392.56
877; 0.254335699904904; 11888.3431932774; 10806.42; 1375.26
878; 0.250024302936302; 11655.4908846596; 10606.06; 1356.65
879; 0.245897030706577; 11474.7832872611; 10447.83; 1349.61
880; 0.249465942597546; 11383.6311867284; 10366.94; 1316.75
881; 0.251062561881241; 11250.9431314282; 10243.98; 1295.56
882; 0.241705924167548; 11134.8887917741; 10190.2; 1262.24
883; 0.241548027140327; 11037.3298134825; 10089.13; 1267.51
884; 0.248955596174048; 10974.4230050462; 9988.4; 1278.6
885; 0.253516392893347; 10925.6064914249; 9913.56; 1288.44
886; 0.258662116714398; 10857.2306834008; 9804.76; 1312.99
887; 0.260218871953045; 10820.3896244175; 9763.04; 1310.97
888; 0.256708267034813; 10720.0464384558; 9696.05; 1286.81
889; 0.272288268427991; 10699.9747172276; 9644.06; 1250.79
890; 0.272055306462484; 10668.0403974672; 9630.85; 1229.46
891; 0.273524360098768; 10623.1039289112; 9604.7; 1200.51
892; 0.267700362551279; 10625.8793266457; 9632.5; 1196.29
893; 0.271859420427983; 10688.7067392338; 9695.44; 1177.7
894; 0.273786551756283; 10781.7556571789; 9773.06; 1187.38
895; 0.276587091924247; 10872.5886000252; 9825.7; 1219.66
896; 0.278330784531502; 11025.0966991063; 9951.28; 1242.99
897; 0.272827176621417; 11123.6067082284; 10040.59; 1278.76
898; 0.270435689141352; 11313.5696597613; 10233.74; 1286.06
899; 0.273959736339325; 11527.2592649686; 10407.18; 1316.62
900; 0.271126087493538; 11644.3105606956; 10519.34; 1335.97
901; 0.267624242638902; 11777.5182644465; 10674.23; 1327.19
902; 0.261493884169735; 11876.160467294; 10803.41; 1320.49
903; 0.254583469909042; 11906.4361641999; 10845.48; 1341.2
904; 0.255268181842477; 11953.42316365; 10871.89; 1363.32
905; 0.255558827943637; 11938.3266189368; 10842.71; 1379.32
906; 0.254450112010176; 11866.6188652432; 10775.52; 1379.39
907; 0.253884629774227; 11719.0936823057; 10665.88; 1334.24
908; 0.256326526903182; 11601.4668066561; 10561.98; 1304.09
909; 0.259758946286114; 11359.0859934307; 10342.42; 1258.44
910; 0.258908860239265; 11089.3122037504; 10084.23; 1247.98
911; 0.261691055564638; 10858.3964482677; 9884.34; 1196.4
912; 0.272852570016427; 10510.9725438474; 9558.26; 1122.13
913; 0.279547212294225; 10247.6808937923; 9303; 1085.88
914; 0.283580530336589; 9856.65924449628; 8920.23; 1060.91
915; 0.282156947960712; 9471.72147009116; 8545.32; 1054.67
916; 0.274309721556097; 9208.45683902117; 8311.13; 1050.62
917; 0.27288418583704; 8813.21375457088; 7972.82; 988.97
918; 0.274764473608258; 8474.87795812291; 7671.41; 938.89
919; 0.269433635952252; 8250.15486736752; 7486.3; 910.14
920; 0.266698950408881; 7935.13667881369; 7193.89; 892.14
921; 0.266468874294075; 7636.47489276044; 6920.81; 861.98
922; 0.263867613534442; 7440.19819911141; 6748.05; 841.79
923; 0.271993463970546; 7161.1380849359; 6496.05; 784.61
924; 0.276922593178839; 6992.88696549743; 6335.94; 761.11
925; 0.2795379902462; 6720.81337657808; 6077.93; 737.75
926; 0.283527242530759; 6457.0356922265; 5815.14; 726.18
927; 0.279229722606094; 6287.98124267577; 5665.7; 714.73
928; 0.262216749828986; 5992.164840609; 5437.06; 678.85
929; 0.269040294562223; 5724.00941161452; 5175.42; 653.78
930; 0.267550551374846; 5526.02641607043; 4999.79; 630.57
931; 0.263058681796981; 5209.54130610963; 4725.43; 589.92
932; 0.26653659219675; 4856.31299971228; 4403.79; 544.16
933; 0.264132842455616; 4594.19504278457; 4171.45; 512.91
934; 0.269488108894327; 4155.04516351413; 3774.84; 452.07
935; 0.266559756236586; 3683.60702193377; 3360.06; 388.89
936; 0.263478977221811; 3369.74112063271; 3086.68; 344.16
937; 0.272524415189752; 2908.44156434833; 2658.99; 293.19
938; 0.270197962793485; 2474.98987445426; 2252; 264.31
939; 0.271887699676301; 2223.62234492384; 2024.61; 234.4
940; 0.270989651275847; 1902.66515731491; 1733.22; 200.21
941; 0.257554541408001; 1666.02164929294; 1538.72; 158.24
942; 0.286719677231745; 1570.5870161818; 1438.65; 147.3
943; 0.328167100592389; 1468.8902535711; 1334.26; 131.31
944; 0.318918745385645; 1416.76452215768; 1289.05; 128.16
945; 0.308234914458243; 1410.48189714891; 1279.67; 135.8
946; 0.320472775515568; 1433.2094496709; 1299.75; 133.24
947; 0.335808630562549; 1484.12845629968; 1341.65; 135.73
948; 0.345824742110562; 1536.78429276856; 1372.3; 152.14
949; 0.330799572171159; 1612.26234728535; 1429.17; 177.02
950; 0.340751571691734; 1707.16321979688; 1522.48; 173.32
951; 0.365948872422526; 1785.5161649128; 1580.34; 179.27
952; 0.399904234155158; 1891.65048964697; 1680.01; 169.2
953; 0.386844611519033; 1995.70172702418; 1761.43; 193.59
954; 0.394763853720509; 2068.81563818207; 1813.87; 206.42
955; 0.368744858035275; 2154.76067719875; 1902.81; 218.36
956; 0.361924317700272; 2233.51893114825; 2005.39; 201.42
957; 0.35148635573431; 2290.54466449318; 2063.96; 205.97
958; 0.345692327675067; 2370.34004605236; 2131.01; 221.18
959; 0.329929177216851; 2433.14110033213; 2196.72; 228.9
960; 0.343527377856691; 2474.8158721649; 2252.42; 206.77
961; 0.296635659071145; 2520.70665824125; 2309.05; 227.87
962; 0.291675127127833; 2568.97313488384; 2346.14; 243.95
963; 0.315723765515543; 2613.65076057178; 2362.87; 253.6
964; 0.340224466995313; 2659.76854206801; 2387.56; 255.42
965; 0.299185480653271; 2671.02971988644; 2411.05; 277.37
966; 0.299774569148723; 2695.53308201695; 2422.73; 290.45
967; 0.293057762654096; 2704.67384442802; 2412.51; 318.15
968; 0.29808220141024; 2714.33938897071; 2424.46; 310.3
969; 0.308329698334148; 2715.79641092019; 2433.22; 292.4
970; 0.297600952637549; 2703.87910604328; 2425.52; 298.38
971; 0.291137744963495; 2693.28707385406; 2406.15; 314.58
972; 0.311982230413844; 2688.78434731208; 2389.96; 305.48
973; 0.311450026436715; 2680.30780719616; 2390.88; 296.34
974; 0.326832254019745; 2656.99411813954; 2376.55; 273.6
975; 0.321411250738962; 2632.88290410262; 2360.35; 270.33
976; 0.311179789512452; 2619.76540068322; 2346.14; 280.3
977; 0.295579130817383; 2593.52096199605; 2340.7; 272.63
978; 0.287567550647416; 2559.58908861056; 2312.92; 273.37
979; 0.275798888508345; 2525.64935577942; 2292.47; 269.42
980; 0.286810228500938; 2515.44199280399; 2271.21; 271.32
981; 0.272463992051081; 2482.67474709098; 2242.64; 280.66
982; 0.278285709130062; 2442.331989012; 2202.63; 274.38
983; 0.282149070009738; 2414.20362303266; 2191.33; 251.59
984; 0.312126136516637; 2388.05689310268; 2150.38; 242.5
985; 0.321231823972977; 2350.08218923455; 2126.43; 221.7
986; 0.352557471355691; 2330.70149819614; 2089.99; 217.38
987; 0.328972822368007; 2287.53135762453; 2070.96; 209.58
988; 0.358752516723169; 2252.32300090524; 2031.15; 196.24
989; 0.387369608028713; 2224.14052126307; 2001.59; 182.85
990; 0.371539417859425; 2196.74903743196; 1964.58; 198.86
991; 0.368331206661441; 2156.60103432049; 1922.47; 202.26
992; 0.395868531213046; 2117.21791695979; 1892.5; 180.6
993; 0.358441631610788; 2054.56139043226; 1843.17; 187.61
994; 0.364867747738157; 2028.05778472956; 1823.97; 177.92
995; 0.359974621664552; 1991.71646606819; 1786.35; 181.45
996; 0.349178871797083; 1941.36160921413; 1743.39; 180.3
997; 0.334487328814682; 1891.65104842424; 1714.96; 167.97
998; 0.322259332049647; 1855.93628111808; 1691.86; 161.88
999; 0.300497550798586; 1813.27349896104; 1639.65; 183.68
1000; 0.301999640752837; 1775.39241610976; 1609.32; 174.8
1001; 0.314242456704256; 1754.17496098546; 1574.59; 181.64
1002; 0.302844459425223; 1702.53879492458; 1536.62; 174.11
1003; 0.293594383634573; 1667.55975847914; 1503.2; 177.89
1004; 0.332534330275186; 1638.44418691876; 1462.01; 168.58
1005; 0.333616879418923; 1609.44815359187; 1442.35; 159.12
1006; 0.339772656197024; 1569.4925470944; 1418.13; 141.51
1007; 0.320953046355991; 1524.44066889962; 1387.48; 135.54
1008; 0.289157449738359; 1482.18452932955; 1361.78; 132.24
1009; 0.293113989475169; 1453.5485314192; 1342.09; 120.75
1010; 0.298145355208351; 1416.89159657907; 1308.87; 115.04
1011; 0.261893427941252; 1374.33275349371; 1283.94; 109.58
1012; 0.251072993729274; 1342.60216057876; 1251.78; 114.83
1013; 0.245909479701903; 1319.70084523072; 1226.98; 119.68
1014; 0.283057185882984; 1293.44360375162; 1191.45; 114.36
1015; 0.3344726974015; 1274.1521862911; 1162.48; 105.95
1016; 0.371399208365029; 1252.16992106165; 1141.02; 94.96
1017; 0.372775530560526; 1228.17554727152; 1125.72; 87.2
1018; 0.33888521964318; 1197.33090255195; 1093.11; 97.56
1019; 0.378905353951977; 1166.20630848474; 1062.77; 86.59
1020; 0.423895084112391; 1138.96744927056; 1039.53; 74.4
1021; 0.382507819426562; 1113.06773644328; 1027.85; 70.65
1022; 0.301484649349367; 1064.74719740061; 1001.12; 66.92
1023; 0.27717012142381; 1036.68965534748; 969.14; 77.27
1024; 0.26715973095842; 1014.52922351399; 953.82; 72.04
1025; 0.292114528471155; 996.257797080809; 932.44; 69.25
1026; 0.247538143988678; 967.091122343126; 909.32; 73.97
1027; 0.202319489295145; 938.328961641138; 891.7; 73.04
1028; 0.205775309362172; 917.892351993103; 867.22; 78.03
1029; 0.247219232649605; 910.496244674942; 845.82; 82.89
1030; 0.240623147579819; 889.38524285943; 820.39; 90.84
1031; 0.262909317456878; 864.368886325531; 787.28; 92.88
1032; 0.275115554695072; 842.571069846565; 774.62; 78.23
1033; 0.27637198833329; 818.614870227571; 749.98; 78.65
1034; 0.305020232903766; 808.65380839335; 726; 85.81
1035; 0.351794836057913; 799.368342103951; 702.83; 86.89
1036; 0.352625230549541; 776.619000184135; 698.12; 70.48
1037; 0.391666554798564; 757.903101443554; 685.86; 58.23
1038; 0.315472652398099; 738.507087242603; 684.37; 54.32
1039; -0.00642312641751264; 735.021402632967; 735.85; 40.83
1040; -0.0835726185244005; 729.902508602965; 710.26; -74.38
1041; -0.301006970441191; 653.087309723553; 684.65; 33.18
