# 08/03/2019 16:24:34
# NanoCalc data
# Original file name: C:\SVA_DATA\StudentProjects\2018_Nathan\PSswelling_080319\PSswelling2_293.dat
# Fit Result : Fitness; Thickness 1; Thickness 2; Thickness 3 
# Fit Result : 0.512274694158075; 2; 343; -1
# comment:PS ID:349 ref:withoptics.ref slowslow2 start 15:37
#
# WaveLength; Reflectance; Raw Intensity; Dark Intensity; Reference Intensity
400; 0.392602107635081; 4463.88963715779; 3869.39; 734.26
401; 0.377662486736376; 4590.90122862147; 4006.64; 746.92
402; 0.367594645387886; 4687.15822022222; 4085.87; 786.28
403; 0.356723669972387; 4791.39335177542; 4170.5; 833.19
404; 0.350776238035185; 4891.30898053663; 4276.9; 834.94
405; 0.342811427822089; 5051.88795769032; 4420.61; 874.39
406; 0.333721248639644; 5150.78944420823; 4512.32; 904.88
407; 0.326745389301462; 5256.27463834135; 4618.2; 920
408; 0.321643105877792; 5368.61426816525; 4719.05; 947.65
409; 0.314675862540531; 5473.23626412064; 4825.46; 962.39
410; 0.301138989304173; 5598.37745616856; 4957.25; 991.61
411; 0.29567686295397; 5682.94798654305; 5054.41; 986.6
412; 0.298381852923969; 5766.70776272977; 5122.07; 999.14
413; 0.293276461731464; 5845.8524951733; 5198.54; 1017.35
414; 0.274586582088873; 5944.64789129787; 5328.84; 1030.24
415; 0.267259169609224; 6021.23661167662; 5407.41; 1051.61
416; 0.264052972744994; 6089.77287632844; 5484.24; 1046.5
417; 0.262684067608547; 6168.98459340474; 5557.11; 1059.45
418; 0.248308884544986; 6283.77554913193; 5686.9; 1089.66
419; 0.24457317665001; 6368.46605297663; 5778.65; 1089.96
420; 0.238482986036129; 6459.83314670702; 5873.63; 1107.63
421; 0.223662391625048; 6559.68847442436; 5999.37; 1125.58
422; 0.216558654611559; 6714.43620439747; 6161.07; 1144.72
423; 0.217834038106664; 6848.37083836211; 6283.37; 1158.5
424; 0.211882575981057; 6975.26963391406; 6410.67; 1186.66
425; 0.204814971398805; 7118.42622501478; 6557.12; 1217.13
426; 0.195192283728745; 7313.7507946574; 6756.41; 1264.66
427; 0.192234003611681; 7462.60914011393; 6894.52; 1305.3
428; 0.188760767728831; 7606.77870056051; 7042.42; 1316.97
429; 0.185311478930912; 7741.38768607027; 7172.4; 1349.15
430; 0.186390959326797; 7947.31156867129; 7362.29; 1375.69
431; 0.183554798757636; 8089.90248775702; 7500.15; 1404.78
432; 0.177658892576667; 8186.14322364994; 7593.7; 1454.39
433; 0.173901908075247; 8280.45805624068; 7693.05; 1469.65
434; 0.168076385023496; 8426.33899459658; 7850.92; 1485.96
435; 0.169073050004849; 8535.38776655679; 7946.36; 1508.87
436; 0.167517274892931; 8616.97840199697; 8021.43; 1536.4
437; 0.172681874388696; 8742.41690215377; 8119.95; 1554.23
438; 0.16596672545885; 8893.49498167102; 8283.29; 1581.59
439; 0.166997427493736; 8978.88206681156; 8354.04; 1605.86
440; 0.164658254041463; 9073.15721530958; 8452.56; 1613.9
441; 0.172266361239266; 9203.30592484297; 8550.95; 1617.96
442; 0.183025270832235; 9404.21649671623; 8688.97; 1665.9
443; 0.183264188998641; 9516.91254582037; 8792.56; 1681.21
444; 0.186285442488363; 9682.74162382906; 8949.24; 1671.17
445; 0.181358386747346; 9801.13793236678; 9085.03; 1672.09
446; 0.184970710417163; 10013.3106779476; 9265.24; 1708.7
447; 0.181580377310128; 10193.4947734211; 9440.26; 1748.86
448; 0.180660363490048; 10380.3620052138; 9630.23; 1746.72
449; 0.182965542662824; 10676.037319575; 9885.28; 1814.28
450; 0.181927711850169; 10874.5977952611; 10081.11; 1827.01
451; 0.180919338862607; 11061.677166414; 10255.69; 1862.38
452; 0.181563507892045; 11258.1290977085; 10424.07; 1916.49
453; 0.186776865573978; 11623.5963840176; 10737.48; 1975.37
454; 0.188002934895389; 11877.293162665; 10963; 2020.88
455; 0.190287614431348; 12101.2663746042; 11156.94; 2058.18
456; 0.196452241774936; 12364.8362652983; 11369.12; 2098.01
457; 0.200798630957053; 12770.5375103011; 11721.72; 2157.98
458; 0.205114870054723; 13060.7792541534; 11971.21; 2190.45
459; 0.207588341151962; 13324.2535620791; 12197.34; 2234.36
460; 0.211402611575129; 13606.942449885; 12451.85; 2244.7
461; 0.216019720644548; 13990.1976518794; 12770.64; 2315.01
462; 0.219557342629234; 14244.0707319833; 12991.06; 2335.82
463; 0.219257142369096; 14459.3912756041; 13180.57; 2382.87
464; 0.22422301293782; 14860.1604221465; 13511.27; 2453.29
465; 0.227538391717757; 15127.7412882066; 13729.67; 2501.36
466; 0.225489629392771; 15385.3463785102; 13965.54; 2558.83
467; 0.227811504297277; 15656.8238005281; 14207.98; 2580.21
468; 0.229396781815744; 16206.5414641604; 14678.16; 2698.49
469; 0.230948364604129; 16561.4222784513; 14993.1; 2745.87
470; 0.2378917746797; 16970.8987662294; 15322.49; 2797.27
471; 0.246607246581526; 17456.1864483696; 15732.43; 2817.13
472; 0.255273716136424; 18204.9853496066; 16372.18; 2888.96
473; 0.258721460783923; 18730.7342395742; 16816.37; 2972.52
474; 0.266636124237828; 19321.2138815323; 17311.54; 3023
475; 0.275885571449549; 20314.0160724595; 18143.65; 3150.22
476; 0.282882394263085; 20985.0570563909; 18682.99; 3253.44
477; 0.289151748000253; 21709.1078303496; 19269.42; 3367.82
478; 0.296888453563647; 22554.2335199117; 19967.43; 3472.23
479; 0.299041294356901; 23737.4209145889; 20949.15; 3709.93
480; 0.3004176882311; 24568.4795022288; 21691.29; 3804.75
481; 0.305934461792999; 25406.6569935053; 22361.32; 3948.55
482; 0.313239130920019; 26684.2481612292; 23416.42; 4131.99
483; 0.315696305820807; 27515.2451640858; 24128.61; 4242.65
484; 0.317839151938015; 28316.0489194428; 24824.01; 4338.71
485; 0.320485626382999; 29137.2516015763; 25545.04; 4419.68
486; 0.319087470748107; 30237.5856708245; 26517.16; 4590.47
487; 0.320694274668004; 30925.9846044254; 27144.88; 4634.96
488; 0.326833753839674; 31651.3371561644; 27734.19; 4704.39
489; 0.328210985915292; 32307.7242180574; 28301.4; 4784.45
490; 0.327393237877347; 33242.8326071336; 29129.5; 4917.45
491; 0.327672759349829; 33804.5531738366; 29620.01; 4991.8
492; 0.331711617627251; 34368.5932919317; 30076.82; 5050.77
493; 0.338116988200502; 35189.3502443034; 30727.18; 5145.3
494; 0.342593844746151; 35684.2938631003; 31131.56; 5174.67
495; 0.346774411655104; 36162.5577019494; 31508.11; 5219.97
496; 0.348646548649216; 36820.4579237724; 32056.49; 5307.57
497; 0.351993918298505; 37244.8740669455; 32397.48; 5342.56
498; 0.354800673416231; 37639.9312526067; 32734.99; 5356.59
499; 0.356338917286468; 38094.9144039235; 33093.5; 5431.5
500; 0.360605753649957; 38675.9012815003; 33580.19; 5461.63
501; 0.3615628496506; 39046.6953042383; 33912.63; 5481.08
502; 0.362502241565289; 39426.7552940325; 34262.4; 5491.88
503; 0.362146406544878; 40017.2881581551; 34758.54; 5590.61
504; 0.364840241365323; 40463.3512760287; 35092.98; 5659.87
505; 0.368965070669524; 40958.39702621; 35469.61; 5713.19
506; 0.373105792509593; 41462.7633092825; 35860.16; 5760.06
507; 0.37886224976233; 42170.1163031404; 36434.09; 5800.95
508; 0.381257698486892; 42657.5385720259; 36816.82; 5862.95
509; 0.383810318981397; 43167.3042060336; 37220.5; 5923.17
510; 0.387246936069111; 43950.4710471702; 37815.45; 6049.54
511; 0.390192290633603; 44489.220138648; 38193.07; 6154.56
512; 0.389235501448951; 44958.7724956452; 38664.27; 6161.05
513; 0.393769810926609; 45705.4794528464; 39275.75; 6213.99
514; 0.393449091337873; 46190.680181069; 39688.32; 6282.11
515; 0.39216665740296; 46672.4233080592; 40099.69; 6363.71
516; 0.393791694675107; 47129.7744296542; 40486.93; 6397.69
517; 0.389799329041154; 47827.1968109859; 41096.3; 6541.34
518; 0.389317783603711; 48314.1076917183; 41496.14; 6626.65
519; 0.389167807314412; 48821.9698447506; 41917.64; 6705.56
520; 0.392645986181697; 49610.148390762; 42548.12; 6790.4
521; 0.386819363196259; 50047.9866585284; 42977.56; 6893.52
522; 0.384359000299222; 50502.3342338132; 43423.9; 6938.08
523; 0.387128512071162; 51288.9105307939; 44015.23; 7071.04
524; 0.385853331604231; 51807.0932308576; 44459.88; 7158.61
525; 0.385800463700866; 52249.187960026; 44853.54; 7199.39
526; 0.388555573458074; 52930.3360002848; 45445.09; 7227.5
527; 0.388225595122925; 53349.985692077; 45749.02; 7338.26
528; 0.386672421715653; 53727.2555436978; 46051.59; 7432.64
529; 0.388952448954095; 54068.401726376; 46325.08; 7446.85
530; 0.387708038066922; 54482.0960177062; 46663.24; 7536.36
531; 0.388039542272455; 54725.1100082171; 46895.43; 7533.44
532; 0.390307410513051; 54974.307108098; 47103.5; 7522.1
533; 0.391933087600522; 55299.7274242483; 47350.71; 7558.38
534; 0.392270051993003; 55472.1163797177; 47499.48; 7567.35
535; 0.388940000669331; 55609.5019009851; 47665.71; 7596.56
536; 0.387616761236394; 55914.0984466417; 47956; 7628.39
537; 0.386707802400639; 56134.524122172; 48154.07; 7659.54
538; 0.387476246637633; 56356.0482255229; 48333.48; 7676.39
539; 0.391407536891703; 56737.7856121705; 48638.4; 7664.33
540; 0.388492713839219; 56906.0524703416; 48781.81; 7737.72
541; 0.388238206048802; 57192.8653857433; 49000.63; 7801.09
542; 0.390496718492627; 57572.7504684549; 49330.89; 7796.44
543; 0.391529691877489; 57831.9339114788; 49574.67; 7784.29
544; 0.390804978310823; 58051.4427989049; 49814.41; 7773.5
545; 0.39163135341022; 58469.6039926927; 50138.07; 7839.71
546; 0.388355115219818; 58760.4210773052; 50409.36; 7917.92
547; 0.386163207578838; 59014.1800897888; 50662.12; 7956.91
548; 0.382933941172281; 59500.2254243603; 51154.89; 8010.79
549; 0.380103782532443; 59749.2180129995; 51448.39; 8020.41
550; 0.376189647262327; 60042.6001758425; 51787.69; 8052.21
551; 0.37515963416408; 60393.3844145057; 52108.28; 8096.98
552; 0.374116457270504; 60854.906292702; 52532.52; 8149.17
553; 0.373383965743033; 61133.9432756022; 52882.77; 8088.61
554; 0.374824375600801; 61457.4440780624; 53142.48; 8112.9
555; 0.37139131462854; 61914.0926084631; 53645.5; 8135.28
556; 0.375362607362763; 62320.5377793932; 53968.23; 8123.54
557; 0.373874901242564; 62631.6480609943; 54277.78; 8150.4
558; 0.374070885083844; 63201.7223504943; 54687.44; 8295.43
559; 0.372357624565683; 63575.037842214; 55059.41; 8327.75
560; 0.373134883985949; 64033.5436307192; 55464.5; 8355.33
561; 0.370673165587764; 64819.8037905468; 56171.38; 8481.63
562; 0.369261137708066; 65383.0670183546; 56732.23; 8509.08
563; 0.368453691705967; 65951.2698380859; 57284.76; 8536.23
564; 0.3631000169409; 66826.1808477862; 58131.67; 8683
565; 0.361815840064735; 67433.0427810623; 58723.39; 8722.57
566; 0.361595695464549; 67961.978592541; 59260.3; 8713.46
567; 0.359203622226123; 68672.7994420341; 59968.19; 8768.43
568; 0.355510816728003; 68974.9990269163; 60312.67; 8810.43
569; 0.353604833249339; 69180.9725744399; 60536.87; 8832.97
570; 0.352354543836; 69287.8802851925; 60654.49; 8847
571; 0.350851484442361; 69247.1264945607; 60645.86; 8845.03
572; 0.348405752256199; 69100.2625880535; 60593.21; 8802.53
573; 0.347167723365287; 68775.0263832119; 60388.41; 8701.9
574; 0.344028441742924; 68501.7465058121; 60192.1; 8693.52
575; 0.344024837780438; 68108.5315574794; 59917.07; 8563.1
576; 0.342932143242921; 67880.8404170308; 59761.86; 8507.77
577; 0.340839558525603; 67641.6588574489; 59641.09; 8428.61
578; 0.338653887869125; 67306.3776073484; 59423.5; 8351.72
579; 0.335040116709218; 67110.9224842981; 59274.96; 8385.25
580; 0.334841403533295; 66973.8040755389; 59125.77; 8396.82
581; 0.331641622670042; 66711.6930105184; 58924.46; 8406.26
582; 0.330358356708767; 66553.8916202409; 58842.88; 8350.45
583; 0.326791933215114; 66400.9808828952; 58773.45; 8344.55
584; 0.327819544177582; 66283.2482019433; 58634.76; 8335.83
585; 0.327195712109695; 66200.751035944; 58543.05; 8356.35
586; 0.320805328365587; 66068.1979566173; 58471.96; 8448.9
587; 0.320407178809424; 65905.5358391168; 58404.36; 8348.32
588; 0.317228068397205; 65758.4668620366; 58360.19; 8311.12
589; 0.314446949492385; 65629.4657330226; 58331.89; 8265.55
590; 0.309398507011832; 65519.858498361; 58337.01; 8263.17
591; 0.306707216409461; 65395.796151874; 58293.38; 8237.16
592; 0.304870886006832; 65364.9563356284; 58296.42; 8242.06
593; 0.299358157164845; 65306.9867843298; 58354.29; 8251.08
594; 0.302015312002319; 65401.2100847559; 58474.67; 8142.58
595; 0.298608688657277; 65577.1523986096; 58691.02; 8182.26
596; 0.297323851733362; 65778.5071612528; 58910.07; 8191.32
597; 0.294835917966216; 66027.6652598681; 59148.04; 8268.66
598; 0.293233808881534; 66554.0757572226; 59669.64; 8314.38
599; 0.292784007768638; 67057.4399272456; 60111.73; 8395.94
600; 0.29131192559741; 67586.5506323148; 60597.36; 8485.8
601; 0.289824909429657; 68435.2714105532; 61431.73; 8541.42
602; 0.28522488290819; 69054.3358855343; 62030.86; 8698.58
603; 0.283839017852585; 69675.3118743488; 62682.2; 8697.72
604; 0.281557501005666; 70588.2707448553; 63509.51; 8869.93
605; 0.282870895822772; 71226.8747990108; 64042.25; 8955.31
606; 0.281559273253002; 71825.2975316038; 64550.97; 9103.79
607; 0.278655015347273; 72466.3776559074; 65111.84; 9294.41
608; 0.274180734867547; 72740.2749455821; 65429.29; 9384.39
609; 0.270328007686616; 73107.8738517281; 65822.24; 9479.31
610; 0.268561754646409; 73199.2906016677; 65955.41; 9481.14
611; 0.266789905386896; 73276.6540020823; 66022.08; 9552.58
612; 0.26269588569852; 73174.6893170319; 66019.65; 9562.45
613; 0.257400622478995; 73017.3967244737; 66016.95; 9542.42
614; 0.253668549177273; 72717.1213873061; 65905.75; 9415.73
615; 0.249209194679878; 72172.1206565617; 65585.75; 9262.15
616; 0.246328428230338; 71774.7558952848; 65316.88; 9181.97
617; 0.24208237594798; 71058.3653380565; 64768.34; 9095.05
618; 0.237760730818619; 70519.0831759464; 64373.64; 9042.15
619; 0.233328199662288; 69968.6004900255; 63985.54; 8965.65
620; 0.230377572614611; 69239.6818462359; 63448.32; 8784.82
621; 0.229001151468205; 68716.1978441826; 63011.38; 8701.12
622; 0.226908684187678; 68244.9047414517; 62594.57; 8693.06
623; 0.223253735712429; 67560.6624532423; 62070.14; 8581.34
624; 0.222138464613411; 67147.5716307235; 61741.91; 8487.03
625; 0.218025876869686; 66502.9087882352; 61215.67; 8453.6
626; 0.217072614829953; 66134.7234864648; 60906.9; 8391.25
627; 0.217957577122632; 65780.5241873006; 60552.71; 8353.36
628; 0.214264104122317; 65145.7329484471; 59996.17; 8366.11
629; 0.209047841582557; 64721.9735724731; 59718.79; 8327.32
630; 0.206570610243279; 64363.979507501; 59494.05; 8198.99
631; 0.204744798078636; 63893.8293870001; 59130.04; 8088.35
632; 0.200118023981945; 63525.0041898716; 58876.05; 8072.41
633; 0.198123828441758; 63090.6105974959; 58511.89; 8027.04
634; 0.194122987453727; 62776.0860720492; 58308.74; 7989.54
635; 0.189014271179014; 62448.145256984; 58140.12; 7908.54
636; 0.183407460758677; 62081.9409881015; 57915.51; 7878.13
637; 0.180286730780677; 61800.3390021705; 57722.82; 7838.74
638; 0.178548126157981; 61568.2318638305; 57474.46; 7941.82
639; 0.171595215471297; 61133.2974174674; 57165.91; 8003.89
640; 0.170034000826; 60940.399600041; 57008.09; 8001.12
641; 0.166978669855364; 60586.1835484301; 56758.58; 7926.46
642; 0.167928301131055; 60384.4089368627; 56539.98; 7912.17
643; 0.167578130644665; 60205.082258585; 56371.02; 7903.44
644; 0.166094105572667; 59880.1728160637; 56100.39; 7857.3
645; 0.165029854857177; 59705.4842270974; 55952.09; 7849.35
646; 0.16249338878741; 59400.7134120515; 55757.04; 7735.25
647; 0.164687045951032; 59271.6591030236; 55605.78; 7675.61
648; 0.166460331694975; 59107.0172360153; 55421.19; 7632.06
649; 0.166943603858898; 58912.6649998807; 55233.83; 7592.22
650; 0.16275997102471; 58698.3271849164; 55116.84; 7578
651; 0.161248555925705; 58493.892931729; 54970.38; 7521.71
652; 0.160373128429551; 58331.3066342092; 54836.02; 7498.47
653; 0.160668221858182; 58185.5817723814; 54697.14; 7466.34
654; 0.161336036572669; 58030.0273918677; 54559.48; 7393.84
655; 0.155890703829542; 57819.8431311551; 54465.02; 7393.93
656; 0.15192212118194; 57572.1574000789; 54312.69; 7368.41
657; 0.147016664753476; 57394.631057446; 54258.2; 7324.28
658; 0.147291443733545; 57295.7929895958; 54165.73; 7293.21
659; 0.142746177589728; 57092.519043616; 54053.82; 7302.78
660; 0.138794687427842; 56917.1162602493; 53974.86; 7269.33
661; 0.133036845755394; 56649.8941054786; 53820.55; 7288.84
662; 0.130071718432024; 56486.1032234867; 53704.12; 7326.33
663; 0.129243700664529; 56383.1618470594; 53597.59; 7378.87
664; 0.125443704028907; 56191.9166941173; 53483.1; 7388.78
665; 0.125547854256375; 56036.8883212389; 53326.55; 7383.97
666; 0.124406147968529; 55826.996311564; 53150.66; 7355.43
667; 0.123745695452478; 55651.4254381343; 52998.89; 7326.55
668; 0.124748494756295; 55521.5565238652; 52847.85; 7323.5
669; 0.126518228901036; 55355.286114463; 52664.94; 7263.21
670; 0.125674825721718; 55215.2816946541; 52553.29; 7232.11
671; 0.121724514102235; 54929.8786681994; 52404.63; 7079.27
672; 0.117978561703395; 54738.7682939219; 52310.27; 7020.25
673; 0.115435383209419; 54531.8463560912; 52154.03; 7021.01
674; 0.114048919578482; 54237.9924244015; 51884.46; 7029.82
675; 0.113476126676035; 54039.4890075038; 51726.62; 6940.14
676; 0.109613082409653; 53716.1147785605; 51487.64; 6919.48
677; 0.10612816693533; 53408.8163075134; 51264.41; 6874.84
678; 0.106406339057017; 52984.8588501482; 50861.27; 6787.88
679; 0.106152561258982; 52720.1354975256; 50607.72; 6765.89
680; 0.10719889399795; 52435.8280103374; 50288.84; 6807.27
681; 0.104887304661777; 51987.3930885214; 49879.04; 6829.65
682; 0.102335126748128; 51654.2135168536; 49603.29; 6806.66
683; 0.103111524796894; 51270.9848103451; 49190.55; 6849.95
684; 0.106734284842911; 51026.3438172992; 48851.84; 6914.18
685; 0.105828930941854; 50641.194469662; 48496.41; 6875.35
686; 0.104973337445403; 50385.0589244745; 48259.88; 6865.56
687; 0.103937337701964; 50112.2642296614; 48015.34; 6839.14
688; 0.101765010387227; 49683.6279795248; 47660.66; 6736.35
689; 0.101587821171881; 49434.5595321011; 47430.35; 6683.12
690; 0.098197843336329; 49033.2801758675; 47114.92; 6615.1
691; 0.0945991061569064; 48709.6425372259; 46875.41; 6563.05
692; 0.0888569730000495; 48368.1693481572; 46671.62; 6460.16
693; 0.0903366895485548; 47970.0677037261; 46240.6; 6475.1
694; 0.090931545348119; 47678.5570188665; 45936.72; 6476.21
695; 0.093129429567262; 47288.8852460893; 45505.74; 6470.6
696; 0.0915589160876192; 46998.6781558912; 45255.77; 6430.36
697; 0.0905618163534193; 46570.2311447425; 44881.07; 6297.83
698; 0.0918838864218748; 46323.63863833; 44617.46; 6267.1
699; 0.0918062407574801; 45951.5540039399; 44279.79; 6143.47
700; 0.0919654675135019; 45737.1455942842; 44098.54; 6008.83
701; 0.0919251259387929; 45516.2261978739; 43886.31; 5977.78
702; 0.0843166478119007; 45136.6077695862; 43667.22; 5873.37
703; 0.0850824973850556; 44917.2836596951; 43450.12; 5809.93
704; 0.086079206128677; 44640.9844073352; 43177.28; 5727.38
705; 0.0843942933325674; 44404.1781462421; 42984.61; 5663.34
706; 0.0843742959474126; 44110.6997547216; 42694.41; 5649.54
707; 0.0852127652566553; 43907.8380035922; 42461.28; 5711.07
708; 0.0860787830154217; 43684.9417916748; 42219.65; 5724.39
709; 0.0835819395646656; 43318.4669526265; 41899.34; 5707.57
710; 0.0872321737201491; 43124.2719845998; 41648.14; 5686.33
711; 0.0828606528125976; 42755.2944504368; 41364.18; 5640.34
712; 0.0828796891165059; 42498.0333549372; 41116.32; 5599.74
713; 0.0844347952321464; 42159.9198785511; 40762.56; 5557.66
714; 0.0815662758475128; 41841.1418598908; 40520.22; 5437.41
715; 0.0775489996768298; 41426.2443883958; 40202.88; 5294.92
716; 0.0794616798730901; 41170.4267725313; 39932.78; 5226.2
717; 0.0766527532347355; 40805.5328619125; 39629.07; 5147.84
718; 0.0744468296304468; 40300.919999765; 39183.73; 5031.33
719; 0.0789844507305376; 39969.9953047548; 38793.68; 4991.12
720; 0.0833622128120129; 39502.6776655765; 38280.05; 4913.24
721; 0.0801570654752571; 39169.2074014879; 37997.72; 4894.17
722; 0.0855152262777474; 38704.8040978357; 37461.34; 4867.58
723; 0.0887325544911417; 38376.276039951; 37089.11; 4854.17
724; 0.0887972243131788; 37899.1944475807; 36612.24; 4848.05
725; 0.0937439013223873; 37735.3260194153; 36385.09; 4816.26
726; 0.0904734578505976; 37434.1438579767; 36131.54; 4812.54
727; 0.0847028852942967; 37260.6522548187; 36040.6; 4812.86
728; 0.0825054561572487; 37110.568766689; 35923.5; 4805.84
729; 0.0858703861552749; 37026.2468941105; 35794.86; 4788.58
730; 0.0797767091730477; 36936.5134853535; 35804.98; 4735.07
731; 0.0772527213606437; 36978.8564311448; 35898.6; 4667.75
732; 0.0769939392979973; 37004.9662216923; 35931.8; 4652.12
733; 0.0776890477211291; 37022.0184613157; 35937.66; 4658
734; 0.0757579995509636; 36992.3725238643; 35940.73; 4632.18
735; 0.0729717143256855; 36924.7315984709; 35910.34; 4637.56
736; 0.072778677081767; 36867.8026324742; 35853.79; 4646.83
737; 0.073783691709716; 36805.6974604781; 35763.82; 4707.89
738; 0.0741186852222432; 36731.9284069427; 35686.23; 4702.2
739; 0.0790348188242416; 36679.0029837373; 35566.35; 4690.32
740; 0.0759333384528942; 36582.1901732741; 35518.53; 4665.2
741; 0.079480600635674; 36562.1971492004; 35438.57; 4706.66
742; 0.0882279671049842; 36632.0686420848; 35376.98; 4734.62
743; 0.0922697367708737; 36700.6487260121; 35384.87; 4744.52
744; 0.0957359794297729; 36917.4079874802; 35557.26; 4725.32
745; 0.091087914529152; 37008.9105766014; 35711.59; 4735.27
746; 0.0941166098381022; 37265.6827456907; 35904.99; 4804.96
747; 0.0953530103384425; 37452.5875104103; 36064.38; 4836.75
748; 0.0979355679025257; 37700.8845124021; 36277.22; 4827.83
749; 0.0952168586371298; 37757.2162998441; 36375.65; 4817.49
750; 0.0946183937759861; 37738.7507529934; 36374; 4787.76
751; 0.0953854104066585; 37693.8253957817; 36336.55; 4723.1
752; 0.095703591568304; 37445.8644557907; 36099.96; 4667.67
753; 0.0967887617764636; 37200.4126360266; 35843.88; 4651.64
754; 0.0921833647599002; 36667.1684373358; 35400.69; 4559.52
755; 0.0905505503161442; 36268.2629586966; 35033.68; 4523.71
756; 0.0896635146330318; 35639.6278356783; 34423.24; 4499.87
757; 0.0908575975128541; 35258.847198854; 34033.43; 4471.88
758; 0.0955000818513196; 34718.7356155082; 33441.09; 4434.02
759; 0.0948690481050045; 34321.7137596701; 33053.61; 4428.1
760; 0.0954873201600331; 33947.2809830024; 32681.41; 4389.62
761; 0.1048430811756; 33472.2520188978; 32094.24; 4350.03
762; 0.106238528743999; 33136.7123091867; 31738.87; 4352.62
763; 0.107926118777534; 32658.2199877788; 31268.89; 4256.73
764; 0.109116677497601; 32344.1237024291; 30955.78; 4205.71
765; 0.107969431623652; 31874.1660762947; 30523.94; 4133.31
766; 0.105983413266018; 31588.0710929802; 30282.24; 4071.93
767; 0.10769335482709; 31166.069122973; 29889.65; 3917.14
768; 0.104085491430139; 30864.7811525996; 29645; 3873.2
769; 0.102393676081139; 30446.6548342101; 29266.15; 3810.18
770; 0.100506858227663; 30170.7431964022; 29018.85; 3787.39
771; 0.0989403311518627; 29811.3651497321; 28680.35; 3776.08
772; 0.0993357826781239; 29571.7512425517; 28446.72; 3739.62
773; 0.102482110753647; 29209.4824654627; 28058.77; 3705.92
774; 0.100452322299658; 28953.056400035; 27829.59; 3689.54
775; 0.103197126675813; 28600.6992558683; 27439.76; 3709.91
776; 0.106845154957131; 28418.2115652828; 27237.96; 3641.47
777; 0.109522050755744; 28121.2914114855; 26913.56; 3634.26
778; 0.113967079951532; 27958.8172836255; 26715.7; 3593.82
779; 0.113643417250226; 27623.3793598839; 26401.43; 3541.9
780; 0.113650786333327; 27435.0735455961; 26209.45; 3551.42
781; 0.110773401619752; 27149.1451997984; 25959.69; 3535.36
782; 0.111571379999101; 26974.8427587581; 25778.2; 3530.39
783; 0.11291230739502; 26681.822341959; 25494.21; 3461.37
784; 0.113514508843516; 26502.4602840834; 25318.31; 3432.1
785; 0.115813968032981; 26244.3086654711; 25049.77; 3392.5
786; 0.112870311850828; 26051.3219471288; 24888.1; 3388.75
787; 0.121177806378189; 25836.8149500198; 24582.52; 3402.48
788; 0.117043457762551; 25628.833520881; 24429.24; 3367.97
789; 0.121273698646145; 25391.4648150727; 24166.33; 3318.75
790; 0.121219877591597; 25212.5814477962; 23986.74; 3321.19
791; 0.120388189610099; 24953.4526621359; 23719.03; 3366.69
792; 0.121993416571498; 24796.5832155784; 23546.07; 3364.95
793; 0.125693762200531; 24536.646894003; 23263.87; 3323.4
794; 0.125170458968426; 24357.5473856421; 23096.99; 3304.73
795; 0.130157732711104; 24135.2225435011; 22857.12; 3222.13
796; 0.13039367502546; 23896.127748906; 22628.84; 3188.88
797; 0.131612319195276; 23723.9385365373; 22457.2; 3157.88
798; 0.139422272472043; 23550.149081008; 22251.53; 3055.91
799; 0.138009226659437; 23391.2963004947; 22129.09; 3000.25
800; 0.136669847502954; 23172.2852508757; 21918.26; 3009.63
801; 0.140345027085078; 23022.413978482; 21741.23; 2993.24
802; 0.145493896228417; 22827.3368754024; 21479.09; 3037.38
803; 0.150197477734885; 22723.695027054; 21336.34; 3026.35
804; 0.150451819998944; 22542.0797171777; 21187.49; 2948.75
805; 0.153156239674012; 22404.0891860023; 21034.56; 2927.88
806; 0.155521070747893; 22211.3541534058; 20836.79; 2893.22
807; 0.160567968700039; 22119.93319117; 20715.72; 2862.27
808; 0.163441994773291; 21934.9027541368; 20539.9; 2792.96
809; 0.163046294196503; 21800.121004774; 20424.64; 2760.03
810; 0.168210233496576; 21610.8924602003; 20224.7; 2695.53
811; 0.166561468327272; 21470.6167389164; 20091.86; 2706.83
812; 0.16626376429798; 21252.3514735228; 19884.31; 2689.74
813; 0.165464184443738; 21143.7438532556; 19793.26; 2667.28
814; 0.166037201440385; 20965.8289435354; 19615.6; 2656.72
815; 0.163695900698456; 20817.8604163117; 19510.51; 2608.64
816; 0.162535011715368; 20626.3547503261; 19316.71; 2631.29
817; 0.165262098735738; 20492.6693131821; 19151.29; 2650.15
818; 0.163769337957531; 20343.2739314209; 19034.43; 2609.02
819; 0.170313151372001; 20163.8891982698; 18814.23; 2586.51
820; 0.170571030546004; 20029.8091825016; 18689.96; 2563.25
821; 0.171542910934132; 19843.6217345273; 18518.27; 2520.42
822; 0.173976929871079; 19735.1860989934; 18404.2; 2495
823; 0.181924271194472; 19624.2398793604; 18260.87; 2443.43
824; 0.180085815103675; 19489.5083350374; 18158.8; 2408.62
825; 0.184275137409402; 19356.9653295631; 18009.86; 2382.79
826; 0.185607326582442; 19274.5421814645; 17931.53; 2358.5
827; 0.186051781742563; 19150.6316182298; 17798.05; 2369.86
828; 0.188433131270482; 19056.6858943661; 17684; 2374.92
829; 0.18837636233634; 18903.2755346472; 17555.02; 2333.13
830; 0.18041895368927; 18713.4577530747; 17403.79; 2366.16
831; 0.180546008510517; 18609.3903566847; 17305.83; 2352.33
832; 0.179701312443874; 18469.3924222393; 17198.16; 2303.66
833; 0.176879041323926; 18348.6807965205; 17119.37; 2262.14
834; 0.17654613262874; 18225.6283298388; 17011.62; 2237.18
835; 0.177014387872191; 18132.2121607125; 16937.08; 2196
836; 0.188580587278437; 18055.380971618; 16817.17; 2135.06
837; 0.18696792555126; 17950.0227065369; 16729.78; 2122.5
838; 0.191430337625231; 17819.4763308776; 16579.8; 2106.31
839; 0.195427941625172; 17665.6066892975; 16431.87; 2054.8
840; 0.195673707996717; 17595.6550758276; 16338.43; 2091.29
841; 0.195769884384153; 17441.7431328608; 16176.85; 2105.39
842; 0.193940806955502; 17352.3890793845; 16100.15; 2103.51
843; 0.190523108380118; 17198.6111812045; 15963.29; 2111.77
844; 0.192866478423053; 17124.1587639142; 15892.03; 2080.25
845; 0.203305756137539; 17014.6753131452; 15721.29; 2071.01
846; 0.203806700635397; 16943.9327130235; 15640.73; 2081.13
847; 0.206155852071191; 16827.7198829084; 15512.12; 2076.45
848; 0.211480028572144; 16721.8221728222; 15379; 2065.59
849; 0.214356214689993; 16621.2383410379; 15291.55; 2017.42
850; 0.22270876719844; 16475.4780327592; 15122.34; 1975.49
851; 0.220419993254627; 16361.8012825936; 15033.42; 1959.04
852; 0.217187203394102; 16188.4247629465; 14892.72; 1938.79
853; 0.213228143498422; 16066.5940457758; 14821.77; 1896.81
854; 0.212479552491031; 15885.4956037808; 14666.47; 1863.56
855; 0.215075914051267; 15683.7126708102; 14480.87; 1816.21
856; 0.208991190262546; 15562.5535279867; 14373.72; 1846.96
857; 0.214401824766105; 15412.2077413611; 14195.76; 1841.75
858; 0.207807542309472; 15277.1062427677; 14085.44; 1861.12
859; 0.208582641201591; 15108.0025663189; 13917.36; 1852.25
860; 0.209965788136233; 14991.2803474467; 13810.98; 1823.65
861; 0.212274472640028; 14844.2495034403; 13662.8; 1805.22
862; 0.209410971546304; 14687.3604628669; 13537.19; 1781.11
863; 0.212063733023514; 14583.0292160552; 13438.2; 1750.32
864; 0.212751273628762; 14401.4216666087; 13288.14; 1696.2
865; 0.211015111121359; 14281.6522456022; 13208.2; 1648.65
866; 0.209623514462773; 14093.0932997658; 13052.04; 1609.19
867; 0.209306669109188; 13852.2044684128; 12842.9; 1562.12
868; 0.206460350840182; 13673.9804045821; 12685.62; 1550.49
869; 0.214175836453705; 13456.2737878109; 12452.22; 1518.07
870; 0.215092134483489; 13282.8550908126; 12312.23; 1460.99
871; 0.219463234590108; 13015.2269934503; 12058.87; 1410.52
872; 0.220166152830838; 12825.7496042875; 11877.36; 1394.03
873; 0.222540790653245; 12559.7664676198; 11599.66; 1395.92
874; 0.230181889994801; 12341.091667861; 11341.58; 1404.65
875; 0.23286425893621; 12194.2834521487; 11199.45; 1381.7
876; 0.234573255279714; 11965.5294381719; 10955.32; 1392.56
877; 0.234448958486832; 11803.7466274513; 10806.42; 1375.26
878; 0.242045573607533; 11622.0016402957; 10606.06; 1356.65
879; 0.245123492517308; 11471.5527171968; 10447.83; 1349.61
880; 0.248067450880621; 11377.9316744482; 10366.94; 1316.75
881; 0.250542562282629; 11248.8575141213; 10243.98; 1295.56
882; 0.248548089925142; 11161.6308640875; 10190.2; 1262.24
883; 0.248860222666368; 11066.0339288339; 10089.13; 1267.51
884; 0.252736830901603; 10989.399107155; 9988.4; 1278.6
885; 0.253038326648918; 10923.6980339093; 9913.56; 1288.44
886; 0.250720984273871; 10824.9189974345; 9804.76; 1312.99
887; 0.248879039827109; 10774.3123850946; 9763.04; 1310.97
888; 0.253922162720013; 10708.9328076855; 9696.05; 1286.81
889; 0.26642745484246; 10677.2468951454; 9644.06; 1250.79
890; 0.266256681730961; 10645.9335767319; 9630.85; 1229.46
891; 0.269212116517036; 10607.0482993341; 9604.7; 1200.51
892; 0.269464128862671; 10632.4242897308; 9632.5; 1196.29
893; 0.269686579664945; 10680.7680389446; 9695.44; 1177.7
894; 0.280195964533687; 10805.3694789396; 9773.06; 1187.38
895; 0.278373472078677; 10879.3500906138; 9825.7; 1219.66
896; 0.278722801439774; 11026.6091236236; 9951.28; 1242.99
897; 0.273523724080355; 11126.3717279945; 10040.59; 1278.76
898; 0.278919928403428; 11347.4465982112; 10233.74; 1286.06
899; 0.28386081120496; 11567.7396246232; 10407.18; 1316.62
900; 0.278349905440223; 11674.2840044205; 10519.34; 1335.97
901; 0.277271549732621; 11817.2895519616; 10674.23; 1327.19
902; 0.271732062655763; 11918.1614907213; 10803.41; 1320.49
903; 0.274724188163043; 11990.3709899394; 10845.48; 1341.2
904; 0.275518437555489; 12039.2204728483; 10871.89; 1363.32
905; 0.27505188167957; 12021.8960804137; 10842.71; 1379.32
906; 0.269204045130592; 11929.884703715; 10775.52; 1379.39
907; 0.273160009353818; 11799.0555670519; 10665.88; 1334.24
908; 0.273942148318736; 11672.9038376718; 10561.98; 1304.09
909; 0.280190877423696; 11439.0541710996; 10342.42; 1258.44
910; 0.271369418236834; 11137.6839940421; 10084.23; 1247.98
911; 0.273179365798965; 10901.1577976738; 9884.34; 1196.4
912; 0.277501163607288; 10527.2039226649; 9558.26; 1122.13
913; 0.285214521323202; 10266.8325730917; 9303; 1085.88
914; 0.286061170334262; 9864.85072307252; 8920.23; 1060.91
915; 0.279971948311589; 9464.54749510409; 8545.32; 1054.67
916; 0.273021493152729; 9204.24276336037; 8311.13; 1050.62
917; 0.272515491021024; 8812.0782955124; 7972.82; 988.97
918; 0.269197247728424; 8458.59824207615; 7671.41; 938.89
919; 0.264100147828878; 8235.03422050141; 7486.3; 910.14
920; 0.256618668784137; 7907.12016332162; 7193.89; 892.14
921; 0.25716636840854; 7611.49082325284; 6920.81; 861.98
922; 0.25957426089868; 7428.93635361552; 6748.05; 841.79
923; 0.270364993947494; 7157.15609215858; 6496.05; 784.61
924; 0.273542307230309; 6984.86787044669; 6335.94; 761.11
925; 0.276607034698962; 6714.07274501974; 6077.93; 737.75
926; 0.281990707861978; 6453.55703184789; 5815.14; 726.18
927; 0.275407020828888; 6279.46210800021; 5665.7; 714.73
928; 0.271309285270813; 6011.413460083; 5437.06; 678.85
929; 0.271277156260595; 5728.57050773199; 5175.42; 653.78
930; 0.275396438014367; 5541.45823351524; 4999.79; 630.57
931; 0.255468674463154; 5195.5732882565; 4725.43; 589.92
932; 0.261882859616146; 4848.411941888; 4403.79; 544.16
933; 0.255191793105132; 4579.88487879637; 4171.45; 512.91
934; 0.267121411191828; 4151.70612680984; 3774.84; 452.07
935; 0.260619987108597; 3676.39740169902; 3360.06; 388.89
936; 0.249118403405884; 3354.31324794197; 3086.68; 344.16
937; 0.24186772116293; 2880.38037108822; 2658.99; 293.19
938; 0.229711805893351; 2441.57732407468; 2252; 264.31
939; 0.230487576329494; 2193.31889376664; 2024.61; 234.4
940; 0.226051943019996; 1874.56638302986; 1733.22; 200.21
941; 0.190511761933996; 1632.88437144272; 1538.72; 158.24
942; 0.177835373984653; 1520.48278120861; 1438.65; 147.3
943; 0.231606423086069; 1429.27632373412; 1334.26; 131.31
944; 0.266085702273736; 1395.60694847221; 1289.05; 128.16
945; 0.287054966475391; 1401.49333340356; 1279.67; 135.8
946; 0.285084455441499; 1418.47214253377; 1299.75; 133.24
947; 0.296404328824267; 1467.40981487039; 1341.65; 135.73
948; 0.291886191106025; 1511.1295511188; 1372.3; 152.14
949; 0.310807494533364; 1601.19704753968; 1429.17; 177.02
950; 0.320401858810229; 1696.13392218208; 1522.48; 173.32
951; 0.326458107169073; 1763.37491957834; 1580.34; 179.27
952; 0.341753441286274; 1860.87546596629; 1680.01; 169.2
953; 0.342645843436957; 1968.93510956952; 1761.43; 193.59
954; 0.334163968876669; 2029.67913627171; 1813.87; 206.42
955; 0.340739559804914; 2135.62562026023; 1902.81; 218.36
956; 0.367550944365985; 2237.06551883093; 2005.39; 201.42
957; 0.358396659255077; 2294.99937170799; 2063.96; 205.97
958; 0.334552650335718; 2362.62781388173; 2131.01; 221.18
959; 0.35008800922047; 2447.5865436964; 2196.72; 228.9
960; 0.36253715121863; 2487.12259180064; 2252.42; 206.77
961; 0.341420524291376; 2552.6617338447; 2309.05; 227.87
962; 0.328118157697953; 2596.81477783288; 2346.14; 243.95
963; 0.312377336810707; 2610.99267769219; 2362.87; 253.6
964; 0.318677100075995; 2642.52881387823; 2387.56; 255.42
965; 0.298118007602739; 2670.10213027194; 2411.05; 277.37
966; 0.28507132142457; 2682.15272321534; 2422.73; 290.45
967; 0.295162242677489; 2706.77190512632; 2412.51; 318.15
968; 0.28934574599966; 2705.84334880391; 2424.46; 310.3
969; 0.300937628248547; 2709.02176467189; 2433.22; 292.4
970; 0.302391708947037; 2708.36010864681; 2425.52; 298.38
971; 0.295544007255574; 2697.6327874658; 2406.15; 314.58
972; 0.319978316937156; 2696.44319805243; 2389.96; 305.48
973; 0.322542379170635; 2690.61583434631; 2390.88; 296.34
974; 0.3181824629371; 2649.57201397929; 2376.55; 273.6
975; 0.335156850478239; 2644.53815327938; 2360.35; 270.33
976; 0.330916152709653; 2637.11990271025; 2346.14; 280.3
977; 0.32346840674396; 2617.37580435124; 2340.7; 272.63
978; 0.312117070207177; 2580.64712385132; 2312.92; 273.37
979; 0.306981502408482; 2552.01328298768; 2292.47; 269.42
980; 0.300014579538293; 2526.68610004658; 2271.21; 271.32
981; 0.302250486922445; 2508.91598986714; 2242.64; 280.66
982; 0.296601271988044; 2458.10813813823; 2202.63; 274.38
983; 0.287167167795055; 2418.16749090614; 2191.33; 251.59
984; 0.310372225515078; 2386.72133010792; 2150.38; 242.5
985; 0.32692518163779; 2354.04609259282; 2126.43; 221.7
986; 0.325282457700378; 2312.07925945859; 2089.99; 217.38
987; 0.33599727419362; 2292.15573679813; 2070.96; 209.58
988; 0.334381676341968; 2237.29823689542; 2031.15; 196.24
989; 0.349411093124517; 2202.33269973239; 2001.59; 182.85
990; 0.354943657235542; 2186.37861215731; 1964.58; 198.86
991; 0.32333908772324; 2128.00163477802; 1922.47; 202.26
992; 0.355329650297962; 2094.20569912272; 1892.5; 180.6
993; 0.342833930801719; 2045.35672979992; 1843.17; 187.61
994; 0.333923640000204; 2010.74928202462; 1823.97; 177.92
995; 0.309524451571774; 1962.93451167212; 1786.35; 181.45
996; 0.323097783317772; 1926.57458894074; 1743.39; 180.3
997; 0.296400330454704; 1871.53180595426; 1714.96; 167.97
998; 0.303393774150632; 1846.33100278029; 1691.86; 161.88
999; 0.266313625942279; 1793.52248060498; 1639.65; 183.68
1000; 0.27505327376922; 1760.57435785249; 1609.32; 174.8
1001; 0.277808790712646; 1733.3536545513; 1574.59; 181.64
1002; 0.295990017023728; 1698.78346512494; 1536.62; 174.11
1003; 0.262806228190903; 1650.32395944887; 1503.2; 177.89
1004; 0.300290462820572; 1621.33641782687; 1462.01; 168.58
1005; 0.312273760597199; 1598.75805975365; 1442.35; 159.12
1006; 0.335855333379886; 1567.74745092913; 1418.13; 141.51
1007; 0.340694966461765; 1532.86516155906; 1387.48; 135.54
1008; 0.328969117913273; 1498.7620208407; 1361.78; 132.24
1009; 0.342379015892328; 1472.28188326166; 1342.09; 120.75
1010; 0.356853652268439; 1438.16230856598; 1308.87; 115.04
1011; 0.324674165232673; 1396.00158174476; 1283.94; 109.58
1012; 0.307637639867804; 1363.06363394699; 1251.78; 114.83
1013; 0.311560656930344; 1344.45480205414; 1226.98; 119.68
1014; 0.316465041510361; 1305.48141009955; 1191.45; 114.36
1015; 0.340831794617365; 1276.27533204993; 1162.48; 105.95
1016; 0.319812617728797; 1236.73142429614; 1141.02; 94.96
1017; 0.299967349481188; 1208.16457169297; 1125.72; 87.2
1018; 0.286901149153602; 1181.34369971539; 1093.11; 97.56
1019; 0.303682399275667; 1145.6714053384; 1062.77; 86.59
1020; 0.301467559934252; 1110.24836008774; 1039.53; 74.4
1021; 0.265050314197281; 1086.89974139701; 1027.85; 70.65
1022; 0.272283495255126; 1058.5844040382; 1001.12; 66.92
1023; 0.256786998591181; 1031.72204586932; 969.14; 77.27
1024; 0.261817363634832; 1013.31522703788; 953.82; 72.04
1025; 0.282887009864116; 994.241875746442; 932.44; 69.25
1026; 0.282699551845522; 975.297186920985; 909.32; 73.97
1027; 0.252474917250527; 949.888379541876; 891.7; 73.04
1028; 0.24890714742332; 928.513605277176; 867.22; 78.03
1029; 0.22050385000097; 903.50710145073; 845.82; 82.89
1030; 0.211528883920888; 881.042879262435; 820.39; 90.84
1031; 0.235349907072068; 856.288061062647; 787.28; 92.88
1032; 0.286540500880237; 845.392928890783; 774.62; 78.23
1033; 0.285047257159076; 820.769306911396; 749.98; 78.65
1034; 0.278183685204484; 801.38169122801; 726; 85.81
1035; 0.276227975956583; 778.631541433623; 702.83; 86.89
1036; 0.289673047797783; 762.605018831409; 698.12; 70.48
1037; 0.327907377176133; 746.175245579597; 685.86; 58.23
1038; 0.306773329032036; 737.014228750939; 684.37; 54.32
1039; -0.229984310607662; 706.18152053355; 735.85; 40.83
1040; -0.113337331558704; 736.898264415862; 710.26; -74.38
1041; 0.0344184872425841; 688.25901958858; 684.65; 33.18
