# 08/03/2019 17:26:34
# NanoCalc data
# Original file name: C:\SVA_DATA\StudentProjects\2018_Nathan\PSswelling_080319\PSswelling2_665.dat
# Fit Result : Fitness; Thickness 1; Thickness 2; Thickness 3 
# Fit Result : 26.3574230639111; 2; 190; -1
# comment:PS ID:349 ref:withoptics.ref slowslow2 start 15:37
#
# WaveLength; Reflectance; Raw Intensity; Dark Intensity; Reference Intensity
400; 0.199635762726087; 4171.68941764524; 3869.39; 734.26
401; 0.186159920822844; 4294.63795552888; 4006.64; 746.92
402; 0.183635209244053; 4386.24893511745; 4085.87; 786.28
403; 0.173905836118222; 4473.19081244065; 4170.5; 833.19
404; 0.177937256425831; 4588.5694817541; 4276.9; 834.94
405; 0.177383603274374; 4747.25710016876; 4420.61; 874.39
406; 0.178407947623855; 4853.64685175445; 4512.32; 904.88
407; 0.187126505530735; 4983.62421484773; 4618.2; 920
408; 0.188789504754062; 5100.31393587135; 4719.05; 947.65
409; 0.189321114651093; 5215.18714137566; 4825.46; 962.39
410; 0.201714484158844; 5386.70184348243; 4957.25; 991.61
411; 0.200927567973008; 5481.53374499998; 5054.41; 986.6
412; 0.211085657997981; 5578.10908207794; 5122.07; 999.14
413; 0.208459980944703; 5658.64767319148; 5198.54; 1017.35
414; 0.211078759453261; 5802.22061739161; 5328.84; 1030.24
415; 0.217071850687017; 5905.9690533429; 5407.41; 1051.61
416; 0.220475710239435; 5989.84040886482; 5484.24; 1046.5
417; 0.226926401380991; 6085.69363600761; 5557.11; 1059.45
418; 0.230558262110023; 6241.10727114133; 5686.9; 1089.66
419; 0.228496764326139; 6329.69595482944; 5778.65; 1089.96
420; 0.237785661256125; 6458.11908740615; 5873.63; 1107.63
421; 0.237202467350634; 6593.60903889221; 5999.37; 1125.58
422; 0.257777823013525; 6819.76237946043; 6161.07; 1144.72
423; 0.261199702641224; 6960.84929687628; 6283.37; 1158.5
424; 0.261182375285136; 7106.63790952728; 6410.67; 1186.66
425; 0.261818965658025; 7274.64867599032; 6557.12; 1217.13
426; 0.272709371714416; 7535.08861904344; 6756.41; 1264.66
427; 0.27887389328311; 7718.646987208; 6894.52; 1305.3
428; 0.285861069230391; 7897.09008591246; 7042.42; 1316.97
429; 0.28223909218327; 8038.99805915102; 7172.4; 1349.15
430; 0.293039181854248; 8282.04620743466; 7362.29; 1375.69
431; 0.296331646034244; 8452.24891886609; 7500.15; 1404.78
432; 0.29764307463292; 8586.25725438291; 7593.7; 1454.39
433; 0.307530463394609; 8731.8302741029; 7693.05; 1469.65
434; 0.314233422932552; 8926.71586666629; 7850.92; 1485.96
435; 0.320540963340709; 9063.08160478045; 7946.36; 1508.87
436; 0.325957935233943; 9180.2581123298; 8021.43; 1536.4
437; 0.329589724034589; 9308.02312711771; 8119.95; 1554.23
438; 0.339489470409273; 9531.48095813249; 8283.29; 1581.59
439; 0.345517306483134; 9646.83684808428; 8354.04; 1605.86
440; 0.349407401620276; 9769.47703957639; 8452.56; 1613.9
441; 0.355646594196377; 9897.7489989757; 8550.95; 1617.96
442; 0.367753002160473; 10126.1160577881; 8688.97; 1665.9
443; 0.370763944645786; 10258.0061882052; 8792.56; 1681.21
444; 0.371468417634837; 10411.9022665557; 8949.24; 1671.17
445; 0.372354715524845; 10555.3020410332; 9085.03; 1672.09
446; 0.376433918551198; 10787.6387409574; 9265.24; 1708.7
447; 0.370913072611114; 10978.8878426439; 9440.26; 1748.86
448; 0.377618746983761; 11198.1661117685; 9630.23; 1746.72
449; 0.376727928426059; 11513.4574292344; 9885.28; 1814.28
450; 0.375974496181364; 11720.9435966268; 10081.11; 1827.01
451; 0.379904712354999; 11948.1476694969; 10255.69; 1862.38
452; 0.381549989643783; 12176.8189074632; 10424.07; 1916.49
453; 0.384613499752046; 12562.183089418; 10737.48; 1975.37
454; 0.382769347399563; 12824.4783721322; 10963; 2020.88
455; 0.389322500580529; 13089.0021924013; 11156.94; 2058.18
456; 0.395043060642285; 13371.3918876651; 11369.12; 2098.01
457; 0.393242675507477; 13775.7170910365; 11721.72; 2157.98
458; 0.403165753989545; 14112.8246462585; 11971.21; 2190.45
459; 0.40133750642622; 14376.0398077684; 12197.34; 2234.36
460; 0.401510313470016; 14645.6806636072; 12451.85; 2244.7
461; 0.407131072682626; 15069.1329965028; 12770.64; 2315.01
462; 0.408533457249905; 15322.5548166995; 12991.06; 2335.82
463; 0.407939402576453; 15559.8839942223; 13180.57; 2382.87
464; 0.406191637070989; 15954.8550790792; 13511.27; 2453.29
465; 0.408391618154357; 16238.9634487911; 13729.67; 2501.36
466; 0.405883822715119; 16521.2071585159; 13965.54; 2558.83
467; 0.407734726631925; 16801.1059826537; 14207.98; 2580.21
468; 0.399768272193998; 17341.6603871654; 14678.16; 2698.49
469; 0.393811878769274; 17667.394507568; 14993.1; 2745.87
470; 0.39188620029095; 18037.9628186534; 15322.49; 2797.27
471; 0.398302321841952; 18516.5176746039; 15732.43; 2817.13
472; 0.397454562912018; 19225.8104487431; 16372.18; 2888.96
473; 0.393357576992704; 19726.9506548816; 16816.37; 2972.52
474; 0.391662234736534; 20263.5532194485; 17311.54; 3023
475; 0.391099769663824; 21220.3954295098; 18143.65; 3150.22
476; 0.389338114798791; 21851.3824699891; 18682.99; 3253.44
477; 0.387552927828351; 22539.3575610842; 19269.42; 3367.82
478; 0.387364079801788; 23342.5520469873; 19967.43; 3472.23
479; 0.38307611079241; 24520.9643211403; 20949.15; 3709.93
480; 0.382511496206596; 25354.716304382; 21691.29; 3804.75
481; 0.384072229236944; 26184.4570242451; 22361.32; 3948.55
482; 0.380628148365575; 27387.2756799155; 23416.42; 4131.99
483; 0.378163984025793; 28185.3677842342; 24128.61; 4242.65
484; 0.379629812034015; 28994.931267944; 24824.01; 4338.71
485; 0.37759264776656; 29777.3442854845; 25545.04; 4419.68
486; 0.367939949493079; 30807.1850210594; 26517.16; 4590.47
487; 0.363052065379171; 31425.3986886248; 27144.88; 4634.96
488; 0.360988524246664; 32060.6867419933; 27734.19; 4704.39
489; 0.353435136663439; 32615.6241067233; 28301.4; 4784.45
490; 0.340936663082962; 33412.9907108003; 29129.5; 4917.45
491; 0.33768366889713; 33932.3974392348; 29620.01; 4991.8
492; 0.333815224277092; 34395.8103152638; 30076.82; 5050.77
493; 0.326832255216692; 35040.4242763914; 30727.18; 5145.3
494; 0.326855886346134; 35475.1519382157; 31131.56; 5174.67
495; 0.323437679305608; 35849.329284268; 31508.11; 5219.97
496; 0.317375690314076; 36393.167400936; 32056.49; 5307.57
497; 0.316978017592623; 36762.6615612553; 32397.48; 5342.56
498; 0.316318114421485; 37107.9291870476; 32734.99; 5356.59
499; 0.3098427436202; 37442.3148100519; 33093.5; 5431.5
500; 0.307191776093797; 37921.1096419666; 33580.19; 5461.63
501; 0.303138950878039; 38217.0964892152; 33912.63; 5481.08
502; 0.299678405898798; 38531.7412193203; 34262.4; 5491.88
503; 0.294480003083253; 39034.7005412634; 34758.54; 5590.61
504; 0.290419345056486; 39367.8914046679; 35092.98; 5659.87
505; 0.287753668322282; 39750.2824185725; 35469.61; 5713.19
506; 0.28380963240053; 40121.8809853492; 35860.16; 5760.06
507; 0.280108377972991; 40674.9691712318; 36434.09; 5800.95
508; 0.274486969794755; 41021.852839001; 36816.82; 5862.95
509; 0.270244730155745; 41407.7050293324; 37220.5; 5923.17
510; 0.266489153097734; 42037.3467041882; 37815.45; 6049.54
511; 0.263045775055509; 42437.5815724792; 38193.07; 6154.56
512; 0.259394068835449; 42859.0482449501; 38664.27; 6161.05
513; 0.252021439574154; 43390.9198982853; 39275.75; 6213.99
514; 0.248426165610707; 43793.9500364296; 39688.32; 6282.11
515; 0.242159842858977; 44158.3013964251; 40099.69; 6363.71
516; 0.237657949452718; 44495.9652514609; 40486.93; 6397.69
517; 0.226431630071358; 45006.2296053245; 41096.3; 6541.34
518; 0.221207223238847; 45370.0542282603; 41496.14; 6626.65
519; 0.216147160770777; 45752.3644168686; 41917.64; 6705.56
520; 0.20866514684648; 46301.1169566796; 42548.12; 6790.4
521; 0.20163072016346; 46663.0404972591; 42977.56; 6893.52
522; 0.196354036537148; 47039.9962357846; 43423.9; 6938.08
523; 0.191547116983952; 47614.1706413955; 44015.23; 7071.04
524; 0.18543363744222; 47990.8083680333; 44459.88; 7158.61
525; 0.183293852825219; 48367.2133526147; 44853.54; 7199.39
526; 0.177244825136121; 48859.5851431625; 45445.09; 7227.5
527; 0.173073606028362; 49137.5821096391; 45749.02; 7338.26
528; 0.170835230168603; 49442.7656210509; 46051.59; 7432.64
529; 0.167742814986131; 49664.5282724516; 46325.08; 7446.85
530; 0.161495085522547; 49920.0897355992; 46663.24; 7536.36
531; 0.157114455062696; 50065.6118340529; 46895.43; 7533.44
532; 0.155979610217663; 50248.9320152563; 47103.5; 7522.1
533; 0.153840716418661; 50470.8408949379; 47350.71; 7558.38
534; 0.151413627870727; 50576.864551316; 47499.48; 7567.35
535; 0.147822361059059; 50684.8648119109; 47665.71; 7596.56
536; 0.141980437985964; 50870.9779266138; 47956; 7628.39
537; 0.137171210261339; 50984.8599234971; 48154.07; 7659.54
538; 0.134518343321707; 51118.6380483899; 48333.48; 7676.39
539; 0.13022798866556; 51333.2042597135; 48638.4; 7664.33
540; 0.126067623405194; 51418.1630221248; 48781.81; 7737.72
541; 0.123715647655962; 51611.1605730006; 49000.63; 7801.09
542; 0.121410493948069; 51893.3913044638; 49330.89; 7796.44
543; 0.119111621798814; 52086.704505993; 49574.67; 7784.29
544; 0.116970195558039; 52279.8016679116; 49814.41; 7773.5
545; 0.120154481841843; 52694.2268069631; 50138.07; 7839.71
546; 0.119868644357587; 52986.9760298993; 50409.36; 7917.92
547; 0.11994333705703; 53256.2924607868; 50662.12; 7956.91
548; 0.119754774229757; 53764.723321529; 51154.89; 8010.79
549; 0.119462441122266; 54057.249009932; 51448.39; 8020.41
550; 0.11572413914124; 54327.0803865767; 51787.69; 8052.21
551; 0.116244611243273; 54675.4504897572; 52108.28; 8096.98
552; 0.115705456464584; 55106.4391264057; 52532.52; 8149.17
553; 0.111036194522474; 55336.4877943493; 52882.77; 8088.61
554; 0.110909976443371; 55602.8655300157; 53142.48; 8112.9
555; 0.107317629439802; 56034.8013180215; 53645.5; 8135.28
556; 0.104814133568302; 56300.4812312657; 53968.23; 8123.54
557; 0.104748059431396; 56618.272676098; 54277.78; 8150.4
558; 0.10982308040691; 57187.1392614806; 54687.44; 8295.43
559; 0.110826723069773; 57593.960298883; 55059.41; 8327.75
560; 0.11153431758615; 58025.8859082503; 55464.5; 8355.33
561; 0.112484644584963; 58795.8345508365; 56171.38; 8481.63
562; 0.111276422801688; 59339.1498714433; 56732.23; 8509.08
563; 0.110985218648936; 59895.2766292395; 57284.76; 8536.23
564; 0.113361633152137; 60846.1395763659; 58131.67; 8683
565; 0.112017220299316; 61419.8753007327; 58723.39; 8722.57
566; 0.111064682059052; 61933.0341569125; 59260.3; 8713.46
567; 0.108378659136342; 62594.5385144905; 59968.19; 8768.43
568; 0.108924325617145; 62966.7055542897; 60312.67; 8810.43
569; 0.112078108813313; 63276.6930392637; 60536.87; 8832.97
570; 0.113493676478327; 63435.3118201801; 60654.49; 8847
571; 0.11671247822453; 63507.1137582543; 60645.86; 8845.03
572; 0.11830603522628; 63481.8984233013; 60593.21; 8802.53
573; 0.119948256910965; 63286.029648497; 60388.41; 8701.9
574; 0.120433267229494; 63101.0393689285; 60192.1; 8693.52
575; 0.123449316236613; 62856.480813398; 59917.07; 8563.1
576; 0.125385247795524; 62730.3783832864; 59761.86; 8507.77
577; 0.127807269533396; 62641.125749394; 59641.09; 8428.61
578; 0.133176572400913; 62523.4632899779; 59423.5; 8351.72
579; 0.134975893512087; 62431.7940180686; 59274.96; 8385.25
580; 0.13783445121274; 62356.3426188166; 59125.77; 8396.82
581; 0.142079387519103; 62260.6072775804; 58924.46; 8406.26
582; 0.145916366890071; 62248.7656929858; 58842.88; 8350.45
583; 0.147486509560366; 62215.8786285598; 58773.45; 8344.55
584; 0.151067398115292; 62159.3735647031; 58634.76; 8335.83
585; 0.151292914645874; 62083.9151957709; 58543.05; 8356.35
586; 0.151238641640432; 62053.0872711377; 58471.96; 8448.9
587; 0.153715982301804; 62003.0640515538; 58404.36; 8348.32
588; 0.153935633830124; 61950.2204905629; 58360.19; 8311.12
589; 0.156346538164661; 61960.3262265062; 58331.89; 8265.55
590; 0.159340817773085; 62036.1905963215; 58337.01; 8263.17
591; 0.162324150004596; 62052.3188287908; 58293.38; 8237.16
592; 0.167021651558626; 62168.8744292903; 58296.42; 8242.06
593; 0.174011550773266; 62395.7684783409; 58354.29; 8251.08
594; 0.177146436327915; 62537.4172956985; 58474.67; 8142.58
595; 0.182737539646611; 62905.0798716703; 58691.02; 8182.26
596; 0.184383636782375; 63169.4908820445; 58910.07; 8191.32
597; 0.188370695195098; 63543.4332133587; 59148.04; 8268.66
598; 0.190996047756886; 64153.7751196203; 59669.64; 8314.38
599; 0.194252027163996; 64719.9674640036; 60111.73; 8395.94
600; 0.193837316798558; 65247.9281357988; 60597.36; 8485.8
601; 0.19734781672153; 66200.5872021342; 61431.73; 8541.42
602; 0.200037606714881; 66956.6550170294; 62030.86; 8698.58
603; 0.20106712155415; 67636.0110930603; 62682.2; 8697.72
604; 0.210651830290272; 68805.6001477126; 63509.51; 8869.93
605; 0.213526301467837; 69465.5946544746; 64042.25; 8955.31
606; 0.217036189694556; 70158.2878191181; 64550.97; 9103.79
607; 0.223295209248904; 71005.2671208367; 65111.84; 9294.41
608; 0.226217908698104; 71461.3539439233; 65429.29; 9384.39
609; 0.227550153352035; 71954.9641465465; 65822.24; 9479.31
610; 0.231103602432709; 72188.936828278; 65955.41; 9481.14
611; 0.232592327201674; 72346.7505213756; 66022.08; 9552.58
612; 0.233937016955299; 72391.3849419978; 66019.65; 9562.45
613; 0.233381496228702; 72364.1558268247; 66016.95; 9542.42
614; 0.234709725679769; 72208.0492602067; 65905.75; 9415.73
615; 0.238182797305941; 71880.70307783; 65585.75; 9262.15
616; 0.238987619418324; 71582.3053826925; 65316.88; 9181.97
617; 0.241317523585757; 71038.4921824027; 64768.34; 9095.05
618; 0.241311815074725; 70610.8686715317; 64373.64; 9042.15
619; 0.242850320302124; 70212.7691068662; 63985.54; 8965.65
620; 0.245773959398387; 69626.7249337096; 63448.32; 8784.82
621; 0.248130939987205; 69192.7542204233; 63011.38; 8701.12
622; 0.248819753483741; 68790.5201572262; 62594.57; 8693.06
623; 0.249220632515252; 68199.2713861766; 62070.14; 8581.34
624; 0.251405130245872; 67859.7656748479; 61741.91; 8487.03
625; 0.256407200442205; 67433.6754735939; 61215.67; 8453.6
626; 0.261139372421958; 67195.996141665; 60906.9; 8391.25
627; 0.264320733936928; 66892.5661367551; 60552.71; 8353.36
628; 0.269470342216526; 66472.544078933; 59996.17; 8366.11
629; 0.273145004742658; 66256.0237273899; 59718.79; 8327.32
630; 0.27810940902635; 66050.5161678446; 59494.05; 8198.99
631; 0.278814387292286; 65617.2036866486; 59130.04; 8088.35
632; 0.280942935179991; 65402.6526999031; 58876.05; 8072.41
633; 0.281677844980572; 65021.5772032731; 58511.89; 8027.04
634; 0.281367127445947; 64783.8326620631; 58308.74; 7989.54
635; 0.28368005457209; 64605.7737962771; 58140.12; 7908.54
636; 0.282568943930903; 64334.5727763932; 57915.51; 7878.13
637; 0.282101602886857; 64103.0712882285; 57722.82; 7838.74
638; 0.280983476657457; 63916.8812994752; 57474.46; 7941.82
639; 0.282853167398603; 63705.6500169105; 57165.91; 8003.89
640; 0.284519758995964; 63588.0667944419; 57008.09; 8001.12
641; 0.287260098088135; 63343.3597908375; 56758.58; 7926.46
642; 0.290738947923101; 63195.9469629259; 56539.98; 7912.17
643; 0.293337176640652; 63082.3551466043; 56371.02; 7903.44
644; 0.293983001404504; 62790.5244457249; 56100.39; 7857.3
645; 0.292817540115308; 62611.8526569619; 55952.09; 7849.35
646; 0.298088376384017; 62441.2300435286; 55757.04; 7735.25
647; 0.301255302650395; 62311.6232694792; 55605.78; 7675.61
648; 0.307008607718451; 62219.0899951372; 55421.19; 7632.06
649; 0.311448282299118; 62097.0270024028; 55233.83; 7592.22
650; 0.312042389382035; 61983.2446306126; 55116.84; 7578
651; 0.314402744471312; 61840.5322910145; 54970.38; 7521.71
652; 0.318033435429581; 61767.4680984073; 54836.02; 7498.47
653; 0.324505823363133; 61742.8373787897; 54697.14; 7466.34
654; 0.325823013064807; 61568.3555880228; 54559.48; 7393.84
655; 0.327484243751382; 61512.5968537635; 54465.02; 7393.93
656; 0.324200465937692; 61268.3646680015; 54312.69; 7368.41
657; 0.32435879115486; 61178.0208790797; 54258.2; 7324.28
658; 0.323014119572189; 61030.042788045; 54165.73; 7293.21
659; 0.320539518782474; 60877.2820752152; 54053.82; 7302.78
660; 0.320868638800732; 60776.8333227898; 53974.86; 7269.33
661; 0.319311987769948; 60611.4768689868; 53820.55; 7288.84
662; 0.317230379366006; 60489.0660591063; 53704.12; 7326.33
663; 0.314320743516432; 60372.1021006616; 53597.59; 7378.87
664; 0.313697234507162; 60257.0414449657; 53483.1; 7388.78
665; 0.315186314180264; 60130.8203773206; 53326.55; 7383.97
666; 0.3172601128601; 59975.843273685; 53150.66; 7355.43
667; 0.323305763975851; 59929.0704249698; 52998.89; 7326.55
668; 0.324334259045745; 59799.233469738; 52847.85; 7323.5
669; 0.326770876048157; 59613.5573204614; 52664.94; 7263.21
670; 0.327610681362459; 59492.602689384; 52553.29; 7232.11
671; 0.332344451387271; 59299.3166573177; 52404.63; 7079.27
672; 0.332072071623318; 59145.7191507005; 52310.27; 7020.25
673; 0.330284281571299; 58957.4497578336; 52154.03; 7021.01
674; 0.330003781942391; 58694.4727896614; 51884.46; 7029.82
675; 0.329333310956994; 58439.0874622147; 51726.62; 6940.14
676; 0.323051710800751; 58055.4015651733; 51487.64; 6919.48
677; 0.324948090196878; 57830.2516078855; 51264.41; 6874.84
678; 0.331488003780707; 57476.893044877; 50861.27; 6787.88
679; 0.33144726513441; 57203.4566565488; 50607.72; 6765.89
680; 0.331142920303676; 56920.9968542833; 50288.84; 6807.27
681; 0.330492469870101; 56522.3112884616; 49879.04; 6829.65
682; 0.329357087127314; 56204.0166214108; 49603.29; 6806.66
683; 0.330004050687625; 55848.8931479436; 49190.55; 6849.95
684; 0.331877432980766; 55613.1983203775; 48851.84; 6914.18
685; 0.331333689561658; 55211.3918610386; 48496.41; 6875.35
686; 0.32892133356953; 54918.8726825521; 48259.88; 6865.56
687; 0.328642730739921; 54645.6705455706; 48015.34; 6839.14
688; 0.329865024539388; 54217.9863312133; 47660.66; 6736.35
689; 0.331726839713011; 53974.9346415163; 47430.35; 6683.12
690; 0.332304551274293; 53606.7104076644; 47114.92; 6615.1
691; 0.331163316920062; 53296.5122250349; 46875.41; 6563.05
692; 0.332782459118191; 53025.4473365984; 46671.62; 6460.16
693; 0.332800549575288; 52611.9625676244; 46240.6; 6475.1
694; 0.334807629590935; 52350.1194554672; 45936.72; 6476.21
695; 0.334552613716126; 51911.4047344091; 45505.74; 6470.6
696; 0.334989378625208; 51632.6008439133; 45255.77; 6430.36
697; 0.335429099348684; 51137.5015099935; 44881.07; 6297.83
698; 0.336391602185986; 50863.8671570517; 44617.46; 6267.1
699; 0.338448052390388; 50442.8271369249; 44279.79; 6143.47
700; 0.34245866324382; 50200.3377353297; 44098.54; 6008.83
701; 0.341797384305145; 49946.6888940233; 43886.31; 5977.78
702; 0.336385859236045; 49529.422545408; 43667.22; 5873.37
703; 0.335621467707973; 49237.5808288257; 43450.12; 5809.93
704; 0.335344768036134; 48879.5353648732; 43177.28; 5727.38
705; 0.337127203738317; 48655.3137971476; 42984.61; 5663.34
706; 0.331551918109137; 48259.7729995197; 42694.41; 5649.54
707; 0.328755208848397; 48042.1748007956; 42461.28; 5711.07
708; 0.325659746633855; 47763.2524639893; 42219.65; 5724.39
709; 0.317384143399583; 47288.1643630212; 41899.34; 5707.57
710; 0.317511462951561; 47021.0294506686; 41648.14; 5686.33
711; 0.312286194836316; 46607.0283672611; 41364.18; 5640.34
712; 0.31282290473536; 46331.488997503; 41116.32; 5599.74
713; 0.309570033223354; 45885.8121241828; 40762.56; 5557.66
714; 0.311317767803383; 45561.8433987768; 40520.22; 5437.41
715; 0.309394248527906; 45083.6896455254; 40202.88; 5294.92
716; 0.308684837872313; 44740.6671971017; 39932.78; 5226.2
717; 0.312065700195844; 44418.639731864; 39629.07; 5147.84
718; 0.310512256676137; 43843.4474075116; 39183.73; 5031.33
719; 0.311799076563352; 43437.3031736441; 38793.68; 4991.12
720; 0.312843889246713; 42868.3590323205; 38280.05; 4913.24
721; 0.306540380587323; 42477.7766459884; 37997.72; 4894.17
722; 0.30749426635425; 41932.5680741675; 37461.34; 4867.58
723; 0.306354367624709; 41533.126521992; 37089.11; 4854.17
724; 0.304448139921713; 41024.6626940703; 36612.24; 4848.05
725; 0.304443843723794; 40770.1330575896; 36385.09; 4816.26
726; 0.301424174212119; 40471.3353559433; 36131.54; 4812.54
727; 0.298370607392664; 40338.301678712; 36040.6; 4812.86
728; 0.294895449591928; 40166.3851854608; 35923.5; 4805.84
729; 0.29713918850445; 40055.855190931; 35794.86; 4788.58
730; 0.291947053429056; 39945.886165842; 35804.98; 4735.07
731; 0.288724435318484; 39935.9519869337; 35898.6; 4667.75
732; 0.289210381910633; 39962.9070671155; 35931.8; 4652.12
733; 0.29065288948197; 39994.498502474; 35937.66; 4658
734; 0.287567353506951; 39932.6260270273; 35940.73; 4632.18
735; 0.282237684922097; 39833.7716886; 35910.34; 4637.56
736; 0.280497915385954; 39761.9186028939; 35853.79; 4646.83
737; 0.276286326691292; 39665.1766514189; 35763.82; 4707.89
738; 0.276940363176523; 39593.4241943313; 35686.23; 4702.2
739; 0.27750155509085; 39473.0197166751; 35566.35; 4690.32
740; 0.274718901441662; 39366.7416058993; 35518.53; 4665.2
741; 0.271692421206589; 39279.519593462; 35438.57; 4706.66
742; 0.276366220024056; 39308.4329756233; 35376.98; 4734.62
743; 0.277326705452031; 39339.5857275948; 35384.87; 4744.52
744; 0.275933484111937; 39477.5246207696; 35557.26; 4725.32
745; 0.272975479845539; 39599.4461304411; 35711.59; 4735.27
746; 0.269902040753782; 39807.1040852028; 35904.99; 4804.96
747; 0.270640633766027; 40004.5320631881; 36064.38; 4836.75
748; 0.270803441379213; 40213.8209467741; 36277.22; 4827.83
749; 0.270287151267084; 40297.4304999698; 36375.65; 4817.49
750; 0.272527676587556; 40304.8673186208; 36374; 4787.76
751; 0.269715018110669; 40174.4278934191; 36336.55; 4723.1
752; 0.267068306324393; 39855.810930902; 36099.96; 4667.67
753; 0.267014607129289; 39586.1949363483; 35843.88; 4651.64
754; 0.25857377608777; 38953.1542947088; 35400.69; 4559.52
755; 0.25443150084627; 38502.6461631399; 35033.68; 4523.71
756; 0.249894177842724; 37813.3395224064; 34423.24; 4499.87
757; 0.246523577547782; 37358.3498759338; 34033.43; 4471.88
758; 0.241838173358961; 36676.5163563422; 33441.09; 4434.02
759; 0.23884954330062; 36246.2846384107; 33053.61; 4428.1
760; 0.237454255923787; 35829.3300783996; 32681.41; 4389.62
761; 0.239492220072812; 35242.0219422352; 32094.24; 4350.03
762; 0.23799770301569; 34870.344641994; 31738.87; 4352.62
763; 0.23457983948335; 34288.6298851555; 31268.89; 4256.73
764; 0.233320961469358; 33924.4342417663; 30955.78; 4205.71
765; 0.230851398119734; 33410.8828393108; 30523.94; 4133.31
766; 0.226138394974179; 33068.5113454294; 30282.24; 4071.93
767; 0.223976092680862; 32544.2926030246; 29889.65; 3917.14
768; 0.217167800297884; 32189.9962921361; 29645; 3873.2
769; 0.213439045997092; 31726.905734652; 29266.15; 3810.18
770; 0.212586674678631; 31455.2722355195; 29018.85; 3787.39
771; 0.208419261614271; 31062.8500344895; 28680.35; 3776.08
772; 0.20766062380109; 30798.5884136312; 28446.72; 3739.62
773; 0.209020587310968; 30405.7415210615; 28058.77; 3705.92
774; 0.209273571999579; 30170.1215195747; 27829.59; 3689.54
775; 0.21027711790962; 29805.3196687202; 27439.76; 3709.91
776; 0.212278818221233; 29582.8712651155; 27237.96; 3641.47
777; 0.21287661414251; 29261.0121513842; 26913.56; 3634.26
778; 0.213425148331644; 29043.6748043404; 26715.7; 3593.82
779; 0.211966024235233; 28680.5919074695; 26401.43; 3541.9
780; 0.21041167895807; 28478.5544762599; 26209.45; 3551.42
781; 0.201673409549538; 28125.2052061973; 25959.69; 3535.36
782; 0.202382364605544; 27948.8228883026; 25778.2; 3530.39
783; 0.201388741633473; 27612.4180201298; 25494.21; 3461.37
784; 0.202502548823563; 27430.7575907092; 25318.31; 3432.1
785; 0.198328419780733; 27095.3865168471; 25049.77; 3392.5
786; 0.189803750800205; 26844.1846865557; 24888.1; 3388.75
787; 0.191896318117356; 26568.8126218585; 24582.52; 3402.48
788; 0.189235856847145; 26368.742746516; 24429.24; 3367.97
789; 0.187701223017951; 26062.5309546851; 24166.33; 3318.75
790; 0.184477072696102; 25852.2726698224; 23986.74; 3321.19
791; 0.178281632731757; 25547.073833863; 23719.03; 3366.69
792; 0.175738771275318; 25347.5086525563; 23546.07; 3364.95
793; 0.180568172800206; 25092.3059868693; 23263.87; 3323.4
794; 0.18058742347152; 24915.6364465112; 23096.99; 3304.73
795; 0.180971053430096; 24634.1912417254; 22857.12; 3222.13
796; 0.17682679557024; 24347.408263842; 22628.84; 3188.88
797; 0.179220543343851; 24182.1568291245; 22457.2; 3157.88
798; 0.181297715853412; 23940.188985225; 22251.53; 3055.91
799; 0.179846240974533; 23773.9297253795; 22129.09; 3000.25
800; 0.174214571850451; 23516.7799088354; 21918.26; 3009.63
801; 0.173447336720475; 23324.5988840428; 21741.23; 2993.24
802; 0.17018979460337; 23056.1861170711; 21479.09; 3037.38
803; 0.16675259259161; 22876.6125205187; 21336.34; 3026.35
804; 0.158906813462997; 22618.2040685168; 21187.49; 2948.75
805; 0.158725315797671; 22453.8880861754; 21034.56; 2927.88
806; 0.155323764331803; 22209.6102718501; 20836.79; 2893.22
807; 0.156839336477858; 22087.3252271172; 20715.72; 2862.27
808; 0.151760471317766; 21835.1991411482; 20539.9; 2792.96
809; 0.14852782881571; 21677.6412302525; 20424.64; 2760.03
810; 0.154514188514649; 21498.0256393544; 20224.7; 2695.53
811; 0.152716700468117; 21356.0130002712; 20091.86; 2706.83
812; 0.15476399149447; 21157.7297368039; 19884.31; 2689.74
813; 0.151771472724435; 21031.9868216879; 19793.26; 2667.28
814; 0.149809277267892; 20833.8620546628; 19615.6; 2656.72
815; 0.14676792607669; 20682.6658599749; 19510.51; 2608.64
816; 0.146989060391128; 20501.0914404352; 19316.71; 2631.29
817; 0.142594879655487; 20308.6867848576; 19151.29; 2650.15
818; 0.142337710593967; 20171.992446345; 19034.43; 2609.02
819; 0.146283268813407; 19973.4626119065; 18814.23; 2586.51
820; 0.144208845846064; 19822.7320985084; 18689.96; 2563.25
821; 0.142291415873947; 19617.6227730755; 18518.27; 2520.42
822; 0.145111324480182; 19514.353833803; 18404.2; 2495
823; 0.141099820194344; 19318.2948481144; 18260.87; 2443.43
824; 0.140677950458501; 19198.3117523461; 18158.8; 2408.62
825; 0.141962135012553; 19047.6448653923; 18009.86; 2382.79
826; 0.135682992652623; 18913.3011148869; 17931.53; 2358.5
827; 0.124973167504911; 18706.594962891; 17798.05; 2369.86
828; 0.123635553658621; 18584.6525519428; 17684; 2374.92
829; 0.117045768260369; 18392.7450887896; 17555.02; 2333.13
830; 0.109041381273364; 18195.3253563706; 17403.79; 2366.16
831; 0.104426041091016; 18059.796529057; 17305.83; 2352.33
832; 0.0960810176860148; 17877.8506666019; 17198.16; 2303.66
833; 0.093612221274487; 17769.975710194; 17119.37; 2262.14
834; 0.0866695220248148; 17607.5974938969; 17011.62; 2237.18
835; 0.0848845909291318; 17510.1876766572; 16937.08; 2196
836; 0.0884349300448654; 17397.8294530016; 16817.17; 2135.06
837; 0.0902035936050588; 17318.4920845753; 16729.78; 2122.5
838; 0.0908930780057777; 17168.4109737996; 16579.8; 2106.31
839; 0.0978916920956167; 17049.8602991938; 16431.87; 2054.8
840; 0.0972946109858218; 16963.5585669729; 16338.43; 2091.29
841; 0.103472179698342; 16845.3963903414; 16176.85; 2105.39
842; 0.102331729105297; 16760.886604422; 16100.15; 2103.51
843; 0.0972160108710367; 16593.6229732664; 15963.29; 2111.77
844; 0.0958255421929863; 16504.2121055636; 15892.03; 2080.25
845; 0.0988520760154827; 16350.164586344; 15721.29; 2071.01
846; 0.0985108358745233; 16270.6385759872; 15640.73; 2081.13
847; 0.0983346070748354; 16139.6500761718; 15512.12; 2076.45
848; 0.0989597428421401; 16007.3587996579; 15379; 2065.59
849; 0.0956214607324025; 15884.7063107362; 15291.55; 2017.42
850; 0.0961581286661367; 15706.5793305566; 15122.34; 1975.49
851; 0.0965462255310922; 15615.2646730121; 15033.42; 1959.04
852; 0.0931077470147643; 15448.1862032981; 14892.72; 1938.79
853; 0.0848945484002398; 15317.3836346264; 14821.77; 1896.81
854; 0.0782409035181621; 15115.3492617144; 14666.47; 1863.56
855; 0.0778965931707339; 14916.5177878512; 14480.87; 1816.21
856; 0.0753850736586913; 14802.5433535711; 14373.72; 1846.96
857; 0.0854723228176591; 14680.70276648; 14195.76; 1841.75
858; 0.0837696799376557; 14565.8147671511; 14085.44; 1861.12
859; 0.0791499724070475; 14369.1680973945; 13917.36; 1852.25
860; 0.0793623904722787; 14257.1072375853; 13810.98; 1823.65
861; 0.0795788591191968; 14105.7096085904; 13662.8; 1805.22
862; 0.0705446461036145; 13924.6499676543; 13537.19; 1781.11
863; 0.0718706436613284; 13826.1947385018; 13438.2; 1750.32
864; 0.0623248106234499; 13614.2723321759; 13288.14; 1696.2
865; 0.0532620809626054; 13479.1488439521; 13208.2; 1648.65
866; 0.0506051993773094; 13303.3606112972; 13052.04; 1609.19
867; 0.047051493306683; 13069.7885298402; 12842.9; 1562.12
868; 0.0455064072098053; 12903.4668207476; 12685.62; 1550.49
869; 0.0481567124854737; 12677.9780984866; 12452.22; 1518.07
870; 0.0463532772217529; 12521.4038687743; 12312.23; 1460.99
871; 0.0462147992631885; 12260.2606637201; 12058.87; 1410.52
872; 0.0508222652361004; 12096.2824247075; 11877.36; 1394.03
873; 0.0591065942028508; 11854.6632432551; 11599.66; 1395.92
874; 0.0677931468797685; 11635.9560749765; 11341.58; 1404.65
875; 0.0696743512641445; 11497.1100003409; 11199.45; 1381.7
876; 0.0781929704731818; 11292.0645989378; 10955.32; 1392.56
877; 0.0829404783486161; 11159.2419877132; 10806.42; 1375.26
878; 0.086263124466172; 10968.1335502864; 10606.06; 1356.65
879; 0.082989139077357; 10794.4221037662; 10447.83; 1349.61
880; 0.0807122039063348; 10695.8802373669; 10366.94; 1316.75
881; 0.0833725375566911; 10578.3710412772; 10243.98; 1295.56
882; 0.0782217201903419; 10495.9235050883; 10190.2; 1262.24
883; 0.0714201415563851; 10369.4906624504; 10089.13; 1267.51
884; 0.0726474460680124; 10276.1302385717; 9988.4; 1278.6
885; 0.0727493212271959; 10203.9778876216; 9913.56; 1288.44
886; 0.079943108476444; 10130.0406366859; 9804.76; 1312.99
887; 0.0798798507880795; 10087.6164982201; 9763.04; 1310.97
888; 0.0757754357976355; 9998.31442364123; 9696.05; 1286.81
889; 0.0763586579888342; 9940.17349480332; 9644.06; 1250.79
890; 0.0740519265464695; 9913.1674012911; 9630.85; 1229.46
891; 0.0719167795550401; 9872.46529456846; 9604.7; 1200.51
892; 0.0661355549354045; 9877.91503195195; 9632.5; 1196.29
893; 0.0611450752083462; 9918.83990785234; 9695.44; 1177.7
894; 0.0624831966631643; 10003.263159054; 9773.06; 1187.38
895; 0.066517937700436; 10077.4719470974; 9825.7; 1219.66
896; 0.0681626117601894; 10214.2554049161; 9951.28; 1242.99
897; 0.0676868341354891; 10309.2801400499; 10040.59; 1278.76
898; 0.069391633486371; 10510.8156486164; 10233.74; 1286.06
899; 0.0707549829013344; 10696.4604260216; 10407.18; 1316.62
900; 0.0696518425805736; 10808.3430727981; 10519.34; 1335.97
901; 0.0655410487505467; 10944.4247671593; 10674.23; 1327.19
902; 0.0544300621341798; 11026.7034616221; 10803.41; 1320.49
903; 0.0508740008929501; 11057.493312821; 10845.48; 1341.2
904; 0.0543764772955919; 11102.2750134912; 10871.89; 1363.32
905; 0.0528062112224287; 11069.0976504049; 10842.71; 1379.32
906; 0.0479833457612963; 10981.2757518726; 10775.52; 1379.39
907; 0.0419804621062446; 10840.0315314225; 10665.88; 1334.24
908; 0.0396899473198114; 10722.9355479656; 10561.98; 1304.09
909; 0.047257571892809; 10527.3805835042; 10342.42; 1258.44
910; 0.04642309547671; 10264.4440995234; 10084.23; 1247.98
911; 0.0462326403764811; 10056.4253675415; 9884.34; 1196.4
912; 0.0497890228417129; 9732.10709480416; 9558.26; 1122.13
913; 0.0603902056006215; 9507.07813383255; 9303; 1085.88
914; 0.0656330140813393; 9136.96093606692; 8920.23; 1060.91
915; 0.0686226442094037; 8770.62764858566; 8545.32; 1054.67
916; 0.0623912091327803; 8515.22523277642; 8311.13; 1050.62
917; 0.0639942298151586; 8169.90123026722; 7972.82; 988.97
918; 0.0590952844942354; 7844.2167931918; 7671.41; 938.89
919; 0.0525828350894826; 7635.37438850806; 7486.3; 910.14
920; 0.0481223252400534; 7327.63823450297; 7193.89; 892.14
921; 0.0511751833290556; 7058.25300225011; 6920.81; 861.98
922; 0.0454951866324849; 6867.38791750385; 6748.05; 841.79
923; 0.0500625067727236; 6618.46462081665; 6496.05; 784.61
924; 0.036498685619868; 6422.52629289641; 6335.94; 761.11
925; 0.0339339492087845; 6155.97152783941; 6077.93; 737.75
926; 0.0525497962942944; 5934.11088818556; 5815.14; 726.18
927; 0.0437917196770965; 5763.29263979936; 5665.7; 714.73
928; 0.0369275792672652; 5515.23455603656; 5437.06; 678.85
929; 0.0412012610865567; 5259.43186005995; 5175.42; 653.78
930; 0.0414658245155545; 5081.34777205594; 4999.79; 630.57
931; 0.037349023261115; 4794.16403420615; 4725.43; 589.92
932; 0.0434038657967443; 4477.4806230682; 4403.79; 544.16
933; 0.0353422903367729; 4228.01539301066; 4171.45; 512.91
934; 0.0340867672717229; 3822.93104556556; 3774.84; 452.07
935; 0.0183153360798336; 3382.29093436163; 3360.06; 388.89
936; 0.00481191458859952; 3091.84954312712; 3086.68; 344.16
937; 0.0111058736783399; 2669.15561235656; 2658.99; 293.19
938; 0.0325102342341037; 2278.83015436309; 2252; 264.31
939; 0.0217402537814269; 2040.52311004298; 2024.61; 234.4
940; 0.0116476144458234; 1740.50305251815; 1733.22; 200.21
941; -0.023715596714159; 1526.99807671659; 1538.72; 158.24
942; -0.0119823818773675; 1433.13618341471; 1438.65; 147.3
943; -0.00167257663320105; 1333.57382696243; 1334.26; 131.31
944; 0.00831139955309624; 1292.37839144059; 1289.05; 128.16
945; 0.0125998757889474; 1285.01726462993; 1279.67; 135.8
946; 0.0324259258155195; 1313.25363133794; 1299.75; 133.24
947; 0.0491938241102168; 1362.52218576533; 1341.65; 135.73
948; 0.0579344417519818; 1399.85530336077; 1372.3; 152.14
949; 0.102905177940078; 1486.12639342338; 1429.17; 177.02
950; 0.107032930065557; 1580.49055018078; 1522.48; 173.32
951; 0.110825502014484; 1642.47641629045; 1580.34; 179.27
952; 0.0976292402341678; 1731.67812062061; 1680.01; 169.2
953; 0.0971290821559225; 1820.25102824592; 1761.43; 193.59
954; 0.0980847479884037; 1877.21490464655; 1813.87; 206.42
955; 0.0963538496367598; 1968.64527102191; 1902.81; 218.36
956; 0.0697101983128932; 2049.32988536693; 2005.39; 201.42
957; 0.0539018195383784; 2098.70765235242; 2063.96; 205.97
958; 0.0580389195442928; 2171.19156081387; 2131.01; 221.18
959; 0.059762449040554; 2239.54465733979; 2196.72; 228.9
960; 0.0402229765431158; 2278.45991566898; 2252.42; 206.77
961; 0.0471061210647323; 2342.66134732921; 2309.05; 227.87
962; 0.0517765007348773; 2385.69606391837; 2346.14; 243.95
963; 0.0633320277806016; 2413.17490520547; 2362.87; 253.6
964; 0.0862475296660472; 2456.56536729384; 2387.56; 255.42
965; 0.0618486555376364; 2464.7939053089; 2411.05; 277.37
966; 0.0593465986885835; 2476.73703293626; 2422.73; 290.45
967; 0.0618945567828342; 2474.21575894345; 2412.51; 318.15
968; 0.0583930661648963; 2481.24616925105; 2424.46; 310.3
969; 0.0496523968324562; 2478.72517243816; 2433.22; 292.4
970; 0.0543290515682137; 2476.33632331038; 2425.52; 298.38
971; 0.057853386435608; 2463.2083937708; 2406.15; 314.58
972; 0.075504013451278; 2462.27962381028; 2389.96; 305.48
973; 0.0758326098672391; 2461.35058636965; 2390.88; 296.34
974; 0.0884703035211405; 2452.46348756853; 2376.55; 273.6
975; 0.101906515278788; 2446.75916735818; 2360.35; 270.33
976; 0.107937990956469; 2441.05161386374; 2346.14; 280.3
977; 0.0820919066627562; 2410.91657705392; 2340.7; 272.63
978; 0.0679658137157165; 2371.21957270279; 2312.92; 273.37
979; 0.0725674682045577; 2353.82353038586; 2292.47; 269.42
980; 0.0717509510707236; 2332.30920785314; 2271.21; 271.32
981; 0.0601710700030586; 2295.64938102555; 2242.64; 280.66
982; 0.0623479631454179; 2256.33355101425; 2202.63; 274.38
983; 0.0577347588384638; 2236.9355193689; 2191.33; 251.59
984; 0.0944749797104953; 2222.32052989001; 2150.38; 242.5
985; 0.0962738153593292; 2193.45900511155; 2126.43; 221.7
986; 0.0915719197508314; 2152.51147745206; 2089.99; 217.38
987; 0.085883592973206; 2127.49940101797; 2070.96; 209.58
988; 0.0984328700181583; 2091.83443351557; 2031.15; 196.24
989; 0.0966200543205567; 2057.09988773469; 2001.59; 182.85
990; 0.0947924353002803; 2023.81427609994; 1964.58; 198.86
991; 0.0871912821276835; 1977.89344688445; 1922.47; 202.26
992; 0.0767319183119428; 1936.05748307286; 1892.5; 180.6
993; 0.0942489599457862; 1898.75343934604; 1843.17; 187.61
994; 0.100096057708912; 1879.9584582965; 1823.97; 177.92
995; 0.0895274781778531; 1837.42566117957; 1786.35; 181.45
996; 0.0818827425425444; 1789.81451080899; 1743.39; 180.3
997; 0.0684632631795828; 1751.12533335541; 1714.96; 167.97
998; 0.0511381080213386; 1717.8966411554; 1691.86; 161.88
999; 0.0899108333717442; 1691.59928691771; 1639.65; 183.68
1000; 0.0797075014653359; 1653.15189767187; 1609.32; 174.8
1001; 0.0867692223961575; 1624.17733960452; 1574.59; 181.64
1002; 0.102991900884808; 1593.04596900809; 1536.62; 174.11
1003; 0.110592978323757; 1565.11206719201; 1503.2; 177.89
1004; 0.151243871147361; 1542.2561189804; 1462.01; 168.58
1005; 0.158340619230864; 1521.65781307635; 1442.35; 159.12
1006; 0.143234885980305; 1481.93854014981; 1418.13; 141.51
1007; 0.0996605555342379; 1430.00826543898; 1387.48; 135.54
1008; 0.0773956846654443; 1394.00739373553; 1361.78; 132.24
1009; 0.0752746382691894; 1370.71367862284; 1342.09; 120.75
1010; 0.0720320188112926; 1334.96805432445; 1308.87; 115.04
1011; -0.0190398848326595; 1277.36836653154; 1283.94; 109.58
1012; -0.0163021526198375; 1245.88292321358; 1251.78; 114.83
1013; -0.00887949938867523; 1223.63196034922; 1226.98; 119.68
1014; 0.0282693733508751; 1201.6362641461; 1191.45; 114.36
1015; 0.0578543587028288; 1181.79614380787; 1162.48; 105.95
1016; 0.0367656204339105; 1152.02297393471; 1141.02; 94.96
1017; 0.0283401819604676; 1133.509161612; 1125.72; 87.2
1018; 0.0859655351237489; 1119.54787671942; 1093.11; 97.56
1019; 0.0894883869590703; 1087.19918344319; 1062.77; 86.59
1020; 0.135678439449513; 1071.3574932773; 1039.53; 74.4
1021; 0.117517860919853; 1054.03144150428; 1027.85; 70.65
1022; 0.0661881904726903; 1015.08876779592; 1001.12; 66.92
1023; 0.0887691375844529; 990.774094679904; 969.14; 77.27
1024; 0.0538191057222319; 966.049822611711; 953.82; 72.04
1025; 0.110162082463749; 956.506935189651; 932.44; 69.25
1026; 0.0967530932962004; 931.900498907459; 909.32; 73.97
1027; 0.0653574181926151; 906.763049815342; 891.7; 73.04
1028; 0.073693437549405; 885.367074197871; 867.22; 78.03
1029; 0.0971827979967643; 871.24447185063; 845.82; 82.89
1030; 0.070830211475617; 840.699549150602; 820.39; 90.84
1031; 0.0963647789519757; 815.53557329908; 787.28; 92.88
1032; 0.0495892600816559; 786.86810163563; 774.62; 78.23
1033; 0.0862007430363104; 771.387295462529; 749.98; 78.65
1034; 0.111360633750707; 756.176294854174; 726; 85.81
1035; 0.136497613946946; 740.287210854039; 702.83; 86.89
1036; 0.121048956746328; 725.067085048653; 698.12; 70.48
1037; 0.132582663296187; 710.247239973595; 685.86; 58.23
1038; 0.0785413460267969; 697.848187949675; 684.37; 54.32
1039; -0.22766899464418; 706.480201360688; 735.85; 40.83
1040; 0.212192337415406; 660.387327744929; 710.26; -74.38
1041; -0.744490598478115; 606.584943436526; 684.65; 33.18
