# 08/03/2019 17:41:34
# NanoCalc data
# Original file name: C:\SVA_DATA\StudentProjects\2018_Nathan\PSswelling_080319\PSswelling2_755.dat
# Fit Result : Fitness; Thickness 1; Thickness 2; Thickness 3 
# Fit Result : 24.0096583905774; 2; 370; -1
# comment:PS ID:349 ref:withoptics.ref slowslow2 start 15:37
#
# WaveLength; Reflectance; Raw Intensity; Dark Intensity; Reference Intensity
400; 0.473821107947; 4586.87590054442; 3869.39; 734.26
401; 0.467176648787634; 4729.38375239831; 4006.64; 746.92
402; 0.451726790353705; 4824.77629585168; 4085.87; 786.28
403; 0.432177909148627; 4922.72479796577; 4170.5; 833.19
404; 0.430718386616329; 5031.33321446641; 4276.9; 834.94
405; 0.419146549463448; 5192.45701630061; 4420.61; 874.39
406; 0.414766576473502; 5305.84389647546; 4512.32; 904.88
407; 0.412604158989829; 5423.94128402672; 4618.2; 920
408; 0.40427986448145; 5535.5007477602; 4719.05; 947.65
409; 0.395672267135176; 5639.97148159785; 4825.46; 962.39
410; 0.390191555118983; 5787.97112226294; 4957.25; 991.61
411; 0.387259815078409; 5877.63134375563; 5054.41; 986.6
412; 0.388408593774687; 5961.20563932366; 5122.07; 999.14
413; 0.378781561940733; 6034.57722077771; 5198.54; 1017.35
414; 0.368797977356676; 6155.93323603231; 5328.84; 1030.24
415; 0.36000696255352; 6234.25479760724; 5407.41; 1051.61
416; 0.353572527931054; 6295.06135755985; 5484.24; 1046.5
417; 0.347885798557813; 6367.44647560633; 5557.11; 1059.45
418; 0.328503165376501; 6476.54354249738; 5686.9; 1089.66
419; 0.31878792349386; 6547.44336216348; 5778.65; 1089.96
420; 0.311483316897832; 6639.2716231076; 5873.63; 1107.63
421; 0.295305500739399; 6739.16861549908; 5999.37; 1125.58
422; 0.292067522165398; 6907.3818777605; 6161.07; 1144.72
423; 0.28372407179456; 7019.27123848754; 6283.37; 1158.5
424; 0.272933266076223; 7137.95029379528; 6410.67; 1186.66
425; 0.260198064958527; 7270.20651218488; 6557.12; 1217.13
426; 0.253029276323696; 7478.89520916849; 6756.41; 1264.66
427; 0.249800545245748; 7632.72954816771; 6894.52; 1305.3
428; 0.249139687408597; 7787.30015669631; 7042.42; 1316.97
429; 0.244480428337255; 7923.06236593441; 7172.4; 1349.15
430; 0.238068266823647; 8109.51009807265; 7362.29; 1375.69
431; 0.225001569063142; 8223.06891033277; 7500.15; 1404.78
432; 0.22243874203388; 8335.47162473485; 7593.7; 1454.39
433; 0.223764393634311; 8448.88418822369; 7693.05; 1469.65
434; 0.217117470216446; 8594.23391886989; 7850.92; 1485.96
435; 0.217737539278457; 8704.92830200368; 7946.36; 1508.87
436; 0.208511288902485; 8762.71811481427; 8021.43; 1536.4
437; 0.202522904682276; 8849.98495901948; 8119.95; 1554.23
438; 0.195995838588859; 9003.90213934937; 8283.29; 1581.59
439; 0.200352899261094; 9103.68579721257; 8354.04; 1605.86
440; 0.196502883284392; 9193.17967240275; 8452.56; 1613.9
441; 0.193391806879754; 9283.30592907699; 8550.95; 1617.96
442; 0.19065896005635; 9434.04827595492; 8688.97; 1665.9
443; 0.189196924431717; 9540.36170977383; 8792.56; 1681.21
444; 0.179105450710094; 9654.47030236621; 8949.24; 1671.17
445; 0.178717842824225; 9790.71153586522; 9085.03; 1672.09
446; 0.177605131066857; 9983.52231888455; 9265.24; 1708.7
447; 0.171289744327638; 10150.8069967034; 9440.26; 1748.86
448; 0.16392192005893; 10310.8611922376; 9630.23; 1746.72
449; 0.161420272353862; 10582.9209876631; 9885.28; 1814.28
450; 0.159442927420865; 10776.5291621634; 10081.11; 1827.01
451; 0.156553462502705; 10953.128330408; 10255.69; 1862.38
452; 0.15541127028489; 11137.9920065335; 10424.07; 1916.49
453; 0.155567802024577; 11475.5327442516; 10737.48; 1975.37
454; 0.152964762902915; 11706.8960297541; 10963; 2020.88
455; 0.152372893246522; 11913.1097712036; 11156.94; 2058.18
456; 0.15754607126589; 12167.6407207409; 11369.12; 2098.01
457; 0.156181557445571; 12537.4922562862; 11721.72; 2157.98
458; 0.155218142782026; 12795.7280664716; 11971.21; 2190.45
459; 0.15582590643382; 13043.2561353142; 12197.34; 2234.36
460; 0.156048173371697; 13304.4887897338; 12451.85; 2244.7
461; 0.16271648816268; 13689.2697326635; 12770.64; 2315.01
462; 0.163175284277076; 13922.2991011166; 12991.06; 2335.82
463; 0.168625545862867; 14164.0815669654; 13180.57; 2382.87
464; 0.172892367889203; 14551.3633251782; 13511.27; 2453.29
465; 0.177544803102364; 14820.5641111599; 13729.67; 2501.36
466; 0.179539083170059; 15096.0165374939; 13965.54; 2558.83
467; 0.185676274424627; 15388.8506497729; 14207.98; 2580.21
468; 0.182795651788248; 15896.0562743544; 14678.16; 2698.49
469; 0.185346308532033; 16251.7482064844; 14993.1; 2745.87
470; 0.188610714760498; 16629.4185646156; 15322.49; 2797.27
471; 0.191872381832595; 17073.5960039707; 15732.43; 2817.13
472; 0.19653393556912; 17783.2475158496; 16372.18; 2888.96
473; 0.198659696765949; 18286.3177120339; 16816.37; 2972.52
474; 0.202583776761801; 18838.4423510753; 17311.54; 3023
475; 0.211808406145057; 19809.9269863013; 18143.65; 3150.22
476; 0.215795835131199; 20439.1137215063; 18682.99; 3253.44
477; 0.220269388671425; 21127.9200805174; 19269.42; 3367.82
478; 0.224894070298119; 21926.9429607482; 19967.43; 3472.23
479; 0.227434330666097; 23069.7552178814; 20949.15; 3709.93
480; 0.229897686649924; 23893.088484339; 21691.29; 3804.75
481; 0.237506468677087; 24725.510130854; 22361.32; 3948.55
482; 0.244897009377023; 25971.2775029325; 23416.42; 4131.99
483; 0.246911552677381; 26777.3560616371; 24128.61; 4242.65
484; 0.249221602818732; 27562.1608266126; 24824.01; 4338.71
485; 0.254220926672702; 28394.5136954781; 25545.04; 4419.68
486; 0.255194404905148; 29492.6194025079; 26517.16; 4590.47
487; 0.259685402968159; 30206.6673483444; 27144.88; 4634.96
488; 0.264533874223915; 30904.6645943519; 27734.19; 4704.39
489; 0.264771379071801; 31533.345406293; 28301.4; 4784.45
490; 0.262188698568681; 32423.6099518021; 29129.5; 4917.45
491; 0.261550476950961; 32960.1389295775; 29620.01; 4991.8
492; 0.266073180002504; 33519.3456968759; 30076.82; 5050.77
493; 0.265780763076824; 34234.7204487112; 30727.18; 5145.3
494; 0.270872582336927; 34731.1891150663; 31131.56; 5174.67
495; 0.276371364282694; 35217.5995647882; 31508.11; 5219.97
496; 0.279751838510491; 35879.0684550107; 32056.49; 5307.57
497; 0.285356168925403; 36327.189373678; 32397.48; 5342.56
498; 0.287466531920212; 36709.0705381874; 32734.99; 5356.59
499; 0.292199801246875; 37194.6863253905; 33093.5; 5431.5
500; 0.300355220287378; 37824.5024353517; 33580.19; 5461.63
501; 0.307636662413914; 38280.9624111901; 33912.63; 5481.08
502; 0.310943862584474; 38692.2335258592; 34262.4; 5491.88
503; 0.309386941036004; 39251.1650182982; 34758.54; 5590.61
504; 0.314284621241667; 39719.1832282885; 35092.98; 5659.87
505; 0.320470680215629; 40236.9862414864; 35469.61; 5713.19
506; 0.326156526570381; 40757.7672518636; 35860.16; 5760.06
507; 0.333951458322626; 41490.1607753606; 36434.09; 5800.95
508; 0.335616245729226; 41958.3293971452; 36816.82; 5862.95
509; 0.336823576401479; 42439.2858475287; 37220.5; 5923.17
510; 0.343890951363776; 43263.5969781639; 37815.45; 6049.54
511; 0.349486831793274; 43832.396089395; 38193.07; 6154.56
512; 0.352066452763505; 44357.6950789133; 38664.27; 6161.05
513; 0.352716934448568; 45035.141398251; 39275.75; 6213.99
514; 0.352788442935209; 45518.6995184351; 39688.32; 6282.11
515; 0.354383278648503; 46039.1719407068; 40099.69; 6363.71
516; 0.356160492290456; 46494.9763205973; 40486.93; 6397.69
517; 0.355790084736616; 47239.938965785; 41096.3; 6541.34
518; 0.356988797002284; 47747.9429917289; 41496.14; 6626.65
519; 0.356342700122895; 48239.6108649482; 41917.64; 6705.56
520; 0.360796831984791; 49037.317802711; 42548.12; 6790.4
521; 0.357848790701615; 49518.4518741617; 42977.56; 6893.52
522; 0.3569563331715; 49997.6810919753; 43423.9; 6938.08
523; 0.359175360884659; 50763.7043390003; 44015.23; 7071.04
524; 0.360060688283351; 51315.9634809133; 44459.88; 7158.61
525; 0.362911530418579; 51810.4158260776; 44853.54; 7199.39
526; 0.365440001474091; 52485.03099231; 45445.09; 7227.5
527; 0.366332418422866; 52921.3450071808; 45749.02; 7338.26
528; 0.365078026532715; 53298.5946262544; 46051.59; 7432.64
529; 0.367581242043523; 53642.9406417769; 46325.08; 7446.85
530; 0.369417923298901; 54113.241725617; 46663.24; 7536.36
531; 0.371111395954947; 54383.5418061154; 46895.43; 7533.44
532; 0.37318186139294; 54628.9590821216; 47103.5; 7522.1
533; 0.374704442725575; 54950.3034979715; 47350.71; 7558.38
534; 0.376743961054116; 55156.5585724743; 47499.48; 7567.35
535; 0.378182592688247; 55389.7903510065; 47665.71; 7596.56
536; 0.376926562820756; 55694.6196729828; 47956; 7628.39
537; 0.375986627229703; 55913.2721948608; 48154.07; 7659.54
538; 0.378194653795727; 56163.8758989303; 48333.48; 7676.39
539; 0.380507999584007; 56512.2417804131; 48638.4; 7664.33
540; 0.380201206309005; 56732.6586968666; 48781.81; 7737.72
541; 0.378915708090712; 56996.1508520733; 49000.63; 7801.09
542; 0.381938668907885; 57392.1234689968; 49330.89; 7796.44
543; 0.382290955064533; 57637.0912478038; 49574.67; 7784.29
544; 0.384423246260032; 57916.9344401747; 49814.41; 7773.5
545; 0.388904098627288; 58411.5845932425; 50138.07; 7839.71
546; 0.385632284794277; 58701.8702245014; 50409.36; 7917.92
547; 0.384857593865255; 58985.9418631118; 50662.12; 7956.91
548; 0.384827480106659; 59541.4915954866; 51154.89; 8010.79
549; 0.384842577911046; 59852.7053426033; 51448.39; 8020.41
550; 0.38281060237569; 60187.8869750324; 51787.69; 8052.21
551; 0.382912885627563; 60564.6088535901; 52108.28; 8096.98
552; 0.383640442606282; 61066.7715647851; 52532.52; 8149.17
553; 0.384273721586128; 61374.5890200213; 52882.77; 8088.61
554; 0.387096904908536; 61729.6932885819; 53142.48; 8112.9
555; 0.385969236945846; 62238.6529736945; 53645.5; 8135.28
556; 0.386979273105545; 62579.0237493617; 53968.23; 8123.54
557; 0.387746566917271; 62941.5968284767; 54277.78; 8150.4
558; 0.386427760791421; 63482.9790131739; 54687.44; 8295.43
559; 0.387041687545463; 63910.8548291585; 55059.41; 8327.75
560; 0.387793983767199; 64370.189897267; 55464.5; 8355.33
561; 0.385413089338262; 65163.7108198903; 56171.38; 8481.63
562; 0.385450722154074; 65762.3472678457; 56732.23; 8509.08
563; 0.387585748871785; 66401.2806953057; 57284.76; 8536.23
564; 0.385476442166387; 67361.9893379558; 58131.67; 8683
565; 0.384990875893811; 67990.9136449355; 58723.39; 8722.57
566; 0.386814762826611; 68568.8669524989; 59260.3; 8713.46
567; 0.382999505734259; 69249.4469462624; 59968.19; 8768.43
568; 0.380011343838089; 69571.9755946442; 60312.67; 8810.43
569; 0.379142124385275; 69805.2484420063; 60536.87; 8832.97
570; 0.378857499440121; 69937.2556471518; 60654.49; 8847
571; 0.376619297273179; 69878.8348810653; 60645.86; 8845.03
572; 0.377638131460082; 69814.0320523948; 60593.21; 8802.53
573; 0.376376459116588; 69480.6290222194; 60388.41; 8701.9
574; 0.37407805134611; 69227.5633370458; 60192.1; 8693.52
575; 0.376960900217509; 68892.7612399891; 59917.07; 8563.1
576; 0.378220702686394; 68716.3034341672; 59761.86; 8507.77
577; 0.379829408254124; 68556.8723932369; 59641.09; 8428.61
578; 0.378565058037318; 68235.3935757802; 59423.5; 8351.72
579; 0.375995099548658; 68068.7830301546; 59274.96; 8385.25
580; 0.373319272061621; 67875.6508011167; 59125.77; 8396.82
581; 0.372157044800756; 67663.0302706345; 58924.46; 8406.26
582; 0.373101336801873; 67551.5706844707; 58842.88; 8350.45
583; 0.372068878795998; 67457.7734949516; 58773.45; 8344.55
584; 0.370906208497316; 67288.5203083924; 58634.76; 8335.83
585; 0.367489703808967; 67143.7931680927; 58543.05; 8356.35
586; 0.362174798860663; 67047.7712811031; 58471.96; 8448.9
587; 0.362741886575373; 66896.6499840309; 58404.36; 8348.32
588; 0.360720589354397; 66772.7835115531; 58360.19; 8311.12
589; 0.360084965412427; 66688.616976242; 58331.89; 8265.55
590; 0.351450453333399; 66496.1164719571; 58337.01; 8263.17
591; 0.349428706894831; 66385.0973088783; 58293.38; 8237.16
592; 0.346798994752151; 66337.0739557537; 58296.42; 8242.06
593; 0.346563751873372; 66403.3530555572; 58354.29; 8251.08
594; 0.348357356497505; 66464.0370873914; 58474.67; 8142.58
595; 0.344174102255548; 66627.9238019669; 58691.02; 8182.26
596; 0.342007886594204; 66810.7468681033; 58910.07; 8191.32
597; 0.340840773866757; 67101.130700962; 59148.04; 8268.66
598; 0.339671739022885; 67644.3284398036; 59669.64; 8314.38
599; 0.337896903586578; 68127.652370601; 60111.73; 8395.94
600; 0.336148646299489; 68662.2786090258; 60597.36; 8485.8
601; 0.336140538757537; 69554.476204206; 61431.73; 8541.42
602; 0.331181176070227; 70185.9794978345; 62030.86; 8698.58
603; 0.33222056096987; 70867.3169278913; 62682.2; 8697.72
604; 0.331653898196518; 71847.7662604308; 63509.51; 8869.93
605; 0.331104350458732; 72451.9540823055; 64042.25; 8955.31
606; 0.329631901861614; 73067.2955015658; 64550.97; 9103.79
607; 0.330134922797932; 73825.0860839494; 65111.84; 9294.41
608; 0.325840070631325; 74117.762777651; 65429.29; 9384.39
609; 0.321225419271078; 74479.6144567008; 65822.24; 9479.31
610; 0.321504298065923; 74627.3028061027; 65955.41; 9481.14
611; 0.319758552034525; 74716.9819872739; 66022.08; 9552.58
612; 0.316675078928671; 74644.9188519803; 66019.65; 9562.45
613; 0.31226917180625; 74509.6400326496; 66016.95; 9542.42
614; 0.311571284181912; 74271.8944710664; 65905.75; 9415.73
615; 0.306909795859677; 73697.0946727282; 65585.75; 9262.15
616; 0.306613598370693; 73355.2236873681; 65316.88; 9181.97
617; 0.30135140248202; 72598.3522007976; 64768.34; 9095.05
618; 0.297964053937299; 72075.1689936303; 64373.64; 9042.15
619; 0.292859077542218; 71495.1062612759; 63985.54; 8965.65
620; 0.28949942525744; 70725.920449189; 63448.32; 8784.82
621; 0.288750867388237; 70204.6674146632; 63011.38; 8701.12
622; 0.284768824002371; 69685.7008895172; 62594.57; 8693.06
623; 0.281365708453293; 68989.8214776937; 62070.14; 8581.34
624; 0.278588712657783; 68521.2686193533; 61741.91; 8487.03
625; 0.275358181505881; 67893.2464364245; 61215.67; 8453.6
626; 0.275287697607125; 67536.7344091572; 60906.9; 8391.25
627; 0.276183431948573; 67177.0984837542; 60552.71; 8353.36
628; 0.273137103784297; 66560.6699905855; 59996.17; 8366.11
629; 0.27150466512519; 66216.7651530595; 59718.79; 8327.32
630; 0.270526418884281; 65871.7461704841; 59494.05; 8198.99
631; 0.267897478096907; 65363.2003778865; 59130.04; 8088.35
632; 0.263968939783828; 65008.3287632298; 58876.05; 8072.41
633; 0.262754104257624; 64584.2420169338; 58511.89; 8027.04
634; 0.258937729609288; 64267.6656504262; 58308.74; 7989.54
635; 0.254106704449308; 63931.7361245824; 58140.12; 7908.54
636; 0.247334398871883; 63534.1565895145; 57915.51; 7878.13
637; 0.242823995092287; 63214.7352945108; 57722.82; 7838.74
638; 0.240138679515334; 62980.3871176414; 57474.46; 7941.82
639; 0.235340462268543; 62607.1269142406; 57165.91; 8003.89
640; 0.234995781623455; 62442.7452075352; 57008.09; 8001.12
641; 0.230634628563702; 62045.3506003763; 56758.58; 7926.46
642; 0.229740826467971; 61799.5001362927; 56539.98; 7912.17
643; 0.23003748510297; 61634.1055607481; 56371.02; 7903.44
644; 0.228051101462378; 61290.1204333582; 56100.39; 7857.3
645; 0.226384649902608; 61100.9210329261; 55952.09; 7849.35
646; 0.223913745869282; 60777.9738884805; 55757.04; 7735.25
647; 0.223431665223506; 60579.2948734173; 55605.78; 7675.61
648; 0.221755714142297; 60331.3883794279; 55421.19; 7632.06
649; 0.219918142792591; 60080.0328021029; 55233.83; 7592.22
650; 0.218909360285825; 59933.878634167; 55116.84; 7578
651; 0.216712973036207; 59705.870241031; 54970.38; 7521.71
652; 0.215422536312964; 59531.0927921536; 54836.02; 7498.47
653; 0.216749836692555; 59403.2304498126; 54697.14; 7466.34
654; 0.217586734472661; 59240.0528581845; 54559.48; 7393.84
655; 0.216630134564837; 59126.9771821167; 54465.02; 7393.93
656; 0.214100545293847; 58906.1866040176; 54312.69; 7368.41
657; 0.210501202036183; 58749.0004735592; 54258.2; 7324.28
658; 0.207386017763385; 58572.8515700426; 54165.73; 7293.21
659; 0.201383772226257; 58340.7626446046; 54053.82; 7302.78
660; 0.197614641616744; 58164.0182969707; 53974.86; 7269.33
661; 0.188652380723325; 57832.6903837659; 53820.55; 7288.84
662; 0.18471165132472; 57654.7460189561; 53704.12; 7326.33
663; 0.178644265663089; 57447.8854845076; 53597.59; 7378.87
664; 0.173198438661308; 57223.126856451; 53483.1; 7388.78
665; 0.175682681931396; 57119.2034709574; 53326.55; 7383.97
666; 0.176356351440141; 56944.5955477319; 53150.66; 7355.43
667; 0.175035120168434; 56750.8335117901; 52998.89; 7326.55
668; 0.176815932290649; 56637.5062408418; 52847.85; 7323.5
669; 0.173871015567389; 56362.2191605814; 52664.94; 7263.21
670; 0.174219383948757; 56243.5322617739; 52553.29; 7232.11
671; 0.172144993778835; 55975.8820151207; 52404.63; 7079.27
672; 0.168122818803798; 55770.9494042872; 52310.27; 7020.25
673; 0.162068986938635; 55492.4369705793; 52154.03; 7021.01
674; 0.15898778420547; 55165.3582899117; 51884.46; 7029.82
675; 0.158317694953438; 54953.4492963737; 51726.62; 6940.14
676; 0.151267980881497; 54562.9743742161; 51487.64; 6919.48
677; 0.15031999750351; 54301.7483438192; 51264.41; 6874.84
678; 0.146222262884779; 53779.4792895722; 50861.27; 6787.88
679; 0.146391488076655; 53520.8823811177; 50607.72; 6765.89
680; 0.147260025685737; 53238.1755552278; 50288.84; 6807.27
681; 0.143353804957105; 52760.6131170443; 49879.04; 6829.65
682; 0.139209351924801; 52393.218958912; 49603.29; 6806.66
683; 0.138425757110126; 51983.5041756612; 49190.55; 6849.95
684; 0.139328364579067; 51690.3849069261; 48851.84; 6914.18
685; 0.136701927842521; 51266.8827733722; 48496.41; 6875.35
686; 0.134528959051225; 50983.4107123188; 48259.88; 6865.56
687; 0.134460951299521; 50728.0747395772; 48015.34; 6839.14
688; 0.13277780228467; 50300.1255824384; 47660.66; 6736.35
689; 0.132980090721555; 50053.8924909141; 47430.35; 6683.12
690; 0.130106502549032; 49656.6370543818; 47114.92; 6615.1
691; 0.127640090854566; 49350.2918166589; 46875.41; 6563.05
692; 0.127402418880575; 49104.1189182938; 46671.62; 6460.16
693; 0.130711357630676; 48743.0281126767; 46240.6; 6475.1
694; 0.133517973855547; 48494.3203207169; 45936.72; 6476.21
695; 0.129897572952562; 47992.8833312238; 45505.74; 6470.6
696; 0.130297074335938; 47736.0946177745; 45255.77; 6430.36
697; 0.128593659690484; 47279.6019879376; 44881.07; 6297.83
698; 0.128340777098859; 47000.6013846314; 44617.46; 6267.1
699; 0.125497674726562; 46565.0648729822; 44279.79; 6143.47
700; 0.122544663046346; 46281.9940273276; 44098.54; 6008.83
701; 0.121043537533625; 46032.5221531971; 43886.31; 5977.78
702; 0.11216458073423; 45621.9142079495; 43667.22; 5873.37
703; 0.113436102182383; 45406.2135789913; 43450.12; 5809.93
704; 0.109299926108581; 45035.8331949189; 43177.28; 5727.38
705; 0.106955413799486; 44783.6711983631; 42984.61; 5663.34
706; 0.105281097185521; 44461.637064065; 42694.41; 5649.54
707; 0.105659836825428; 44254.9441553377; 42461.28; 5711.07
708; 0.105726413128309; 44019.3971606026; 42219.65; 5724.39
709; 0.102714319925522; 43643.3131667657; 41899.34; 5707.57
710; 0.103257154579804; 43395.444715838; 41648.14; 5686.33
711; 0.0999303577779497; 43041.8709187118; 41364.18; 5640.34
712; 0.0995707276523835; 42776.2949060921; 41116.32; 5599.74
713; 0.101155523218584; 42436.640801059; 40762.56; 5557.66
714; 0.0982123663383959; 42110.7163204465; 40520.22; 5437.41
715; 0.0945904257920722; 41695.0792402152; 40202.88; 5294.92
716; 0.092377687726647; 41371.5986513473; 39932.78; 5226.2
717; 0.0902200754312377; 41013.7634867265; 39629.07; 5147.84
718; 0.0887436135848007; 40515.4653892986; 39183.73; 5031.33
719; 0.0906372449177235; 40143.5403508843; 38793.68; 4991.12
720; 0.0899768659964747; 39599.6911409716; 38280.05; 4913.24
721; 0.0854799911361192; 39247.0014214384; 37997.72; 4894.17
722; 0.0887213828497018; 38751.424340368; 37461.34; 4867.58
723; 0.0912230739892052; 38412.4038415017; 37089.11; 4854.17
724; 0.0935959614574773; 37968.7434245717; 36612.24; 4848.05
725; 0.093220077772825; 37727.7811507416; 36385.09; 4816.26
726; 0.0908573033429185; 37439.6703254186; 36131.54; 4812.54
727; 0.085379788407486; 37270.4023024903; 36040.6; 4812.86
728; 0.0865927773147777; 37169.376165757; 35923.5; 4805.84
729; 0.0882735703092101; 37060.7087103872; 35794.86; 4788.58
730; 0.084113337903437; 36998.0231749966; 35804.98; 4735.07
731; 0.0752506605452818; 36950.8607950915; 35898.6; 4667.75
732; 0.0746479867670804; 36972.2675828536; 35931.8; 4652.12
733; 0.0754386940086903; 36990.608756079; 35937.66; 4658
734; 0.0734446762412758; 36960.2598865411; 35940.73; 4632.18
735; 0.0681233214789197; 36857.3333056489; 35910.34; 4637.56
736; 0.068127072487527; 36802.9926357971; 35853.79; 4646.83
737; 0.0698936571110961; 36750.7674444425; 35763.82; 4707.89
738; 0.070609463276878; 36682.4187888636; 35686.23; 4702.2
739; 0.0728436812798287; 36591.8440863804; 35566.35; 4690.32
740; 0.0682412096030607; 36474.4402537794; 35518.53; 4665.2
741; 0.0702524165457014; 36431.7371615005; 35438.57; 4706.66
742; 0.0785857027143992; 36494.9024246403; 35376.98; 4734.62
743; 0.0834838982674041; 36575.3614996949; 35384.87; 4744.52
744; 0.0825876629464189; 36730.6061569657; 35557.26; 4725.32
745; 0.0818616263456558; 36877.5050705255; 35711.59; 4735.27
746; 0.0843273403572837; 37124.1541888178; 35904.99; 4804.96
747; 0.0844272565305796; 37293.5236964926; 36064.38; 4836.75
748; 0.0878766670605084; 37554.6608219773; 36277.22; 4827.83
749; 0.0869548786101971; 37637.3376004355; 36375.65; 4817.49
750; 0.0864539088722267; 37620.9883764032; 36374; 4787.76
751; 0.0845799916323582; 37540.0709695969; 36336.55; 4723.1
752; 0.0808113213922018; 37236.4305938175; 36099.96; 4667.67
753; 0.0806764968517391; 36974.592894049; 35843.88; 4651.64
754; 0.07652215248401; 36452.0039366516; 35400.69; 4559.52
755; 0.0751650780518897; 36058.4945828819; 35033.68; 4523.71
756; 0.0745929708016261; 35435.1787209118; 34423.24; 4499.87
757; 0.0706678950274627; 34986.5440635896; 34033.43; 4471.88
758; 0.0724763654314641; 34410.7133628956; 33441.09; 4434.02
759; 0.0735222210287805; 34036.373153718; 33053.61; 4428.1
760; 0.0770136163579824; 33702.3759468949; 32681.41; 4389.62
761; 0.0831478355174806; 33187.099112911; 32094.24; 4350.03
762; 0.0847212464721885; 32853.5968717475; 31738.87; 4352.62
763; 0.0832149806316916; 32340.1141794069; 31268.89; 4256.73
764; 0.0820348122311046; 31999.5481714009; 30955.78; 4205.71
765; 0.0807790299856761; 31534.1328950097; 30523.94; 4133.31
766; 0.076155830472718; 31220.5627835226; 30282.24; 4071.93
767; 0.0737550925983507; 30763.8210271756; 29889.65; 3917.14
768; 0.0709147586270821; 30476.0522900545; 29645; 3873.2
769; 0.0650928930395782; 30016.6111402471; 29266.15; 3810.18
770; 0.0649487460597237; 29763.2173001059; 29018.85; 3787.39
771; 0.0694673871320095; 29474.4515190056; 28680.35; 3776.08
772; 0.0706529608445473; 29246.9028362944; 28446.72; 3739.62
773; 0.0781921808754432; 28936.7448638412; 28058.77; 3705.92
774; 0.0765861528481483; 28686.1353487095; 27829.59; 3689.54
775; 0.0858763830529128; 28405.8456600329; 27439.76; 3709.91
776; 0.08725510299708; 28201.8125203369; 27237.96; 3641.47
777; 0.0910809216702544; 27917.9357337373; 26913.56; 3634.26
778; 0.0907270881104517; 27705.3227171134; 26715.7; 3593.82
779; 0.0914888730271828; 27385.1629124476; 26401.43; 3541.9
780; 0.09333269777929; 27215.9608712649; 26209.45; 3551.42
781; 0.0916880915305378; 26944.2122376122; 25959.69; 3535.36
782; 0.0905537555767679; 26749.4212566534; 25778.2; 3530.39
783; 0.0905001293302975; 26446.0909155634; 25494.21; 3461.37
784; 0.0931446397674478; 26289.9677445929; 25318.31; 3432.1
785; 0.0950840043518159; 26030.493841823; 25049.77; 3392.5
786; 0.0934363496325268; 25851.038887737; 24888.1; 3388.75
787; 0.0998771570689941; 25616.334833576; 24582.52; 3402.48
788; 0.0972017466501324; 25425.473260097; 24429.24; 3367.97
789; 0.0974502773511077; 25150.795130149; 24166.33; 3318.75
790; 0.0965467749319366; 24963.0735907776; 23986.74; 3321.19
791; 0.0944044095475443; 24687.0231472387; 23719.03; 3366.69
792; 0.0924842688899711; 24494.094932249; 23546.07; 3364.95
793; 0.0958894849209639; 24234.8483417139; 23263.87; 3323.4
794; 0.0974462325355621; 24078.3442998727; 23096.99; 3304.73
795; 0.0975456396964879; 23814.983413926; 22857.12; 3222.13
796; 0.102140576513136; 23621.5376999155; 22628.84; 3188.88
797; 0.105601030107109; 23473.5858151928; 22457.2; 3157.88
798; 0.106045757206271; 23239.2706337328; 22251.53; 3055.91
799; 0.108972209360103; 23125.729228858; 22129.09; 3000.25
800; 0.105790627195057; 22888.9504648863; 21918.26; 3009.63
801; 0.105485875950036; 22704.1911895077; 21741.23; 2993.24
802; 0.111973712654963; 22516.7157157706; 21479.09; 3037.38
803; 0.113353047629578; 22383.3677053412; 21336.34; 3026.35
804; 0.110394842515511; 22181.4275841516; 21187.49; 2948.75
805; 0.111353887243632; 22030.2908881411; 21034.56; 2927.88
806; 0.115624861109884; 21858.7337698047; 20836.79; 2893.22
807; 0.115397076089414; 21724.9007088244; 20715.72; 2862.27
808; 0.119691134361956; 21561.4823804175; 20539.9; 2792.96
809; 0.12151861386395; 21449.7877711899; 20424.64; 2760.03
810; 0.126133391736487; 21264.1442298195; 20224.7; 2695.53
811; 0.126665062394958; 21140.3636552342; 20091.86; 2706.83
812; 0.129010359342013; 20945.8252546266; 19884.31; 2689.74
813; 0.123162700193629; 20798.4880407028; 19793.26; 2667.28
814; 0.128387729262023; 20659.6601656768; 19615.6; 2656.72
815; 0.130530210726005; 20552.9840302339; 19510.51; 2608.64
816; 0.1332791279133; 20390.6220658222; 19316.71; 2631.29
817; 0.133166490581449; 20232.1595825692; 19151.29; 2650.15
818; 0.133089581364823; 20098.0814324182; 19034.43; 2609.02
819; 0.136671059802073; 19897.2899487661; 18814.23; 2586.51
820; 0.140122625145726; 19790.6345058085; 18689.96; 2563.25
821; 0.144604192022169; 19635.49143266; 18518.27; 2520.42
822; 0.145793279912565; 19519.5710381835; 18404.2; 2495
823; 0.148793881694829; 19375.9553880239; 18260.87; 2443.43
824; 0.149333375419576; 19262.2692946565; 18158.8; 2408.62
825; 0.151617563999199; 19118.2288846473; 18009.86; 2382.79
826; 0.150578771623533; 19021.0835660363; 17931.53; 2358.5
827; 0.148772069945015; 18879.6110859995; 17798.05; 2369.86
828; 0.15202393828264; 18791.4544814894; 17684; 2374.92
829; 0.152045126826891; 18643.2440277816; 17555.02; 2333.13
830; 0.148115217904195; 18478.9637589768; 17403.79; 2366.16
831; 0.143824319469359; 18344.2560651018; 17305.83; 2352.33
832; 0.138883921507641; 18180.6444434756; 17198.16; 2303.66
833; 0.137988785880657; 18078.3932003304; 17119.37; 2262.14
834; 0.135590158683041; 17943.9971619032; 17011.62; 2237.18
835; 0.134479773426451; 17845.0350206017; 16937.08; 2196
836; 0.139989868794374; 17736.3366754152; 16817.17; 2135.06
837; 0.140438280332936; 17646.3478379839; 16729.78; 2122.5
838; 0.146119791346221; 17526.0515140067; 16579.8; 2106.31
839; 0.160233888631954; 17443.4266158559; 16431.87; 2054.8
840; 0.15917202203706; 17361.127732485; 16338.43; 2091.29
841; 0.165805733160127; 17248.1410922073; 16176.85; 2105.39
842; 0.16603052208585; 17172.1776531293; 16100.15; 2103.51
843; 0.168698270896192; 17057.1024463877; 15963.29; 2111.77
844; 0.16464688886783; 16943.8777307293; 15892.03; 2080.25
845; 0.170762233466019; 16807.6407703904; 15721.29; 2071.01
846; 0.165817336588774; 16701.0170378408; 15640.73; 2081.13
847; 0.167308349457578; 16579.8114710137; 15512.12; 2076.45
848; 0.168327551946117; 16447.8194557956; 15379; 2065.59
849; 0.173986655081095; 16370.819043317; 15291.55; 2017.42
850; 0.179812271167961; 16214.8467114999; 15122.34; 1975.49
851; 0.174539876041468; 16085.3005530125; 15033.42; 1959.04
852; 0.176018347537873; 15942.8178313025; 14892.72; 1938.79
853; 0.17312502582555; 15832.4723938648; 14821.77; 1896.81
854; 0.169271942648058; 15637.6073620218; 14666.47; 1863.56
855; 0.176336808756562; 15467.0587089613; 14480.87; 1816.21
856; 0.173754779227831; 15362.113371675; 14373.72; 1846.96
857; 0.175879209755746; 15193.6426798379; 14195.76; 1841.75
858; 0.176153491956001; 15095.5870215022; 14085.44; 1861.12
859; 0.176212338501837; 14923.2246765726; 13917.36; 1852.25
860; 0.177935680743947; 14811.2265052496; 13810.98; 1823.65
861; 0.185581409885428; 14695.6847450663; 13662.8; 1805.22
862; 0.182267204820355; 14538.2758255692; 13537.19; 1781.11
863; 0.18300622263466; 14426.161814144; 13438.2; 1750.32
864; 0.186048059468709; 14261.6894889495; 13288.14; 1696.2
865; 0.180703383515232; 14127.4538477056; 13208.2; 1648.65
866; 0.180701277927218; 13949.4567909557; 13052.04; 1609.19
867; 0.183853816244036; 13729.467442211; 12842.9; 1562.12
868; 0.179605578153189; 13545.422093556; 12685.62; 1550.49
869; 0.18548634406786; 13321.7777868738; 12452.22; 1518.07
870; 0.186222452429842; 13152.5777199903; 12312.23; 1460.99
871; 0.190820948581109; 12890.412235369; 12058.87; 1410.52
872; 0.192843235073269; 12708.0531699042; 11877.36; 1394.03
873; 0.195593423525375; 12443.5075948583; 11599.66; 1395.92
874; 0.204591984790253; 12229.9734177155; 11341.58; 1404.65
875; 0.211708540028888; 12103.9028288216; 11199.45; 1381.7
876; 0.217013377347183; 11889.9063480654; 10955.32; 1392.56
877; 0.218583789476444; 11736.2575005846; 10806.42; 1375.26
878; 0.219196036057518; 11526.0949219345; 10606.06; 1356.65
879; 0.216604331543758; 11352.4465774132; 10447.83; 1349.61
880; 0.220975551205293; 11267.5194260073; 10366.94; 1316.75
881; 0.220413712710188; 11128.0165552605; 10243.98; 1295.56
882; 0.212885729323155; 11022.2473034034; 10190.2; 1262.24
883; 0.215364215094573; 10934.5449305258; 10089.13; 1267.51
884; 0.220225340326155; 10860.6328607705; 9988.4; 1278.6
885; 0.226176033754916; 10816.4628016439; 9913.56; 1288.44
886; 0.232914094196175; 10752.4645150875; 9804.76; 1312.99
887; 0.232132773944307; 10706.2671360752; 9763.04; 1310.97
888; 0.234385523493719; 10631.0021308974; 9696.05; 1286.81
889; 0.245548887998378; 10596.2812842046; 9644.06; 1250.79
890; 0.245480025293033; 10566.7241364563; 9630.85; 1229.46
891; 0.244475603870518; 10514.9476847575; 9604.7; 1200.51
892; 0.242501521485907; 10532.3717664347; 9632.5; 1196.29
893; 0.236258970162011; 10558.6367821388; 9695.44; 1177.7
894; 0.237098676705784; 10646.5886813097; 9773.06; 1187.38
895; 0.240583010710286; 10736.3123120934; 9825.7; 1219.66
896; 0.239626315634888; 10875.7725591223; 9951.28; 1242.99
897; 0.2371320116457; 10981.910926487; 10040.59; 1278.76
898; 0.238577178914156; 11186.3609900462; 10233.74; 1286.06
899; 0.242729046939801; 11399.5731746894; 10407.18; 1316.62
900; 0.239715453290993; 11513.9799123345; 10519.34; 1335.97
901; 0.240073195827299; 11663.9383199664; 10674.23; 1327.19
902; 0.236637196725708; 11774.1885869358; 10803.41; 1320.49
903; 0.234644595954905; 11823.342508369; 10845.48; 1341.2
904; 0.234772823083354; 11866.5873894501; 10871.89; 1363.32
905; 0.235661981111373; 11853.0260396953; 10842.71; 1379.32
906; 0.232022601479577; 11770.4482206448; 10775.52; 1379.39
907; 0.232682907703234; 11631.140568352; 10665.88; 1334.24
908; 0.232260676183509; 11503.8720137321; 10561.98; 1304.09
909; 0.240659713128652; 11284.3338390606; 10342.42; 1258.44
910; 0.238431446656991; 11009.8190417499; 10084.23; 1247.98
911; 0.242251627969742; 10786.0397536203; 9884.34; 1196.4
912; 0.255410585795854; 10450.0708006257; 9558.26; 1122.13
913; 0.26216020936523; 10188.9245594596; 9303; 1085.88
914; 0.270854854559157; 9814.63698387134; 8920.23; 1060.91
915; 0.267854944853687; 9424.76392820053; 8545.32; 1054.67
916; 0.255581885352744; 9147.19400820814; 8311.13; 1050.62
917; 0.266659762788129; 8794.04457391621; 7972.82; 988.97
918; 0.261943874048073; 8437.38788229447; 7671.41; 938.89
919; 0.248561195171416; 8190.98068361005; 7486.3; 910.14
920; 0.237901854129856; 7855.09979849009; 7193.89; 892.14
921; 0.234435884485406; 7550.4427575741; 6920.81; 861.98
922; 0.238739214432539; 7374.28417521145; 6748.05; 841.79
923; 0.247534661596036; 7101.33055208706; 6496.05; 784.61
924; 0.238309010013684; 6901.2834744419; 6335.94; 761.11
925; 0.242480531404885; 6635.58837998164; 6077.93; 737.75
926; 0.249745252945811; 6380.55445749271; 5815.14; 726.18
927; 0.244408982849092; 6210.38100368744; 5665.7; 714.73
928; 0.246172515112537; 5958.19968635865; 5437.06; 678.85
929; 0.244974523821449; 5674.9378514149; 5175.42; 653.78
930; 0.241042664350715; 5473.88892132972; 4999.79; 630.57
931; 0.238057654478911; 5163.53149603092; 4725.43; 589.92
932; 0.241031264940536; 4813.01032557099; 4403.79; 544.16
933; 0.240557736524363; 4556.4630475018; 4171.45; 512.91
934; 0.254899860484875; 4134.46344881563; 3774.84; 452.07
935; 0.246349843213359; 3659.0764728947; 3360.06; 388.89
936; 0.252186950342736; 3357.60985378058; 3086.68; 344.16
937; 0.260063572729301; 2897.03569950979; 2658.99; 293.19
938; 0.273761970597701; 2477.93119068255; 2252; 264.31
939; 0.270021563973267; 2222.256398459; 2024.61; 234.4
940; 0.272805669073123; 1903.80068193697; 1733.22; 200.21
941; 0.275333196270171; 1674.8091164981; 1538.72; 158.24
942; 0.281171915102696; 1568.03415622862; 1438.65; 147.3
943; 0.293226107897713; 1454.55574320118; 1334.26; 131.31
944; 0.322219912827388; 1418.08651099805; 1289.05; 128.16
945; 0.318280273474351; 1414.74504972768; 1279.67; 135.8
946; 0.327519342477288; 1436.14396087008; 1299.75; 133.24
947; 0.328584210152124; 1481.06324542046; 1341.65; 135.73
948; 0.317765878290632; 1523.43868208974; 1372.3; 152.14
949; 0.302351196471684; 1596.51661989796; 1429.17; 177.02
950; 0.315273748229581; 1693.35454843244; 1522.48; 173.32
951; 0.319079064210108; 1759.23771941422; 1580.34; 179.27
952; 0.321095166355697; 1849.94252990772; 1680.01; 169.2
953; 0.32461067905122; 1958.01307787513; 1761.43; 193.59
954; 0.316237186572104; 2018.10169595616; 1813.87; 206.42
955; 0.308219704412754; 2113.40592170737; 1902.81; 218.36
956; 0.328966609376127; 2212.74495602312; 2005.39; 201.42
957; 0.31988881838787; 2270.17540326397; 2063.96; 205.97
958; 0.292741354862374; 2333.68097743198; 2131.01; 221.18
959; 0.297881993551048; 2410.17668570009; 2196.72; 228.9
960; 0.308020886732792; 2451.82935763938; 2252.42; 206.77
961; 0.290305715835057; 2516.19009190393; 2309.05; 227.87
962; 0.293574817827296; 2570.42445518681; 2346.14; 243.95
963; 0.287006756773262; 2590.84071558839; 2362.87; 253.6
964; 0.294983499038634; 2623.57191565254; 2387.56; 255.42
965; 0.288037383851909; 2661.3424881486; 2411.05; 277.37
966; 0.276762871078755; 2674.59180546452; 2422.73; 290.45
967; 0.269127344476861; 2680.81642154281; 2412.51; 318.15
968; 0.277230631265115; 2694.06162537345; 2424.46; 310.3
969; 0.281147756208308; 2690.88484486198; 2433.22; 292.4
970; 0.285974960684691; 2693.00481045322; 2425.52; 298.38
971; 0.285080088295733; 2687.31265851258; 2406.15; 314.58
972; 0.299383459421731; 2676.71693080038; 2389.96; 305.48
973; 0.314430816556333; 2683.07782959078; 2390.88; 296.34
974; 0.344728470157198; 2672.35027864994; 2376.55; 273.6
975; 0.350930644659387; 2657.91316092775; 2360.35; 270.33
976; 0.334067451460386; 2639.89089045561; 2346.14; 280.3
977; 0.321434356287225; 2615.63599751238; 2340.7; 272.63
978; 0.319836387113313; 2587.26858326719; 2312.92; 273.37
979; 0.305399681267756; 2550.67590256332; 2292.47; 269.42
980; 0.305147505247161; 2531.05702043301; 2271.21; 271.32
981; 0.274250016914153; 2484.24819546879; 2242.64; 280.66
982; 0.262561461200687; 2428.78787452559; 2202.63; 274.38
983; 0.277092928902567; 2410.20970419011; 2191.33; 251.59
984; 0.293280192456476; 2373.70613900757; 2150.38; 242.5
985; 0.295279429935307; 2332.01327666351; 2126.43; 221.7
986; 0.302731825420489; 2296.68263076005; 2089.99; 217.38
987; 0.292835537216059; 2263.74124374859; 2070.96; 209.58
988; 0.318862313359442; 2227.73045988208; 2031.15; 196.24
989; 0.338066943859425; 2195.81529031279; 2001.59; 182.85
990; 0.32089325821481; 2165.10106263009; 1964.58; 198.86
991; 0.309719513219111; 2119.34430407134; 1922.47; 202.26
992; 0.333987125743638; 2082.09044549087; 1892.5; 180.6
993; 0.329745628986444; 2037.6378878041; 1843.17; 187.61
994; 0.335114122406908; 2011.41517512877; 1823.97; 177.92
995; 0.307207954856223; 1961.61294421847; 1786.35; 181.45
996; 0.32757477925719; 1929.11288138097; 1743.39; 180.3
997; 0.325673851883297; 1886.99537885138; 1714.96; 167.97
998; 0.320677014214329; 1855.13065409616; 1691.86; 161.88
999; 0.288927742134404; 1806.58861698032; 1639.65; 183.68
1000; 0.275028479412874; 1760.56072320493; 1609.32; 174.8
1001; 0.276855144183429; 1732.80865952886; 1574.59; 181.64
1002; 0.283775945682932; 1692.09176602027; 1536.62; 174.11
1003; 0.257542869338538; 1647.37743036663; 1503.2; 177.89
1004; 0.278376084477509; 1609.70921073043; 1462.01; 168.58
1005; 0.28824693376977; 1586.72378137263; 1442.35; 159.12
1006; 0.308254605387103; 1555.45182791636; 1418.13; 141.51
1007; 0.305877271786976; 1518.00736598321; 1387.48; 135.54
1008; 0.308408105547624; 1490.20046028376; 1361.78; 132.24
1009; 0.326187221843525; 1466.1248465779; 1342.09; 120.75
1010; 0.31400258191888; 1422.63685779702; 1308.87; 115.04
1011; 0.293257942084575; 1385.15824391436; 1283.94; 109.58
1012; 0.272849860033231; 1350.47963883312; 1251.78; 114.83
1013; 0.255792705706292; 1323.4273427608; 1226.98; 119.68
1014; 0.277403394694424; 1291.40638100322; 1191.45; 114.36
1015; 0.268566144380458; 1252.14761335002; 1162.48; 105.95
1016; 0.242780876698284; 1213.67786967906; 1141.02; 94.96
1017; 0.257567057909452; 1196.51105712102; 1125.72; 87.2
1018; 0.245943147101543; 1168.7474585896; 1093.11; 97.56
1019; 0.247647134676145; 1130.37449582079; 1062.77; 86.59
1020; 0.263683563669558; 1101.38497772586; 1039.53; 74.4
1021; 0.253553946403778; 1084.33850110093; 1027.85; 70.65
1022; 0.265834665696416; 1057.2234028986; 1001.12; 66.92
1023; 0.257826859868482; 1031.97547243106; 969.14; 77.27
1024; 0.214484236279078; 1002.55927441752; 953.82; 72.04
1025; 0.249012288251966; 986.841319117755; 932.44; 69.25
1026; 0.249228121666794; 967.485533909871; 909.32; 73.97
1027; 0.24777415973021; 948.804986919332; 891.7; 73.04
1028; 0.26525564603729; 932.539437525436; 867.22; 78.03
1029; 0.244137647009679; 909.690055833165; 845.82; 82.89
1030; 0.226538494995333; 885.346670363677; 820.39; 90.84
1031; 0.254156952544742; 861.80256395127; 787.28; 92.88
1032; 0.259815028578544; 838.791977384906; 774.62; 78.23
1033; 0.26387422237125; 815.511145605867; 749.98; 78.65
1034; 0.278678718958794; 801.51583454266; 726; 85.81
1035; 0.279173579939063; 779.439864057542; 702.83; 86.89
1036; 0.247332031241513; 753.179353341542; 698.12; 70.48
1037; 0.297161032655185; 740.519766473191; 685.86; 58.23
1038; 0.232974496796604; 724.349885934656; 684.37; 54.32
1039; -0.489095851171877; 672.75556464796; 735.85; 40.83
1040; 0.00705025106714732; 708.602942704385; 710.26; -74.38
1041; -0.724225835302174; 608.709845868886; 684.65; 33.18
