# 08/03/2019 17:22:34
# NanoCalc data
# Original file name: C:\SVA_DATA\StudentProjects\2018_Nathan\PSswelling_080319\PSswelling2_641.dat
# Fit Result : Fitness; Thickness 1; Thickness 2; Thickness 3 
# Fit Result : 12.8616292938083; 2; 326.1; -1
# comment:PS ID:349 ref:withoptics.ref slowslow2 start 15:37
#
# WaveLength; Reflectance; Raw Intensity; Dark Intensity; Reference Intensity
400; 0.379405882182678; 4443.90718904878; 3869.39; 734.26
401; 0.361669298340255; 4566.1590309448; 4006.64; 746.92
402; 0.340435959940517; 4642.73374929721; 4085.87; 786.28
403; 0.327211288274958; 4740.02574392251; 4170.5; 833.19
404; 0.318772773119282; 4835.25268560981; 4276.9; 834.94
405; 0.309506530134986; 4990.55789081778; 4420.61; 874.39
406; 0.293724052511639; 5074.26753352429; 4512.32; 904.88
407; 0.27924977006379; 5163.52428574214; 4618.2; 920
408; 0.272717194328857; 5269.80747470742; 4719.05; 947.65
409; 0.255488121088207; 5351.39528867949; 4825.46; 962.39
410; 0.258419335579345; 5507.42695193699; 4957.25; 991.61
411; 0.259571122785319; 5606.19585585035; 5054.41; 986.6
412; 0.254577061586819; 5672.06989381212; 5122.07; 999.14
413; 0.238428366668916; 5724.79314707277; 5198.54; 1017.35
414; 0.222038860080691; 5826.80053824734; 5328.84; 1030.24
415; 0.21671631604254; 5905.15248032701; 5407.41; 1051.61
416; 0.211026013666469; 5968.17012851625; 5484.24; 1046.5
417; 0.205830807466043; 6036.55530010908; 5557.11; 1059.45
418; 0.187589282489167; 6137.82005548718; 5686.9; 1089.66
419; 0.178653951288796; 6209.49433804704; 5778.65; 1089.96
420; 0.178671659430726; 6312.81390459012; 5873.63; 1107.63
421; 0.166300289321185; 6415.98507655246; 5999.37; 1125.58
422; 0.165071172988669; 6582.87169901786; 6161.07; 1144.72
423; 0.162486259962874; 6704.81411359805; 6283.37; 1158.5
424; 0.156617056197172; 6828.00461179709; 6410.67; 1186.66
425; 0.147978637870072; 6962.66325710861; 6557.12; 1217.13
426; 0.15335232638037; 7194.28339240404; 6756.41; 1264.66
427; 0.155466036612291; 7353.95259463297; 6894.52; 1305.3
428; 0.152489851459531; 7498.33557744667; 7042.42; 1316.97
429; 0.151171321327122; 7636.5623973773; 7172.4; 1349.15
430; 0.154147483770395; 7846.10961811773; 7362.29; 1375.69
431; 0.148272348831838; 7976.54172160578; 7500.15; 1404.78
432; 0.151987364168581; 8100.53578331568; 7593.7; 1454.39
433; 0.158000227160724; 8226.74515808825; 7693.05; 1469.65
434; 0.158709672324475; 8394.27152477807; 7850.92; 1485.96
435; 0.161770747436678; 8509.94752654025; 7946.36; 1508.87
436; 0.164660829404376; 8606.82332069454; 8021.43; 1536.4
437; 0.170359206879518; 8734.04437519175; 8119.95; 1554.23
438; 0.173976767362151; 8922.94526731879; 8283.29; 1581.59
439; 0.181825564681186; 9034.36342377749; 8354.04; 1605.86
440; 0.192548487953474; 9178.27555025663; 8452.56; 1613.9
441; 0.197491936223589; 9298.83271939654; 8550.95; 1617.96
442; 0.20480260175961; 9489.32037107636; 8688.97; 1665.9
443; 0.207294430337888; 9611.89218470056; 8792.56; 1681.21
444; 0.212662266162928; 9786.60074850519; 8949.24; 1671.17
445; 0.213271144796337; 9927.14798126747; 9085.03; 1672.09
446; 0.221429690362594; 10160.7604757213; 9265.24; 1708.7
447; 0.226791197231097; 10381.0390565855; 9440.26; 1748.86
448; 0.231817060835036; 10592.7731573791; 9630.23; 1746.72
449; 0.24155794935641; 10929.2673747546; 9885.28; 1814.28
450; 0.248528124968753; 11165.0791871915; 10081.11; 1827.01
451; 0.259833260358969; 11413.2349842644; 10255.69; 1862.38
452; 0.262240786430691; 11628.7411161959; 10424.07; 1916.49
453; 0.264443864339754; 11992.0681425105; 10737.48; 1975.37
454; 0.265374094919843; 12253.5634726853; 10963; 2020.88
455; 0.26915826011969; 12492.6719378519; 11156.94; 2058.18
456; 0.27505447642393; 12763.2309225528; 11369.12; 2098.01
457; 0.2777526190975; 13172.4859193342; 11721.72; 2157.98
458; 0.280428288840768; 13460.8437912227; 11971.21; 2190.45
459; 0.282422541474893; 13730.4983192908; 12197.34; 2234.36
460; 0.291022529746623; 14041.9813817842; 12451.85; 2244.7
461; 0.300559994524951; 14467.4769372854; 12770.64; 2315.01
462; 0.304436583392546; 14728.4753905814; 12991.06; 2335.82
463; 0.308373931797685; 14979.166572789; 13180.57; 2382.87
464; 0.310537563589864; 15379.4151995261; 13511.27; 2453.29
465; 0.317688721832748; 15681.6547935479; 13729.67; 2501.36
466; 0.322195599742812; 15994.2602071096; 13965.54; 2558.83
467; 0.327263250979401; 16289.3205968447; 14207.98; 2580.21
468; 0.329236362249718; 16871.7337258697; 14678.16; 2698.49
469; 0.333313243064916; 17256.5608636334; 14993.1; 2745.87
470; 0.338496695097055; 17668.0142212092; 15322.49; 2797.27
471; 0.348277486450428; 18166.8497967127; 15732.43; 2817.13
472; 0.359756553798039; 18955.1475939089; 16372.18; 2888.96
473; 0.360185740144475; 19481.5014446351; 16816.37; 2972.52
474; 0.360961496972125; 20032.1574511321; 17311.54; 3023
475; 0.363229911854354; 21001.145856159; 18143.65; 3150.22
476; 0.366471035942699; 21665.2925966775; 18682.99; 3253.44
477; 0.365710717186002; 22355.0661782356; 19269.42; 3367.82
478; 0.36741748365431; 23168.7563856701; 19967.43; 3472.23
479; 0.367662192278676; 24377.2444353495; 20949.15; 3709.93
480; 0.368288847415182; 25218.5017690879; 21691.29; 3804.75
481; 0.368929539351615; 26033.7234539938; 22361.32; 3948.55
482; 0.378116094553834; 27361.0689918673; 23416.42; 4131.99
483; 0.378726791221402; 28191.4053038507; 24128.61; 4242.65
484; 0.380218034898661; 29001.393961807; 24824.01; 4338.71
485; 0.381499685670818; 29821.1369105887; 25545.04; 4419.68
486; 0.374369478907197; 30882.1506291653; 26517.16; 4590.47
487; 0.373845967255994; 31552.6628006156; 27144.88; 4634.96
488; 0.376576745568116; 32247.5137024943; 27734.19; 4704.39
489; 0.373226693645516; 32857.2107612017; 28301.4; 4784.45
490; 0.367391663870836; 33745.3684290086; 29129.5; 4917.45
491; 0.367337025531786; 34311.0854672939; 29620.01; 4991.8
492; 0.368144528281186; 34839.9719973576; 30076.82; 5050.77
493; 0.365985347663053; 35557.1323099522; 30727.18; 5145.3
494; 0.369002462097701; 36035.238307485; 31131.56; 5174.67
495; 0.375818632090504; 36552.3927085614; 31508.11; 5219.97
496; 0.371573481400853; 37133.7355760035; 32056.49; 5307.57
497; 0.372516673561187; 37527.4979332287; 32397.48; 5342.56
498; 0.371392878754492; 37869.3101645793; 32734.99; 5356.59
499; 0.367819104341465; 38256.0451985441; 33093.5; 5431.5
500; 0.369337235440123; 38799.2856418773; 33580.19; 5461.63
501; 0.369456277841288; 39158.7792084461; 33912.63; 5481.08
502; 0.36883581294995; 39516.9859441087; 34262.4; 5491.88
503; 0.358392678668848; 39962.7800664067; 34758.54; 5590.61
504; 0.358786843309134; 40374.2465354944; 35092.98; 5659.87
505; 0.356307530401475; 40770.1013084584; 35469.61; 5713.19
506; 0.357026652054628; 41221.316922408; 35860.16; 5760.06
507; 0.359105854697922; 41871.0017784926; 36434.09; 5800.95
508; 0.356242029612013; 42274.3083254787; 36816.82; 5862.95
509; 0.353651251044911; 42700.0159045342; 37220.5; 5923.17
510; 0.353092713746706; 43409.3773591874; 37815.45; 6049.54
511; 0.353066784552911; 43890.1622744401; 38193.07; 6154.56
512; 0.348730311964695; 44303.7448444003; 38664.27; 6161.05
513; 0.348545827279645; 44967.032848863; 39275.75; 6213.99
514; 0.344376399127213; 45379.6773681678; 39688.32; 6282.11
515; 0.339974506369554; 45797.6801777067; 40099.69; 6363.71
516; 0.336457986570362; 46162.6161359039; 40486.93; 6397.69
517; 0.328322515080861; 46765.6401067894; 41096.3; 6541.34
518; 0.323654638746293; 47164.1751198474; 41496.14; 6626.65
519; 0.319755792072551; 47590.5127729906; 41917.64; 6705.56
520; 0.318307085998886; 48273.1083034959; 42548.12; 6790.4
521; 0.309941091169355; 48642.7773135018; 42977.56; 6893.52
522; 0.304333450610771; 49028.5672866272; 43423.9; 6938.08
523; 0.300499864622601; 49661.2621228157; 44015.23; 7071.04
524; 0.295818541069211; 50092.6987963037; 44459.88; 7158.61
525; 0.29427680528799; 50494.7142843279; 44853.54; 7199.39
526; 0.289074163942243; 51013.8975972685; 45445.09; 7227.5
527; 0.285342865491144; 51335.6720866312; 45749.02; 7338.26
528; 0.279250232348706; 51594.8645293761; 46051.59; 7432.64
529; 0.27856225463521; 51870.7377385368; 46325.08; 7446.85
530; 0.273139146835629; 52171.6005502609; 46663.24; 7536.36
531; 0.268384236770345; 52310.7613367377; 46895.43; 7533.44
532; 0.266747199457463; 52482.6337212769; 47103.5; 7522.1
533; 0.264858429023966; 52722.4541417358; 47350.71; 7558.38
534; 0.263084390422228; 52846.5009396804; 47499.48; 7567.35
535; 0.259736570422786; 52970.6240252055; 47665.71; 7596.56
536; 0.251221117146874; 53113.7810406162; 47956; 7628.39
537; 0.245952990155214; 53229.7797269819; 48154.07; 7659.54
538; 0.244546716213633; 53396.7393150574; 48333.48; 7676.39
539; 0.239644859640889; 53597.3646219385; 48638.4; 7664.33
540; 0.237419152979217; 53746.7699521307; 48781.81; 7737.72
541; 0.23012461553289; 53856.501959861; 49000.63; 7801.09
542; 0.222702529548102; 54031.2705348036; 49330.89; 7796.44
543; 0.218775005535791; 54188.580503905; 49574.67; 7784.29
544; 0.216569788277411; 54379.0715276076; 49814.41; 7773.5
545; 0.213357807806018; 54677.0268860189; 50138.07; 7839.71
546; 0.208748750582902; 54898.2246952474; 50409.36; 7917.92
547; 0.206853365890986; 55136.0100749468; 50662.12; 7956.91
548; 0.197779116622091; 55465.1192345574; 51154.89; 8010.79
549; 0.195382911030201; 55715.2245217071; 51448.39; 8020.41
550; 0.189310400449896; 55941.8190740969; 51787.69; 8052.21
551; 0.184125504149439; 56174.5464325565; 52108.28; 8096.98
552; 0.180204424380885; 56541.2472350795; 52532.52; 8149.17
553; 0.173941271860597; 56726.5868362274; 52882.77; 8088.61
554; 0.173397080540665; 56989.0561294887; 53142.48; 8112.9
555; 0.165185953463851; 57323.1717710785; 53645.5; 8135.28
556; 0.163738114435165; 57611.6166883771; 53968.23; 8123.54
557; 0.161459377708859; 57885.4314740822; 54277.78; 8150.4
558; 0.159916716111852; 58327.327860385; 54687.44; 8295.43
559; 0.155765589499462; 58621.6891190261; 55059.41; 8327.75
560; 0.154468150848197; 59011.8615064749; 55464.5; 8355.33
561; 0.148889921708335; 59645.230444591; 56171.38; 8481.63
562; 0.142713778800276; 60075.6461210074; 56732.23; 8509.08
563; 0.140678899041201; 60593.7105954105; 57284.76; 8536.23
564; 0.134952156173213; 61363.1294630578; 58131.67; 8683
565; 0.130254074062185; 61858.873947296; 58723.39; 8722.57
566; 0.127459171665565; 62327.5620261156; 59260.3; 8713.46
567; 0.121242334219149; 62906.2649578129; 59968.19; 8768.43
568; 0.11643038766001; 63149.5972584301; 60312.67; 8810.43
569; 0.112674408490931; 63291.2699768328; 60536.87; 8832.97
570; 0.111279706348177; 63381.0651287504; 60654.49; 8847
571; 0.108243988213169; 63299.5052896454; 60645.86; 8845.03
572; 0.106621339860031; 63196.5922327107; 60593.21; 8802.53
573; 0.100902320811264; 62825.9322691122; 60388.41; 8701.9
574; 0.0982418395971693; 62565.0286886786; 60192.1; 8693.52
575; 0.0958980636695824; 62200.4670566028; 59917.07; 8563.1
576; 0.0944682296806682; 61998.4123965061; 59761.86; 8507.77
577; 0.0925943235188626; 61814.5679387878; 59641.09; 8428.61
578; 0.0898725037507104; 61515.4705124029; 59423.5; 8351.72
579; 0.0877628806083419; 61327.5698388324; 59274.96; 8385.25
580; 0.0871351699250407; 61168.0496450308; 59125.77; 8396.82
581; 0.0877020599599184; 60983.7804523361; 58924.46; 8406.26
582; 0.085422080390641; 60836.7470874854; 58842.88; 8350.45
583; 0.0853527678266501; 60765.6377083478; 58773.45; 8344.55
584; 0.0861138156888775; 60643.9156925719; 58634.76; 8335.83
585; 0.0874077887338184; 60588.7452507744; 58543.05; 8356.35
586; 0.084193056719871; 60465.5381503301; 58471.96; 8448.9
587; 0.0848154559603981; 60390.007298534; 58404.36; 8348.32
588; 0.082862220401613; 60292.6723652321; 58360.19; 8311.12
589; 0.0811114812464437; 60214.2971219934; 58331.89; 8265.55
590; 0.0827867228216823; 60258.9471594486; 58337.01; 8263.17
591; 0.0815095272340088; 60180.8953624869; 58293.38; 8237.16
592; 0.0834602448800159; 60231.4744791004; 58296.42; 8242.06
593; 0.084373384023803; 60313.8910389063; 58354.29; 8251.08
594; 0.085063758688099; 60425.5562991311; 58474.67; 8142.58
595; 0.0860291274258364; 60674.9139190115; 58691.02; 8182.26
596; 0.0857001375056256; 60889.8170190719; 58910.07; 8191.32
597; 0.0867282253606482; 61171.7340398931; 59148.04; 8268.66
598; 0.0867696360499292; 61706.7856734195; 59669.64; 8314.38
599; 0.0872953000431344; 62182.6348855927; 60111.73; 8395.94
600; 0.0857843899140095; 62655.5093639722; 60597.36; 8485.8
601; 0.0853476134269794; 63494.1322486681; 61431.73; 8541.42
602; 0.085985966596569; 64148.2080964484; 62030.86; 8698.58
603; 0.0843636987447104; 64760.7189714898; 62682.2; 8697.72
604; 0.0886499630697653; 65738.2976414932; 63509.51; 8869.93
605; 0.092672921979301; 66396.0452588323; 64042.25; 8955.31
606; 0.0962059471365822; 67036.5339165214; 64550.97; 9103.79
607; 0.104010837764915; 67856.9964868166; 65111.84; 9294.41
608; 0.106857496988266; 68278.6278726306; 65429.29; 9384.39
609; 0.108329209926745; 68741.8300407338; 65822.24; 9479.31
610; 0.111350610058795; 68958.8552420478; 65955.41; 9481.14
611; 0.114240826629938; 69128.5263613946; 66022.08; 9552.58
612; 0.119494026378422; 69274.3049201355; 66019.65; 9562.45
613; 0.118958845519792; 69252.2376712027; 66016.95; 9542.42
614; 0.117008926858223; 69047.6107432667; 65905.75; 9415.73
615; 0.117086726164271; 68680.244881988; 65585.75; 9262.15
616; 0.11811341849666; 68413.4036278211; 65316.88; 9181.97
617; 0.120887278110861; 67909.3536297133; 64768.34; 9095.05
618; 0.121817737459935; 67522.2843568913; 64373.64; 9042.15
619; 0.123209156835528; 67144.9002459495; 63985.54; 8965.65
620; 0.123532726431947; 66553.7556138055; 63448.32; 8784.82
621; 0.125509382800023; 66138.0374950359; 63011.38; 8701.12
622; 0.130169649935754; 65835.9712621318; 62594.57; 8693.06
623; 0.13501931417127; 65390.6961990399; 62070.14; 8581.34
624; 0.137465022541264; 65087.073113516; 61741.91; 8487.03
625; 0.1439843662794; 64707.3643677604; 61215.67; 8453.6
626; 0.148321390884545; 64478.9675840146; 60906.9; 8391.25
627; 0.152846871600954; 64218.8135344066; 60552.71; 8353.36
628; 0.15875676244178; 63811.6851794297; 59996.17; 8366.11
629; 0.161866183696026; 63592.7655697839; 59718.79; 8327.32
630; 0.16259289248892; 63327.1989843071; 59494.05; 8198.99
631; 0.164274901688639; 62952.2178553527; 59130.04; 8088.35
632; 0.166229243602569; 62737.7318372895; 58876.05; 8072.41
633; 0.168561382389497; 62407.4106930904; 58511.89; 8027.04
634; 0.168995002681223; 62197.8165659778; 58308.74; 7989.54
635; 0.168214799702024; 61974.0823838693; 58140.12; 7908.54
636; 0.167059481899414; 61710.5671877647; 57915.51; 7878.13
637; 0.168596132550354; 61535.9344271667; 57722.82; 7838.74
638; 0.17002901713253; 61372.9047574433; 57474.46; 7941.82
639; 0.171887651627457; 61140.0587221062; 57165.91; 8003.89
640; 0.174402811074609; 61041.4353599356; 57008.09; 8001.12
641; 0.178781064993641; 60856.7264240583; 56758.58; 7926.46
642; 0.182545439706918; 60719.0431238144; 56539.98; 7912.17
643; 0.188131301435563; 60675.3234297956; 56371.02; 7903.44
644; 0.192973545089772; 60491.8648640257; 56100.39; 7857.3
645; 0.193567590813022; 60354.5387480737; 55952.09; 7849.35
646; 0.196929823579875; 60172.8994240209; 55757.04; 7735.25
647; 0.201293849659485; 60086.5144304014; 55605.78; 7675.61
648; 0.205850546314547; 59979.2101747111; 55421.19; 7632.06
649; 0.210374813898625; 59869.7322482693; 55233.83; 7592.22
650; 0.213399433165735; 59812.634244369; 55116.84; 7578
651; 0.214641539343749; 59660.6064347247; 54970.38; 7521.71
652; 0.217930558719621; 59585.7544258209; 54836.02; 7498.47
653; 0.224810192706848; 59578.2375688019; 54697.14; 7466.34
654; 0.232256913856623; 59555.6274432606; 54559.48; 7393.84
655; 0.232347370482022; 59465.217662899; 54465.02; 7393.93
656; 0.234773358927589; 59349.7188663561; 54312.69; 7368.41
657; 0.233826474440009; 59246.6182702452; 54258.2; 7324.28
658; 0.235836513430177; 59177.4477452514; 54165.73; 7293.21
659; 0.238473449900129; 59130.306504753; 54053.82; 7302.78
660; 0.241103901777732; 59085.9307298857; 53974.86; 7269.33
661; 0.239057132659405; 58904.667000234; 53820.55; 7288.84
662; 0.238282822172038; 58800.5300553042; 53704.12; 7326.33
663; 0.240105039401795; 58772.5411554978; 53597.59; 7378.87
664; 0.24016701254587; 58669.2384195943; 53483.1; 7388.78
665; 0.245772611914173; 58632.311156393; 53326.55; 7383.97
666; 0.249122080384189; 58509.9969831951; 53150.66; 7355.43
667; 0.250796361293005; 58374.8041572752; 52998.89; 7326.55
668; 0.251945184291048; 58247.7346576176; 52847.85; 7323.5
669; 0.256973315849902; 58129.3475231107; 52664.94; 7263.21
670; 0.260953510796134; 58080.6983289228; 52553.29; 7232.11
671; 0.267118958160147; 57946.1743497123; 52404.63; 7079.27
672; 0.267530616886556; 57817.1827585591; 52310.27; 7020.25
673; 0.266267647358085; 57638.7916855688; 52154.03; 7021.01
674; 0.269901018361044; 57454.1821897361; 51884.46; 7029.82
675; 0.273177340508013; 57294.5171685128; 51726.62; 6940.14
676; 0.271007434179893; 56997.3220433826; 51487.64; 6919.48
677; 0.273129389813643; 56783.2124366854; 51264.41; 6874.84
678; 0.276432694750308; 56378.134818304; 50861.27; 6787.88
679; 0.277104759404631; 56122.0512724818; 50607.72; 6765.89
680; 0.279511741060382; 55886.9234729194; 50288.84; 6807.27
681; 0.27653011945568; 55437.6072003263; 49879.04; 6829.65
682; 0.277762852642034; 55170.0038420026; 49603.29; 6806.66
683; 0.281452149385308; 54869.2832956333; 49190.55; 6849.95
684; 0.284632390630675; 54650.67231395; 48851.84; 6914.18
685; 0.284308437311734; 54258.3535017737; 48496.41; 6875.35
686; 0.284415582999908; 54017.8564299473; 48259.88; 6865.56
687; 0.28510392574252; 53767.2799965328; 48015.34; 6839.14
688; 0.289326966695753; 53412.1377133263; 47660.66; 6736.35
689; 0.292234205424372; 53195.7909097578; 47430.35; 6683.12
690; 0.290598675904543; 52791.9583959019; 47114.92; 6615.1
691; 0.289179075233257; 52482.4573646754; 46875.41; 6563.05
692; 0.292382418029574; 52254.0879141435; 46671.62; 6460.16
693; 0.294537994908065; 51879.4379102597; 46240.6; 6475.1
694; 0.296045194000815; 51607.6065575085; 45936.72; 6476.21
695; 0.296609512997228; 51184.9097909399; 45505.74; 6470.6
696; 0.298997446306441; 50947.461317746; 45255.77; 6430.36
697; 0.304149376276096; 50554.0713739821; 44881.07; 6297.83
698; 0.304466797177884; 50271.0600560593; 44617.46; 6267.1
699; 0.307611203342931; 49881.2973998709; 44279.79; 6143.47
700; 0.311115385044969; 49641.8751690158; 44098.54; 6008.83
701; 0.312713028872343; 49430.9967854674; 43886.31; 5977.78
702; 0.309089615075562; 49053.7303972272; 43667.22; 5873.37
703; 0.312639132540669; 48841.2731508811; 43450.12; 5809.93
704; 0.313526326224706; 48508.531136595; 43177.28; 5727.38
705; 0.312948285007103; 48248.6083021902; 42984.61; 5663.34
706; 0.313050408484704; 47949.2104255304; 42694.41; 5649.54
707; 0.311839565453217; 47755.0175976992; 42461.28; 5711.07
708; 0.308429842172057; 47469.9532711476; 42219.65; 5724.39
709; 0.306103943447383; 47096.6393054961; 41899.34; 5707.57
710; 0.307867038564398; 46857.8277017747; 41648.14; 5686.33
711; 0.306238081600036; 46505.4890064756; 41364.18; 5640.34
712; 0.30482303336627; 46198.1206267202; 41116.32; 5599.74
713; 0.307690255914565; 45854.702610804; 40762.56; 5557.66
714; 0.308456613322014; 45515.5085445776; 40520.22; 5437.41
715; 0.307671724079174; 45056.5161800068; 40202.88; 5294.92
716; 0.308779534767374; 44742.1421383152; 39932.78; 5226.2
717; 0.308509144099112; 44364.0538756808; 39629.07; 5147.84
718; 0.307331262475241; 43795.711662038; 39183.73; 5031.33
719; 0.306645840675654; 43360.5560393962; 38793.68; 4991.12
720; 0.306206518289915; 42771.0123678699; 38280.05; 4913.24
721; 0.301308728159656; 42401.3165751058; 37997.72; 4894.17
722; 0.301430364894667; 41844.3937912239; 37461.34; 4867.58
723; 0.302130667999228; 41471.8569828465; 37089.11; 4854.17
724; 0.304006294054444; 41018.2589409302; 36612.24; 4848.05
725; 0.304492780265333; 40770.8379128402; 36385.09; 4816.26
726; 0.304517614161388; 40515.8735764123; 36131.54; 4812.54
727; 0.303990875501632; 40419.2554827673; 36040.6; 4812.86
728; 0.303537913542813; 40290.7308893834; 35923.5; 4805.84
729; 0.306204046607472; 40185.8458427122; 35794.86; 4788.58
730; 0.303455394070897; 40109.1176770447; 35804.98; 4735.07
731; 0.303784719804207; 40146.5461107915; 35898.6; 4667.75
732; 0.306502987111598; 40203.9369449986; 35931.8; 4652.12
733; 0.307057140828422; 40223.4637076201; 35937.66; 4658
734; 0.307540679715536; 40209.887825233; 35940.73; 4632.18
735; 0.302790011463085; 40119.4729026233; 35910.34; 4637.56
736; 0.303031562738832; 40075.8759869484; 35853.79; 4646.83
737; 0.297707364774839; 39967.6567285489; 35763.82; 4707.89
738; 0.294058611518916; 39834.9358316144; 35686.23; 4702.2
739; 0.292331453927685; 39681.7951834225; 35566.35; 4690.32
740; 0.290494855409049; 39587.728253825; 35518.53; 4665.2
741; 0.289115212215089; 39525.827759674; 35438.57; 4706.66
742; 0.290941684085567; 39515.7765198189; 35376.98; 4734.62
743; 0.294963222151727; 39591.0848028771; 35384.87; 4744.52
744; 0.297702769108404; 39786.8069757754; 35557.26; 4725.32
745; 0.297497266764009; 39948.6979374323; 35711.59; 4735.27
746; 0.297794883319405; 40210.3654075243; 35904.99; 4804.96
747; 0.296996843198771; 40388.2418983639; 36064.38; 4836.75
748; 0.301263513600433; 40656.6112914395; 36277.22; 4827.83
749; 0.301840081398329; 40755.2534690807; 36375.65; 4817.49
750; 0.302343763329371; 40734.926688774; 36374; 4787.76
751; 0.299621335556418; 40599.9762941075; 36336.55; 4723.1
752; 0.297605584398737; 40285.2646008685; 36099.96; 4667.67
753; 0.294429638624175; 39970.4274056757; 35843.88; 4651.64
754; 0.290330033734947; 39389.4435933842; 35400.69; 4559.52
755; 0.287244805287504; 38950.0288277426; 35033.68; 4523.71
756; 0.28255683356606; 38256.4456984851; 34423.24; 4499.87
757; 0.27752155580263; 37776.4266985992; 34033.43; 4471.88
758; 0.275984613362241; 37133.3437067452; 33441.09; 4434.02
759; 0.273179631177739; 36705.1710125903; 33053.61; 4428.1
760; 0.272090037690627; 36288.4950339012; 32681.41; 4389.62
761; 0.274599039960229; 35703.450767177; 32094.24; 4350.03
762; 0.274222770785224; 35346.9789947101; 31738.87; 4352.62
763; 0.270786761290967; 34754.7206035309; 31268.89; 4256.73
764; 0.269324221763389; 34382.5209508052; 30955.78; 4205.71
765; 0.269047126810066; 33888.5446006557; 30523.94; 4133.31
766; 0.265436458634963; 33552.7062948161; 30282.24; 4071.93
767; 0.267863595098381; 33064.46255627; 29889.65; 3917.14
768; 0.265515207706574; 32756.5810824261; 29645; 3873.2
769; 0.26049914379652; 32269.4653445502; 29266.15; 3810.18
770; 0.261638560214604; 32017.4481329254; 29018.85; 3787.39
771; 0.254747096730965; 31592.4367334753; 28680.35; 3776.08
772; 0.254544206408772; 31329.5702388543; 28446.72; 3739.62
773; 0.255970071391048; 30932.9101769439; 28058.77; 3705.92
774; 0.255708146573166; 30689.449327425; 27829.59; 3689.54
775; 0.255945236734472; 30319.0734290548; 27439.76; 3709.91
776; 0.257415200301255; 30081.464632522; 27237.96; 3641.47
777; 0.258179890712912; 29760.5845185901; 26913.56; 3634.26
778; 0.259465065667957; 29545.8638312225; 26715.7; 3593.82
779; 0.260373763112184; 29201.0954875746; 26401.43; 3541.9
780; 0.255145644219302; 28960.9708578874; 26209.45; 3551.42
781; 0.251730595060212; 28662.7058942896; 25959.69; 3535.36
782; 0.250512557334663; 28465.0363348639; 25778.2; 3530.39
783; 0.250698415494528; 28131.0574723419; 25494.21; 3461.37
784; 0.249800715903073; 27924.1582894784; 25318.31; 3432.1
785; 0.247697050790792; 27604.5888143291; 25049.77; 3392.5
786; 0.244154591239852; 27404.3150645762; 24888.1; 3388.75
787; 0.246605730534285; 27135.1022896129; 24582.52; 3402.48
788; 0.245818559364132; 26948.6661752225; 24429.24; 3367.97
789; 0.241509665550346; 26606.1162252524; 24166.33; 3318.75
790; 0.237703671169373; 26390.5290336307; 23986.74; 3321.19
791; 0.232023975314293; 26098.130925219; 23719.03; 3366.69
792; 0.230941795839371; 25913.3761698152; 23546.07; 3364.95
793; 0.229672188001656; 25589.5339706372; 23263.87; 3323.4
794; 0.228606953497413; 25399.2279722439; 23096.99; 3304.73
795; 0.227328813043347; 25089.4079179732; 22857.12; 3222.13
796; 0.228489786974144; 24849.5175576035; 22628.84; 3188.88
797; 0.22686437169863; 24640.7178040711; 22457.2; 3157.88
798; 0.227584686726133; 24371.3191232697; 22251.53; 3055.91
799; 0.227226495019038; 24207.2605730452; 22129.09; 3000.25
800; 0.220869047927078; 23944.8618313326; 21918.26; 3009.63
801; 0.220800856782315; 23756.8804724113; 21741.23; 2993.24
802; 0.219884345160888; 23516.6901261775; 21479.09; 3037.38
803; 0.220760618184128; 23375.4777940041; 21336.34; 3026.35
804; 0.218642759038527; 23156.0353664238; 21187.49; 2948.75
805; 0.21973932847937; 22999.4778140282; 21034.56; 2927.88
806; 0.221469937231743; 22794.2394652835; 20836.79; 2893.22
807; 0.223718513403058; 22672.2029160689; 20715.72; 2862.27
808; 0.226172178603118; 22470.314594475; 20539.9; 2792.96
809; 0.225657882496845; 22328.3209912272; 20424.64; 2760.03
810; 0.227725415129741; 22101.3471390414; 20224.7; 2695.53
811; 0.228651649726284; 21984.5846865105; 20091.86; 2706.83
812; 0.228336634594382; 21763.0957195984; 19884.31; 2689.74
813; 0.225409435349314; 21633.0043763077; 19793.26; 2667.28
814; 0.219553904805253; 21401.0314235759; 19615.6; 2656.72
815; 0.222896303069784; 21290.6619364215; 19510.51; 2608.64
816; 0.216508578873182; 21061.253041707; 19316.71; 2631.29
817; 0.211735409289464; 20869.8782308271; 19151.29; 2650.15
818; 0.212775142972457; 20734.9281403109; 19034.43; 2609.02
819; 0.210325236598361; 20480.9679348951; 18814.23; 2586.51
820; 0.205003717101613; 20300.2807085584; 18689.96; 2563.25
821; 0.206675317240778; 20115.0570003921; 18518.27; 2520.42
822; 0.209166897657842; 20004.4020116027; 18404.2; 2495
823; 0.208609167968366; 19824.2208068997; 18260.87; 2443.43
824; 0.209888434259261; 19709.7288654187; 18158.8; 2408.62
825; 0.207059717256068; 19523.5272943229; 18009.86; 2382.79
826; 0.20526398926009; 19416.773298679; 17931.53; 2358.5
827; 0.201447729764527; 19262.558932737; 17798.05; 2369.86
828; 0.199623773327686; 19138.2067840168; 17684; 2374.92
829; 0.19536319101707; 18953.2819702827; 17555.02; 2333.13
830; 0.185246131108161; 18748.4984096943; 17403.79; 2366.16
831; 0.181766635314846; 18618.2034050902; 17305.83; 2352.33
832; 0.177477267539264; 18453.6592149922; 17198.16; 2303.66
833; 0.172413399746696; 18317.6445507155; 17119.37; 2262.14
834; 0.16508365887649; 18146.8073530856; 17011.62; 2237.18
835; 0.162728636799345; 18035.7603369239; 16937.08; 2196
836; 0.160704902149175; 17872.3505777341; 16817.17; 2135.06
837; 0.159067085097319; 17767.9283875793; 16729.78; 2122.5
838; 0.158733450695245; 17607.7358234778; 16579.8; 2106.31
839; 0.165358237131804; 17475.7766303955; 16431.87; 2054.8
840; 0.164061392343605; 17392.5424739816; 16338.43; 2091.29
841; 0.169820068117539; 17274.0782006477; 16176.85; 2105.39
842; 0.166630837972402; 17176.0537791748; 16100.15; 2103.51
843; 0.16481622761437; 17031.9319023358; 15963.29; 2111.77
844; 0.16695718602775; 16958.6370793066; 15892.03; 2080.25
845; 0.173473350236737; 16824.8882831027; 15721.29; 2071.01
846; 0.169407690122227; 16723.9748623428; 15640.73; 2081.13
847; 0.163178958419462; 16553.4594353492; 15512.12; 2076.45
848; 0.159458101113814; 16391.5016308039; 15379; 2065.59
849; 0.159839875525078; 16283.0641449294; 15291.55; 2017.42
850; 0.163451054414673; 16115.4389291769; 15122.34; 1975.49
851; 0.161632802207541; 16007.514890102; 15033.42; 1959.04
852; 0.157357367430561; 15831.4893532502; 14892.72; 1938.79
853; 0.148218135055055; 15687.0661823397; 14821.77; 1896.81
854; 0.147147888742712; 15510.6784982612; 14666.47; 1863.56
855; 0.15240979509993; 15333.243478473; 14480.87; 1816.21
856; 0.149430628720122; 15223.7469380133; 14373.72; 1846.96
857; 0.151394540876325; 15054.7244584616; 14195.76; 1841.75
858; 0.148221136629889; 14935.4097509701; 14085.44; 1861.12
859; 0.13879451844702; 14709.6342788315; 13917.36; 1852.25
860; 0.141101631084364; 14604.1678125122; 13810.98; 1823.65
861; 0.138799362889275; 14435.3113449767; 13662.8; 1805.22
862; 0.126428902596515; 14231.5890964057; 13537.19; 1781.11
863; 0.123237469403695; 14103.4993110822; 13438.2; 1750.32
864; 0.116260464381743; 13896.506010412; 13288.14; 1696.2
865; 0.107447924506759; 13754.7969485983; 13208.2; 1648.65
866; 0.107119964937525; 13584.0299022531; 13052.04; 1609.19
867; 0.10662064693323; 13357.0388749473; 12842.9; 1562.12
868; 0.10788262606331; 13202.0722655774; 12685.62; 1550.49
869; 0.112567771626441; 12979.9363818216; 12452.22; 1518.07
870; 0.110263804886412; 12809.8066124048; 12312.23; 1460.99
871; 0.113628327260823; 12554.0292262499; 12058.87; 1410.52
872; 0.11648944015356; 12379.1509094128; 11877.36; 1394.03
873; 0.12004404065717; 12117.5653219675; 11599.66; 1395.92
874; 0.123134071939639; 11876.261254106; 11341.58; 1404.65
875; 0.121622951156627; 11719.0427486356; 11199.45; 1381.7
876; 0.115498576182387; 11452.7243252106; 10955.32; 1392.56
877; 0.114713928870943; 11294.4036384898; 10806.42; 1375.26
878; 0.115505544231583; 11090.8732123257; 10606.06; 1356.65
879; 0.116174898345039; 10933.0176145468; 10447.83; 1349.61
880; 0.115103244954843; 10836.0399239853; 10366.94; 1316.75
881; 0.11172810890729; 10692.0997258994; 10243.98; 1295.56
882; 0.10548183063701; 10602.4675250174; 10190.2; 1262.24
883; 0.108721047112964; 10515.9158355732; 10089.13; 1267.51
884; 0.110876363832475; 10427.5411445849; 9988.4; 1278.6
885; 0.111665992153465; 10359.3346273549; 9913.56; 1288.44
886; 0.112398038099255; 10262.0965496032; 9804.76; 1312.99
887; 0.108400824238703; 10203.506019759; 9763.04; 1310.97
888; 0.113819748519339; 10150.0712843786; 9696.05; 1286.81
889; 0.117266091437903; 10098.8096390348; 9644.06; 1250.79
890; 0.111918015124945; 10057.5290164859; 9630.85; 1229.46
891; 0.113557969675877; 10027.506518715; 9604.7; 1200.51
892; 0.107505231124397; 10031.429135125; 9632.5; 1196.29
893; 0.102877943306425; 10071.3152929223; 9695.44; 1177.7
894; 0.103380627948026; 10153.9391548696; 9773.06; 1187.38
895; 0.104508488332067; 10221.2670681504; 9825.7; 1219.66
896; 0.102033961736982; 10344.9330850282; 9951.28; 1242.99
897; 0.0994696915145345; 10435.4455976227; 10040.59; 1278.76
898; 0.0967779714960357; 10620.167266182; 10233.74; 1286.06
899; 0.10266962403171; 10826.9428401774; 10407.18; 1316.62
900; 0.0984503792962425; 10927.835469475; 10519.34; 1335.97
901; 0.0883215123062379; 11038.3378516086; 10674.23; 1327.19
902; 0.0724953208886508; 11100.8142379876; 10803.41; 1320.49
903; 0.0718279926151384; 11144.8173904219; 10845.48; 1341.2
904; 0.0678102755052079; 11159.1920102458; 10871.89; 1363.32
905; 0.0696163024178927; 11141.1648743305; 10842.71; 1379.32
906; 0.0645786590544201; 11052.4375499926; 10775.52; 1379.39
907; 0.0639262869187404; 10931.0714773324; 10665.88; 1334.24
908; 0.0650119109716547; 10825.6242842924; 10561.98; 1304.09
909; 0.0715555642379475; 10622.4800704676; 10342.42; 1258.44
910; 0.0730693343238448; 10367.8845937475; 10084.23; 1247.98
911; 0.078173994579861; 10175.3162557343; 9884.34; 1196.4
912; 0.0753449914559199; 9821.3402358644; 9558.26; 1122.13
913; 0.0798520518267548; 9572.84603806907; 9303; 1085.88
914; 0.074920487237945; 9167.62968988086; 8920.23; 1060.91
915; 0.0725676271967088; 8783.5801491898; 8545.32; 1054.67
916; 0.065316741440598; 8524.79528608454; 8311.13; 1050.62
917; 0.0617411246910383; 8162.96240576592; 7972.82; 988.97
918; 0.0541477259868397; 7829.74911227429; 7671.41; 938.89
919; 0.0463174227370026; 7617.61170010209; 7486.3; 910.14
920; 0.0492883878518386; 7330.87911729215; 7193.89; 892.14
921; 0.0534980399490041; 7064.49158053891; 6920.81; 861.98
922; 0.0522118026064483; 6885.00619808111; 6748.05; 841.79
923; 0.0528342345374646; 6625.24214805611; 6496.05; 784.61
924; 0.0524437175172073; 6460.35289346183; 6335.94; 761.11
925; 0.0434766201846434; 6177.9178276362; 6077.93; 737.75
926; 0.0519685366992273; 5932.79493693231; 5815.14; 726.18
927; 0.0498160974054237; 5776.71834972789; 5665.7; 714.73
928; 0.0361265046471787; 5513.53870556328; 5437.06; 678.85
929; 0.0379798232270151; 5252.86315367791; 5175.42; 653.78
930; 0.0422080494622004; 5082.80762999245; 4999.79; 630.57
931; 0.0355677431000702; 4790.88591443675; 4725.43; 589.92
932; 0.0425267982861548; 4475.99154714968; 4403.79; 544.16
933; 0.0427547228570661; 4239.87900328266; 4171.45; 512.91
934; 0.0454495531598779; 3838.96214201841; 3774.84; 452.07
935; 0.0332354549773627; 3400.40079499606; 3360.06; 388.89
936; 0.0129374883691684; 3100.57902144969; 3086.68; 344.16
937; 0.0204635108311859; 2677.7209998825; 2658.99; 293.19
938; 0.035387871344412; 2281.2050202996; 2252; 264.31
939; 0.0352114807268958; 2050.38357988627; 2024.61; 234.4
940; 0.0184437332582895; 1744.75254845235; 1733.22; 200.21
941; -0.0222472980263404; 1527.723813656; 1538.72; 158.24
942; 0.0114206847683296; 1443.90534586825; 1438.65; 147.3
943; 0.0643051796277975; 1360.64114126492; 1334.26; 131.31
944; 0.0906257784340684; 1325.34209055705; 1289.05; 128.16
945; 0.109823250701898; 1326.2779185112; 1279.67; 135.8
946; 0.101639016409297; 1342.07711241463; 1299.75; 133.24
947; 0.126546598365896; 1395.34178259339; 1341.65; 135.73
948; 0.138181105952756; 1438.02294783741; 1372.3; 152.14
949; 0.135090612020298; 1503.94052370011; 1429.17; 177.02
950; 0.10983641224647; 1582.01000352693; 1522.48; 173.32
951; 0.10255708528277; 1637.8405718795; 1580.34; 179.27
952; 0.0860396945564127; 1725.54460936333; 1680.01; 169.2
953; 0.0918964698689063; 1817.08217677216; 1761.43; 193.59
954; 0.0852854107305496; 1868.94886109987; 1813.87; 206.42
955; 0.0727570848826137; 1952.52241336043; 1902.81; 218.36
956; 0.044576394313716; 2033.4874908065; 2005.39; 201.42
957; 0.0406938706371868; 2090.19318622423; 2063.96; 205.97
958; 0.0530581325240201; 2167.74325753519; 2131.01; 221.18
959; 0.0532527652781621; 2234.87993926029; 2196.72; 228.9
960; 0.0398333900557093; 2278.20770163239; 2252.42; 206.77
961; 0.032197159658265; 2332.02344573969; 2309.05; 227.87
962; 0.0472404049051782; 2382.23059031485; 2346.14; 243.95
963; 0.0651766409869049; 2414.64008950061; 2362.87; 253.6
964; 0.0648729643992522; 2439.4638951393; 2387.56; 255.42
965; 0.0473611972678944; 2452.20490755871; 2411.05; 277.37
966; 0.047696381544166; 2466.13501571983; 2422.73; 290.45
967; 0.0559183062466012; 2468.25773784851; 2412.51; 318.15
968; 0.0500850602022503; 2473.16678819232; 2424.46; 310.3
969; 0.0469203134282144; 2476.22128673764; 2433.22; 292.4
970; 0.0537808265855148; 2475.8235446558; 2425.52; 298.38
971; 0.0573243482241706; 2462.68662534119; 2406.15; 314.58
972; 0.0768971735551665; 2463.6140272415; 2389.96; 305.48
973; 0.0697005593276019; 2455.65212500938; 2390.88; 296.34
974; 0.0631089017349207; 2430.70169425945; 2376.55; 273.6
975; 0.0646541438136405; 2415.17191906876; 2360.35; 270.33
976; 0.0717125168262945; 2409.19797102486; 2346.14; 280.3
977; 0.0358488325748782; 2371.36297783931; 2340.7; 272.63
978; 0.0481594433851528; 2354.23010602922; 2312.92; 273.37
979; 0.026556212417858; 2314.92244909082; 2292.47; 269.42
980; 0.0221576863226619; 2290.0782806565; 2271.21; 271.32
981; 0.0238309700024338; 2263.63455716847; 2242.64; 280.66
982; 0.0285533018122124; 2227.22444740674; 2202.63; 274.38
983; 0.0128197762895694; 2201.45652633598; 2191.33; 251.59
984; 0.0331970469273534; 2175.65878972883; 2150.38; 242.5
985; 0.0151267932248086; 2136.96177228515; 2126.43; 221.7
986; 0.0144289200650297; 2099.84146323194; 2089.99; 217.38
987; 0.0177937095288634; 2082.67406136867; 2070.96; 209.58
988; 0.0473153161197414; 2060.32016597004; 2031.15; 196.24
989; 0.054031273115642; 2032.63189835022; 2001.59; 182.85
990; 0.0556361367712642; 1999.34613166656; 1964.58; 198.86
991; 0.0601850349877192; 1960.72683036746; 1922.47; 202.26
992; 0.0490528715709871; 1920.34525227744; 1892.5; 180.6
993; 0.0691496092515563; 1883.95106659052; 1843.17; 187.61
994; 0.0476383732760099; 1850.61639483838; 1823.97; 177.92
995; 0.0144896376621379; 1794.61637630042; 1786.35; 181.45
996; 0.0162598121457771; 1752.60871692709; 1743.39; 180.3
997; 0.0144377063888191; 1722.58663712172; 1714.96; 167.97
998; 0.00582006865377367; 1694.82325079088; 1691.86; 161.88
999; 0.046276464410475; 1666.38792731136; 1639.65; 183.68
1000; 0.0484024612897508; 1635.93696441761; 1609.32; 174.8
1001; 0.0818588804557922; 1621.37115111225; 1574.59; 181.64
1002; 0.0995639262295007; 1591.16789131461; 1536.62; 174.11
1003; 0.0859916469928773; 1551.33977078173; 1503.2; 177.89
1004; 0.080662978725473; 1504.80770769561; 1462.01; 168.58
1005; 0.0859849412451774; 1485.41714019926; 1442.35; 159.12
1006; 0.0690772727782663; 1448.90267038225; 1418.13; 141.51
1007; 0.0674352257414174; 1416.25671276158; 1387.48; 135.54
1008; 0.0633451053369542; 1388.15676324898; 1361.78; 132.24
1009; 0.0334632312003934; 1354.81461479172; 1342.09; 120.75
1010; 0.0325396476316049; 1320.65950008069; 1308.87; 115.04
1011; 0.0349539516986697; 1296.00438803893; 1283.94; 109.58
1012; 0.023718671751714; 1260.35989934541; 1251.78; 114.83
1013; 0.0188472749191057; 1234.08641681205; 1226.98; 119.68
1014; 0.0394733339874422; 1205.67337176465; 1191.45; 114.36
1015; 0.0566997067034325; 1181.41063397649; 1162.48; 105.95
1016; 0.0614131078976682; 1159.39931245203; 1141.02; 94.96
1017; 0.0463884454634452; 1138.46963933358; 1125.72; 87.2
1018; 0.0562896456007213; 1110.42134121168; 1093.11; 97.56
1019; 0.0816154221151547; 1085.04996488032; 1062.77; 86.59
1020; 0.0790058885348706; 1058.06322750773; 1039.53; 74.4
1021; 0.0325284500192616; 1035.09691297764; 1027.85; 70.65
1022; -0.0324723074341468; 994.266842070982; 1001.12; 66.92
1023; 0.0198550193567124; 973.978904379642; 969.14; 77.27
1024; -0.0490705083599441; 942.669245920103; 953.82; 72.04
1025; 0.00805635759651909; 934.200059648508; 932.44; 69.25
1026; -0.0166885383441699; 905.425183730985; 909.32; 73.97
1027; -0.055399727425679; 878.93191831859; 891.7; 73.04
1028; -0.0229228432782487; 861.575229561416; 867.22; 78.03
1029; 0.0417151459452015; 856.733305396537; 845.82; 82.89
1030; 0.052134687961777; 835.338875424091; 820.39; 90.84
1031; 0.0752914435372483; 809.35656080154; 787.28; 92.88
1032; 0.0381672087702302; 784.046957599213; 774.62; 78.23
1033; 0.0943397294208284; 773.408550502355; 749.98; 78.65
1034; 0.144644132414003; 765.195394652857; 726; 85.81
1035; 0.178695571025838; 751.867030678055; 702.83; 86.89
1036; 0.0919962196003921; 718.599564800558; 698.12; 70.48
1037; 0.133301385917039; 710.379441730547; 685.86; 58.23
1038; 0.106010280812825; 702.562029570077; 684.37; 54.32
1039; -0.804399403054113; 632.080716307218; 735.85; 40.83
1040; -0.114063274010755; 737.068886458242; 710.26; -74.38
1041; -0.452476278251745; 637.204691318387; 684.65; 33.18
