# 08/03/2019 15:39:54
# NanoCalc data
# Original file name: C:\SVA_DATA\StudentProjects\2018_Nathan\PSswelling_080319\PSswelling2_25.dat
# Fit Result : Fitness; Thickness 1; Thickness 2; Thickness 3 
# Fit Result : 1.64626861960134; 2; 292.4; -1
# comment:PS ID:349 ref:withoptics.ref slowslow2 start 15:37
#
# WaveLength; Reflectance; Raw Intensity; Dark Intensity; Reference Intensity
400; 0.326013054257574; 4363.05684155699; 3869.39; 734.26
401; 0.330317140167801; 4517.65580095215; 4006.64; 746.92
402; 0.33498652674724; 4633.81990893768; 4085.87; 786.28
403; 0.330334860421043; 4745.46245962867; 4170.5; 833.19
404; 0.332326916815833; 4858.99371110598; 4276.9; 834.94
405; 0.339774672229356; 5046.29585453097; 4420.61; 874.39
406; 0.344540045273155; 5171.48776983705; 4512.32; 904.88
407; 0.352832662838513; 5307.21836447334; 4618.2; 920
408; 0.351140212785011; 5428.18422726289; 4719.05; 947.65
409; 0.352313686594262; 5550.71563879627; 4825.46; 962.39
410; 0.365126340278685; 5734.60706779091; 4957.25; 991.61
411; 0.372143089174741; 5845.49681565055; 5054.41; 986.6
412; 0.380996805748346; 5945.19287445774; 5122.07; 999.14
413; 0.383209709399791; 6044.35091745898; 5198.54; 1017.35
414; 0.39283379796907; 6209.83771998171; 5328.84; 1030.24
415; 0.393667070900687; 6311.56353985029; 5407.41; 1051.61
416; 0.393879122029164; 6387.49344649074; 5484.24; 1046.5
417; 0.401032981929861; 6491.24313945592; 5557.11; 1059.45
418; 0.395533398421153; 6637.66829335067; 5686.9; 1089.66
419; 0.401990534391735; 6748.09592852141; 5778.65; 1089.96
420; 0.408151258547664; 6876.88627446155; 5873.63; 1107.63
421; 0.405942113876676; 7016.33518712584; 5999.37; 1125.58
422; 0.406895523130505; 7200.7986205205; 6161.07; 1144.72
423; 0.408171838577248; 7342.05409269916; 6283.37; 1158.5
424; 0.409050247746882; 7500.65873107429; 6410.67; 1186.66
425; 0.406959469453956; 7672.41387706933; 6557.12; 1217.13
426; 0.40813961940236; 7921.78834110797; 6756.41; 1264.66
427; 0.41252695585053; 8113.61797028597; 6894.52; 1305.3
428; 0.415511170045325; 8284.71916426294; 7042.42; 1316.97
429; 0.41575188369041; 8448.94100892776; 7172.4; 1349.15
430; 0.431391537682302; 8716.289974022; 7362.29; 1375.69
431; 0.427058058685054; 8872.26641553837; 7500.15; 1404.78
432; 0.420304408163784; 8995.29884414102; 7593.7; 1454.39
433; 0.428193939134426; 9139.40888280282; 7693.05; 1469.65
434; 0.431478797577741; 9328.11202704898; 7850.92; 1485.96
435; 0.430166460280009; 9445.00209191889; 7946.36; 1508.87
436; 0.425610799178693; 9534.53861214482; 8021.43; 1536.4
437; 0.426823704628132; 9658.52276640182; 8119.95; 1554.23
438; 0.423097009748604; 9838.87834076486; 8283.29; 1581.59
439; 0.424195959039918; 9941.22301088534; 8354.04; 1605.86
440; 0.428940605049076; 10069.2378068692; 8452.56; 1613.9
441; 0.433943447801194; 10194.2515545427; 8550.95; 1617.96
442; 0.439229750017011; 10405.4408377412; 8688.97; 1665.9
443; 0.436489688290716; 10517.7874907896; 8792.56; 1681.21
444; 0.442100747631788; 10690.0180873925; 8949.24; 1671.17
445; 0.442579170608802; 10832.5888554656; 9085.03; 1672.09
446; 0.441743850266427; 11051.7694500017; 9265.24; 1708.7
447; 0.434820008402821; 11243.9876679345; 9440.26; 1748.86
448; 0.440890894947702; 11460.8826385676; 9630.23; 1746.72
449; 0.438639204508785; 11781.0312795569; 9885.28; 1814.28
450; 0.437241946010394; 11988.1649736876; 10081.11; 1827.01
451; 0.438360753976567; 12208.5665923304; 10255.69; 1862.38
452; 0.434621367506341; 12420.616056175; 10424.07; 1916.49
453; 0.438264291868683; 12816.7159287178; 10737.48; 1975.37
454; 0.442023934701282; 13112.6444268624; 10963; 2020.88
455; 0.444879328544403; 13364.7099839589; 11156.94; 2058.18
456; 0.446987471895041; 13634.6716278626; 11369.12; 2098.01
457; 0.442091204201597; 14030.8642103304; 11721.72; 2157.98
458; 0.44464367331263; 14333.1551645121; 11971.21; 2190.45
459; 0.442797342010113; 14601.1085700206; 12197.34; 2234.36
460; 0.445124696839839; 14883.9872983337; 12451.85; 2244.7
461; 0.440258056714401; 15256.1541941004; 12770.64; 2315.01
462; 0.434680543313179; 15471.7758769247; 12991.06; 2335.82
463; 0.428781565094841; 15681.4462866526; 13180.57; 2382.87
464; 0.426396858176237; 16076.4065151657; 13511.27; 2453.29
465; 0.426462325141419; 16349.9958614115; 13729.67; 2501.36
466; 0.423997079135724; 16635.2581553215; 13965.54; 2558.83
467; 0.425290966471384; 16912.7607883688; 14207.98; 2580.21
468; 0.419060556838795; 17470.1973701999; 14678.16; 2698.49
469; 0.418032570371191; 17831.8721833632; 14993.1; 2745.87
470; 0.421277717499751; 18241.6236416684; 15322.49; 2797.27
471; 0.429475458530087; 18734.4143346857; 15732.43; 2817.13
472; 0.433643059058609; 19485.6353548695; 16372.18; 2888.96
473; 0.428922057495586; 19990.1038137555; 16816.37; 2972.52
474; 0.429581905586249; 20549.3590993562; 17311.54; 3023
475; 0.431938136604184; 21541.667055265; 18143.65; 3150.22
476; 0.429183613560671; 22175.6409318284; 18682.99; 3253.44
477; 0.427181457431275; 22873.7191621312; 19269.42; 3367.82
478; 0.42726515033393; 23690.2120130852; 19967.43; 3472.23
479; 0.420623736698913; 24871.0596263793; 20949.15; 3709.93
480; 0.418631284269701; 25700.6462516159; 21691.29; 3804.75
481; 0.418704922488331; 26529.1982519088; 22361.32; 3948.55
482; 0.418571904939104; 27783.1191874288; 23416.42; 4131.99
483; 0.414936769403131; 28579.8481938686; 24128.61; 4242.65
484; 0.413958285250966; 29372.0917397981; 24824.01; 4338.71
485; 0.4146080696725; 30192.2372387456; 25545.04; 4419.68
486; 0.408635838023924; 31281.6819608239; 26517.16; 4590.47
487; 0.407833765329324; 31953.3915629934; 27144.88; 4634.96
488; 0.40939571410891; 32640.8535206052; 27734.19; 4704.39
489; 0.406339310146906; 33261.4016113124; 28301.4; 4784.45
490; 0.396673764658927; 34113.2655204634; 29129.5; 4917.45
491; 0.395994965429837; 34677.0615313847; 29620.01; 4991.8
492; 0.395677165896279; 35196.1965987693; 30076.82; 5050.77
493; 0.391422547894055; 35892.8300770868; 30727.18; 5145.3
494; 0.389505447070518; 36307.7027297502; 31131.56; 5174.67
495; 0.387314008112661; 36706.6850228472; 31508.11; 5219.97
496; 0.381281552054083; 37266.3883654055; 32056.49; 5307.57
497; 0.377119322699981; 37590.8821366703; 32397.48; 5342.56
498; 0.376329180448704; 37937.5520582097; 32734.99; 5356.59
499; 0.370514639916827; 38293.87853585; 33093.5; 5431.5
500; 0.369312937204016; 38798.9422840839; 33580.19; 5461.63
501; 0.367743492647836; 39134.4582610815; 33912.63; 5481.08
502; 0.368474178951268; 39511.8339581581; 34262.4; 5491.88
503; 0.363214203883774; 40032.7937028401; 34758.54; 5590.61
504; 0.3598741299189; 40390.2511646879; 35092.98; 5659.87
505; 0.359330349540213; 40815.0692791153; 35469.61; 5713.19
506; 0.358308334939015; 41240.562833122; 35860.16; 5760.06
507; 0.359653841533061; 41879.2983741605; 36434.09; 5800.95
508; 0.35814281795085; 42303.4276581406; 36816.82; 5862.95
509; 0.357796344528133; 42764.2404918925; 37220.5; 5923.17
510; 0.352738337884663; 43403.7631033476; 37815.45; 6049.54
511; 0.351775796691425; 43869.3308700321; 38193.07; 6154.56
512; 0.349522427537367; 44316.5545018711; 38664.27; 6161.05
513; 0.346533471028509; 44934.1737878113; 39275.75; 6213.99
514; 0.344221247303695; 45377.1132421818; 39688.32; 6282.11
515; 0.340783610847023; 45811.2408102806; 40099.69; 6363.71
516; 0.335356623623345; 46144.0373217325; 40486.93; 6397.69
517; 0.326860833200668; 46740.4003765665; 41096.3; 6541.34
518; 0.320174973944988; 47103.2371324436; 41496.14; 6626.65
519; 0.315713614618996; 47518.7994249032; 41917.64; 6705.56
520; 0.312860013556815; 48175.138677965; 42548.12; 6790.4
521; 0.30659272065965; 48581.5745652246; 42977.56; 6893.52
522; 0.302253734653112; 48990.2668107183; 43423.9; 6938.08
523; 0.296696287338736; 49589.7974665727; 44015.23; 7071.04
524; 0.29535946288438; 50083.9572744939; 44459.88; 7158.61
525; 0.2935360670089; 50480.5146136222; 44853.54; 7199.39
526; 0.292745962728154; 51084.6321821092; 45445.09; 7227.5
527; 0.289747469181575; 51421.9086510379; 45749.02; 7338.26
528; 0.286371609351317; 51736.2278772976; 46051.59; 7432.64
529; 0.284647943612135; 51991.8925167152; 46325.08; 7446.85
530; 0.281081174742436; 52331.7663621475; 46663.24; 7536.36
531; 0.277537288836816; 52495.4473312612; 46895.43; 7533.44
532; 0.275182892048477; 52652.745042299; 47103.5; 7522.1
533; 0.270560545207124; 52838.1019967626; 47350.71; 7558.38
534; 0.269905012911323; 52985.1257026787; 47499.48; 7567.35
535; 0.267837815153103; 53136.085541547; 47665.71; 7596.56
536; 0.264095583633167; 53378.1046767229; 47956; 7628.39
537; 0.260545641907465; 53530.9269681462; 48154.07; 7659.54
538; 0.256261973745581; 53639.2998684983; 48333.48; 7676.39
539; 0.253406810338649; 53882.1402968322; 48638.4; 7664.33
540; 0.252223941159833; 54056.3708393977; 48781.81; 7737.72
541; 0.24968662201414; 54269.280916736; 49000.63; 7801.09
542; 0.244781370211743; 54497.2686224633; 49330.89; 7796.44
543; 0.241223457299232; 54662.0127734373; 49574.67; 7784.29
544; 0.239167122484537; 54855.357637975; 49814.41; 7773.5
545; 0.235090599399593; 55139.3685508047; 50138.07; 7839.71
546; 0.232111385622235; 55400.6071398041; 50409.36; 7917.92
547; 0.229263055790028; 55620.6939416565; 50662.12; 7956.91
548; 0.223387819536222; 56023.2134451331; 51154.89; 8010.79
549; 0.221217201932339; 56279.4020318274; 51448.39; 8020.41
550; 0.218057953289938; 56572.6404382594; 51787.69; 8052.21
551; 0.216044004769583; 56879.4413261173; 52108.28; 8096.98
552; 0.213409740255245; 57279.9141937421; 52532.52; 8149.17
553; 0.209292744426977; 57507.7964018616; 52882.77; 8088.61
554; 0.208216318582008; 57761.4731129764; 53142.48; 8112.9
555; 0.202565287137203; 58155.378852792; 53645.5; 8135.28
556; 0.201183331457967; 58444.8216248996; 53968.23; 8123.54
557; 0.199940867107975; 58745.2626212449; 54277.78; 8150.4
558; 0.198454830736272; 59204.4995469611; 54687.44; 8295.43
559; 0.197088819188143; 59566.730181842; 55059.41; 8327.75
560; 0.196003416679122; 59965.7189998207; 55464.5; 8355.33
561; 0.191412588627929; 60637.3552552494; 56171.38; 8481.63
562; 0.188064637400411; 61138.0998869989; 56732.23; 8509.08
563; 0.18738167652068; 61692.2206377928; 57284.76; 8536.23
564; 0.182819963908447; 62509.334789954; 58131.67; 8683
565; 0.178989840461243; 63032.0442631086; 58723.39; 8722.57
566; 0.175614534460443; 63486.4046086023; 59260.3; 8713.46
567; 0.169969606770936; 64087.0767606289; 59968.19; 8768.43
568; 0.166640417690613; 64373.0081368372; 60312.67; 8810.43
569; 0.165821642491557; 64590.4890458359; 60536.87; 8832.97
570; 0.16543067529867; 64707.8720550392; 60654.49; 8847
571; 0.162133908596841; 64620.6385529899; 60645.86; 8845.03
572; 0.16038685677076; 64509.3893860916; 60593.21; 8802.53
573; 0.157257182440028; 64187.3105712999; 60388.41; 8701.9
574; 0.154899158947845; 63933.5268668694; 60192.1; 8693.52
575; 0.151037699392133; 63513.3786743475; 59917.07; 8563.1
576; 0.148723882861726; 63282.924782906; 59761.86; 8507.77
577; 0.146401701450054; 63077.5951356292; 59641.09; 8428.61
578; 0.142831602955043; 62748.2043216912; 59423.5; 8351.72
579; 0.142458235972915; 62606.7920314217; 59274.96; 8385.25
580; 0.14154765053657; 62443.3728203245; 59125.77; 8396.82
581; 0.140261507637342; 62217.9218808849; 58924.46; 8406.26
582; 0.138341215152807; 62071.9513885042; 58842.88; 8350.45
583; 0.137732768789625; 61988.2201358282; 58773.45; 8344.55
584; 0.135460901954793; 61795.2521940364; 58634.76; 8335.83
585; 0.133705782552327; 61672.3052795417; 58543.05; 8356.35
586; 0.130917850630103; 61571.918318092; 58471.96; 8448.9
587; 0.128207940901418; 61405.8854722013; 58404.36; 8348.32
588; 0.126067823260132; 61300.2976159028; 58360.19; 8311.12
589; 0.125546874306387; 61245.538311024; 58331.89; 8265.55
590; 0.122845384746985; 61188.9299910901; 58337.01; 8263.17
591; 0.120834879637492; 61091.5521815809; 58293.38; 8237.16
592; 0.122446761251116; 61135.3902684307; 58296.42; 8242.06
593; 0.122729028828076; 61204.71416134; 58354.29; 8251.08
594; 0.121831932386816; 61268.8123157846; 58474.67; 8142.58
595; 0.122431685254588; 61514.3832391575; 58691.02; 8182.26
596; 0.120436618035943; 61692.2596496737; 58910.07; 8191.32
597; 0.120475382318547; 61959.1814956095; 59148.04; 8268.66
598; 0.121271793611649; 62516.8146674336; 59669.64; 8314.38
599; 0.123170101345196; 63033.6921733206; 60111.73; 8395.94
600; 0.122045437402529; 63525.4887611594; 60597.36; 8485.8
601; 0.12092077716565; 64353.74823488; 61431.73; 8541.42
602; 0.120375524605157; 64995.0284331763; 62030.86; 8698.58
603; 0.119372291159816; 65623.246629507; 62682.2; 8697.72
604; 0.120760033284574; 66545.5910140343; 63509.51; 8869.93
605; 0.120581034181767; 67104.8821097929; 64042.25; 8955.31
606; 0.122795767628447; 67723.5049440769; 64550.97; 9103.79
607; 0.124345005158951; 68393.6758629785; 65111.84; 9294.41
608; 0.125471015394098; 68774.9543301226; 65429.29; 9384.39
609; 0.125869556564888; 69214.5614618378; 65822.24; 9479.31
610; 0.123610490270824; 69289.5393655695; 65955.41; 9481.14
611; 0.123306760822751; 69375.0480219664; 66022.08; 9552.58
612; 0.124044798524155; 69398.2541534438; 66019.65; 9562.45
613; 0.122475956414482; 69347.8914703475; 66016.95; 9542.42
614; 0.118871068727105; 69097.6119747396; 65905.75; 9415.73
615; 0.116939922097946; 68676.3649850366; 65585.75; 9262.15
616; 0.114183673678053; 68310.3793665897; 65316.88; 9181.97
617; 0.113173836383694; 67708.9353063327; 64768.34; 9095.05
618; 0.116107119450217; 67374.6810148363; 64373.64; 9042.15
619; 0.11674679366978; 66979.1907012603; 63985.54; 8965.65
620; 0.115258312828708; 66345.7487201747; 63448.32; 8784.82
621; 0.115346639638687; 65884.8658486886; 63011.38; 8701.12
622; 0.116524330323962; 65496.1842516137; 62594.57; 8693.06
623; 0.117357363653042; 64956.3324219729; 62070.14; 8581.34
624; 0.118166792026108; 64617.4574419654; 61741.91; 8487.03
625; 0.118926161461744; 64099.6901119443; 61215.67; 8453.6
626; 0.120695901566025; 63813.6548176042; 60906.9; 8391.25
627; 0.122856730554903; 63499.4860078785; 60552.71; 8353.36
628; 0.126762100440218; 63042.7345114388; 59996.17; 8366.11
629; 0.125377369494559; 62719.4715218293; 59718.79; 8327.32
630; 0.125395187758714; 62450.2581665228; 59494.05; 8198.99
631; 0.12426553371857; 62021.3214208401; 59130.04; 8088.35
632; 0.126052024601292; 61804.3723782224; 58876.05; 8072.41
633; 0.127283678801278; 61453.466520281; 58511.89; 8027.04
634; 0.124387775822443; 61171.2718877486; 58308.74; 7989.54
635; 0.121755363302635; 60915.1759627544; 58140.12; 7908.54
636; 0.119278842666788; 60625.1438625269; 57915.51; 7878.13
637; 0.120801785650573; 60454.9765727739; 57722.82; 7838.74
638; 0.122259341650928; 60277.6361727824; 57474.46; 7941.82
639; 0.124698584060478; 60049.0183198838; 57165.91; 8003.89
640; 0.124241013706786; 59881.3631603368; 57008.09; 8001.12
641; 0.127078438425555; 59671.5621327954; 56758.58; 7926.46
642; 0.130491719953131; 59527.362953498; 56539.98; 7912.17
643; 0.133640586465199; 59428.6166375222; 56371.02; 7903.44
644; 0.135900726523976; 59193.0658600783; 56100.39; 7857.3
645; 0.136322790835767; 59052.5785545564; 55952.09; 7849.35
646; 0.13851454524678; 58863.0233847049; 55757.04; 7735.25
647; 0.14013395837619; 58725.1155049189; 55605.78; 7675.61
648; 0.144010472398372; 58609.9240126775; 55421.19; 7632.06
649; 0.144003134753218; 58407.1397883189; 55233.83; 7592.22
650; 0.145129780140202; 58310.3798147924; 55116.84; 7578
651; 0.148654918158641; 58218.7038283289; 54970.38; 7521.71
652; 0.151562829328779; 58139.2886758899; 54836.02; 7498.47
653; 0.155277898534357; 58068.5466248457; 54697.14; 7466.34
654; 0.157856163534424; 57955.1708095847; 54559.48; 7393.84
655; 0.157177748795586; 57847.5407944336; 54465.02; 7393.93
656; 0.157130891566617; 57683.9108243416; 54312.69; 7368.41
657; 0.158386309977576; 57637.1893310459; 54258.2; 7324.28
658; 0.160024275631535; 57566.3760246073; 54165.73; 7293.21
659; 0.156184735009294; 57378.5913733129; 54053.82; 7302.78
660; 0.155373263573012; 57268.5592466713; 53974.86; 7269.33
661; 0.155187664920772; 57120.9838196193; 53820.55; 7288.84
662; 0.153630962547155; 56989.990022834; 53704.12; 7326.33
663; 0.155003129760768; 56938.3513078831; 53597.59; 7378.87
664; 0.15584623797724; 56848.4254614583; 53483.1; 7388.78
665; 0.158088639907591; 56739.381716097; 53326.55; 7383.97
666; 0.160694377785943; 56607.6611639739; 53150.66; 7355.43
667; 0.163400383655014; 56501.438566759; 52998.89; 7326.55
668; 0.164886371474704; 56381.8226380637; 52847.85; 7323.5
669; 0.170020330274606; 56280.336286426; 52664.94; 7263.21
670; 0.172279129476415; 56202.4346015127; 52553.29; 7232.11
671; 0.173265458967587; 55999.126743157; 52404.63; 7079.27
672; 0.172122181879652; 55853.2732287707; 52310.27; 7020.25
673; 0.17194593861693; 55695.8891236021; 52154.03; 7021.01
674; 0.175298965054246; 55501.9585238267; 51884.46; 7029.82
675; 0.17820222002815; 55358.7354400005; 51726.62; 6940.14
676; 0.178907825229704; 55124.9027011937; 51487.64; 6919.48
677; 0.177493065053203; 54850.8023709518; 51264.41; 6874.84
678; 0.181209496101649; 54477.7318468477; 50861.27; 6787.88
679; 0.182901652542173; 54247.427612994; 50607.72; 6765.89
680; 0.187089406485389; 54035.8815748221; 50288.84; 6807.27
681; 0.186605183345694; 53630.0145903918; 49879.04; 6829.65
682; 0.1881469069044; 53373.9885690577; 49603.29; 6806.66
683; 0.191051006158322; 53045.3001314343; 49190.55; 6849.95
684; 0.192672520109754; 52777.1685023079; 48851.84; 6914.18
685; 0.196233524443502; 52473.3812488611; 48496.41; 6875.35
686; 0.197855336358269; 52265.4494251133; 48259.88; 6865.56
687; 0.199651150382381; 52043.2797565199; 48015.34; 6839.14
688; 0.203252153595844; 51701.0722883622; 47660.66; 6736.35
689; 0.207075184720259; 51515.7024988566; 47430.35; 6683.12
690; 0.204018218041285; 51100.5515713713; 47114.92; 6615.1
691; 0.202919230439499; 50809.9192149562; 46875.41; 6563.05
692; 0.206645572808986; 50617.1112767336; 46671.62; 6460.16
693; 0.209255115289478; 50246.7238190284; 46240.6; 6475.1
694; 0.214395130692604; 50043.5607435002; 45936.72; 6476.21
695; 0.215656799606546; 49634.9116140868; 45505.74; 6470.6
696; 0.215294408853383; 49354.0970351218; 45255.77; 6430.36
697; 0.218580545925588; 48958.0395224888; 44881.07; 6297.83
698; 0.219819629754726; 48699.2590093618; 44617.46; 6267.1
699; 0.222338579769272; 48328.5085977616; 44279.79; 6143.47
700; 0.223251486821752; 48076.3497706586; 44098.54; 6008.83
701; 0.224078472502513; 47859.4253827287; 43886.31; 5977.78
702; 0.21854426820009; 47475.7949746927; 43667.22; 5873.37
703; 0.221481966560633; 47269.3578291971; 43450.12; 5809.93
704; 0.222665871290707; 46963.5256199251; 43177.28; 5727.38
705; 0.225077680541401; 46770.5662905224; 42984.61; 5663.34
706; 0.224158349005251; 46457.0864118934; 42694.41; 5649.54
707; 0.223470467817794; 46254.8782104874; 42461.28; 5711.07
708; 0.223192678879835; 46018.9881047911; 42219.65; 5724.39
709; 0.222547989189961; 45677.9535540438; 41899.34; 5707.57
710; 0.225227984813222; 45459.4199215155; 41648.14; 5686.33
711; 0.221078413224772; 45075.7773007379; 41364.18; 5640.34
712; 0.223335974578766; 44839.6242498459; 41116.32; 5599.74
713; 0.228059695536646; 44536.8507717285; 40762.56; 5557.66
714; 0.231442586651537; 44268.3079057078; 40520.22; 5437.41
715; 0.232344263119367; 43868.1973932974; 40202.88; 5294.92
716; 0.233070844323359; 43562.9496454022; 39932.78; 5226.2
717; 0.232624489651709; 43199.3797579353; 39629.07; 5147.84
718; 0.228980068495839; 42619.9306271982; 39183.73; 5031.33
719; 0.236025103881961; 42308.8015135986; 38793.68; 4991.12
720; 0.238958005122762; 41784.7154607513; 38280.05; 4913.24
721; 0.234047319815079; 41418.2978977775; 37997.72; 4894.17
722; 0.235716517880765; 40888.858583645; 37461.34; 4867.58
723; 0.239241449250248; 40559.5777509799; 37089.11; 4854.17
724; 0.243292442184286; 40138.321957557; 36612.24; 4848.05
725; 0.24460104868155; 39908.1900807271; 36385.09; 4816.26
726; 0.244410117989999; 39650.4677627485; 36131.54; 4812.54
727; 0.240601435490176; 39506.2000543841; 36040.6; 4812.86
728; 0.238559212627121; 39355.832884456; 35923.5; 4805.84
729; 0.240355854698492; 39241.5785097231; 35794.86; 4788.58
730; 0.240343308758143; 39213.9511729093; 35804.98; 4735.07
731; 0.236804336112431; 39209.9319829111; 35898.6; 4667.75
732; 0.239641874896165; 39272.0053172809; 35931.8; 4652.12
733; 0.244389837861933; 39348.7738740741; 35937.66; 4658
734; 0.245305169506601; 39345.9591389154; 35940.73; 4632.18
735; 0.245018127483; 39316.376603204; 35910.34; 4637.56
736; 0.243818881572076; 39250.8760128722; 35853.79; 4646.83
737; 0.240870265528874; 39165.0770357856; 35763.82; 4707.89
738; 0.242896598271959; 39113.1200629198; 35686.23; 4702.2
739; 0.247273279869069; 39047.4657504726; 35566.35; 4690.32
740; 0.24555113874289; 38958.1649759459; 35518.53; 4665.2
741; 0.244642716380157; 38897.1145477307; 35438.57; 4706.66
742; 0.251247100570905; 38951.1004589701; 35376.98; 4734.62
743; 0.254342613153436; 39011.8295125934; 35384.87; 4744.52
744; 0.259954290469598; 39250.5037222146; 35557.26; 4725.32
745; 0.259739969670759; 39410.9392381677; 35711.59; 4735.27
746; 0.265333797143933; 39741.0586129831; 35904.99; 4804.96
747; 0.266067186157323; 39937.9490125184; 36064.38; 4836.75
748; 0.268437770054003; 40179.4317826957; 36277.22; 4827.83
749; 0.270525291912873; 40300.8858449114; 36375.65; 4817.49
750; 0.269235534815514; 40257.3823341156; 36374; 4787.76
751; 0.271604222568505; 40201.3101044123; 36336.55; 4723.1
752; 0.270774113162153; 39907.9266546017; 36099.96; 4667.67
753; 0.267810059700536; 39597.3435175834; 35843.88; 4651.64
754; 0.262530395738611; 39007.513055485; 35400.69; 4559.52
755; 0.260342788564426; 38583.2417537278; 35033.68; 4523.71
756; 0.256515764844138; 37903.1689018856; 34423.24; 4499.87
757; 0.254377544926381; 37464.2781303498; 34033.43; 4471.88
758; 0.257611059768463; 36887.5335489388; 33441.09; 4434.02
759; 0.255625593746042; 36470.5281937872; 33053.61; 4428.1
760; 0.258659563789545; 36110.4478631265; 32681.41; 4389.62
761; 0.264804344431506; 35574.7135342697; 32094.24; 4350.03
762; 0.265151175316237; 35227.6187201629; 31738.87; 4352.62
763; 0.266316842588632; 34697.1794618088; 31268.89; 4256.73
764; 0.270948932958615; 34403.1929288006; 30955.78; 4205.71
765; 0.273566828518839; 33945.0663310426; 30523.94; 4133.31
766; 0.270971622218331; 33620.9055392936; 30282.24; 4071.93
767; 0.271755927815671; 33110.5958383216; 29889.65; 3917.14
768; 0.26917212979573; 32799.4366675762; 29645; 3873.2
769; 0.268874794918367; 32366.0288923924; 29266.15; 3810.18
770; 0.26661099544055; 32074.4364261356; 29018.85; 3787.39
771; 0.265147642762673; 31711.3283420883; 28680.35; 3776.08
772; 0.267270151336398; 31473.6984195418; 28446.72; 3739.62
773; 0.271973280958336; 31112.6009795734; 28058.77; 3705.92
774; 0.27042687304232; 30854.0646818622; 27829.59; 3689.54
775; 0.275498230725567; 30539.0392267977; 27439.76; 3709.91
776; 0.277575224471098; 30304.1598037925; 27237.96; 3641.47
777; 0.282418485487825; 30027.8705315704; 26913.56; 3634.26
778; 0.283372772703159; 29806.6416263538; 26715.7; 3593.82
779; 0.285666692715275; 29473.0573828249; 26401.43; 3541.9
780; 0.278738210923321; 29215.3958925606; 26209.45; 3551.42
781; 0.274172725136087; 28903.6834929096; 25959.69; 3535.36
782; 0.277210867563177; 28751.3852139965; 25778.2; 3530.39
783; 0.281447865562875; 28454.4803768253; 25494.21; 3461.37
784; 0.285283225331303; 28294.301490092; 25318.31; 3432.1
785; 0.285761165566989; 27997.1930713056; 25049.77; 3392.5
786; 0.28361096735752; 27810.9456647902; 24888.1; 3388.75
787; 0.284230873233904; 27524.5550111337; 24582.52; 3402.48
788; 0.285884026657659; 27359.3023260605; 24429.24; 3367.97
789; 0.287873540076026; 27074.4947564359; 24166.33; 3318.75
790; 0.285851945413345; 26877.4306159518; 23986.74; 3321.19
791; 0.278519862996894; 26574.8851453582; 23719.03; 3366.69
792; 0.276133457377251; 26376.6205937792; 23546.07; 3364.95
793; 0.280407705344776; 26103.2825692079; 23263.87; 3323.4
794; 0.28075732732238; 25924.4200936983; 23096.99; 3304.73
795; 0.288055455467268; 25685.721901965; 22857.12; 3222.13
796; 0.289089290624603; 25438.4802396586; 22628.84; 3188.88
797; 0.293276777706527; 25279.9220556848; 22457.2; 3157.88
798; 0.299988741460296; 25045.7112799388; 22251.53; 3055.91
799; 0.301710709248313; 24888.4791173646; 22129.09; 3000.25
800; 0.29673602889947; 24640.985457614; 21918.26; 3009.63
801; 0.298392236330069; 24465.1979269702; 21741.23; 2993.24
802; 0.297950767124415; 24240.107480545; 21479.09; 3037.38
803; 0.299357951043034; 24101.4713759157; 21336.34; 3026.35
804; 0.299991082383146; 23888.4532415485; 21187.49; 2948.75
805; 0.29914677451541; 23709.5423544199; 21034.56; 2927.88
806; 0.299072391209944; 23480.1243485459; 20836.79; 2893.22
807; 0.300616766014161; 23344.7003112135; 20715.72; 2862.27
808; 0.304230364543516; 23136.5533082207; 20539.9; 2792.96
809; 0.302285415324294; 22974.7614170355; 20424.64; 2760.03
810; 0.304340352254705; 22732.7180489659; 20224.7; 2695.53
811; 0.300955051663578; 22583.0952764373; 20091.86; 2706.83
812; 0.300902829364735; 22360.1805049739; 19884.31; 2689.74
813; 0.300309306420079; 22244.3213621077; 19793.26; 2667.28
814; 0.301792645133615; 22069.8040029012; 19615.6; 2656.72
815; 0.304429233626231; 21941.8212522704; 19510.51; 2608.64
816; 0.307520449784584; 21794.591770997; 19316.71; 2631.29
817; 0.306031300085969; 21635.2476543073; 19151.29; 2650.15
818; 0.310072151472487; 21512.525465359; 19034.43; 2609.02
819; 0.315599935459589; 21315.2250930684; 18814.23; 2586.51
820; 0.315350891133638; 21167.0666477938; 18689.96; 2563.25
821; 0.321727540965259; 21003.9579957414; 18518.27; 2520.42
822; 0.319979801387183; 20852.1605883413; 18404.2; 2495
823; 0.320194586116486; 20660.4599578394; 18260.87; 2443.43
824; 0.322717788896458; 20543.4589544108; 18158.8; 2408.62
825; 0.324247016354564; 20380.2008390668; 18009.86; 2382.79
826; 0.319588460957783; 20243.9990389371; 17931.53; 2358.5
827; 0.317652605887344; 20107.3591164293; 17798.05; 2369.86
828; 0.31595834385046; 19985.6735904487; 17684; 2374.92
829; 0.312275168650716; 19790.0494869507; 17555.02; 2333.13
830; 0.304453652139113; 19613.8301446687; 17403.79; 2366.16
831; 0.299200145965934; 19466.0851738093; 17305.83; 2352.33
832; 0.298753770854218; 19311.5862995143; 17198.16; 2303.66
833; 0.300160857094144; 19205.4904332453; 17119.37; 2262.14
834; 0.295898350224308; 19046.346315491; 17011.62; 2237.18
835; 0.300291237377916; 18964.5294050146; 16937.08; 2196
836; 0.306203116138793; 18827.6847800122; 16817.17; 2135.06
837; 0.309568302205581; 18750.1717962272; 16729.78; 2122.5
838; 0.312182282733768; 18601.449189075; 16579.8; 2106.31
839; 0.323775014745333; 18475.8618235197; 16431.87; 2054.8
840; 0.325139247310212; 18427.4853924647; 16338.43; 2091.29
841; 0.324432208206779; 18273.0461209231; 16176.85; 2105.39
842; 0.3213993062483; 18175.3644826516; 16100.15; 2103.51
843; 0.320470960838304; 18041.1721490498; 15963.29; 2111.77
844; 0.323512560284431; 17958.7921158075; 15892.03; 2080.25
845; 0.326845495207492; 17800.6072372506; 15721.29; 2071.01
846; 0.322898948150936; 17705.445163686; 15640.73; 2081.13
847; 0.317303286033194; 17537.0160277274; 15512.12; 2076.45
848; 0.317726244269863; 17396.447456262; 15379; 2065.59
849; 0.321921917964394; 17288.4868355421; 15291.55; 2017.42
850; 0.328120421705505; 17115.940106183; 15122.34; 1975.49
851; 0.32429463556386; 16987.8113306943; 15033.42; 1959.04
852; 0.319976117196473; 16801.6472876188; 14892.72; 1938.79
853; 0.318970028832702; 16683.9142519649; 14821.77; 1896.81
854; 0.313298801759981; 16463.9100665937; 14666.47; 1863.56
855; 0.317746505117221; 16257.9125690935; 14480.87; 1816.21
856; 0.311496890670352; 16145.6508982705; 14373.72; 1846.96
857; 0.317354373070173; 15996.3277458828; 14195.76; 1841.75
858; 0.311780017371743; 15873.3333446897; 14085.44; 1861.12
859; 0.31344480037588; 15706.5823406941; 13917.36; 1852.25
860; 0.315436207367853; 15584.1710920268; 13810.98; 1823.65
861; 0.314129034894493; 15411.1383078361; 13662.8; 1805.22
862; 0.310584613062293; 15243.0473651964; 13537.19; 1781.11
863; 0.310270650006057; 15113.2007176946; 13438.2; 1750.32
864; 0.312591786450274; 14923.8656013179; 13288.14; 1696.2
865; 0.310932481077477; 14789.940607436; 13208.2; 1648.65
866; 0.306065303692525; 14572.0521759695; 13052.04; 1609.19
867; 0.309972376855312; 14337.6278382295; 12842.9; 1562.12
868; 0.315615980675497; 14196.5267532026; 12685.62; 1550.49
869; 0.312569541793687; 13917.5423145465; 12452.22; 1518.07
870; 0.32301448037058; 13769.865631802; 12312.23; 1460.99
871; 0.329805090140134; 13496.0647311363; 12058.87; 1410.52
872; 0.331854569158753; 13306.8595823781; 11877.36; 1394.03
873; 0.336490856519617; 13051.3805888012; 11599.66; 1395.92
874; 0.338166615321464; 12809.990384946; 11341.58; 1404.65
875; 0.339720950214369; 12650.7923709286; 11199.45; 1381.7
876; 0.335866392478362; 12401.7568465272; 10955.32; 1392.56
877; 0.334774235888129; 12230.5221235104; 10806.42; 1375.26
878; 0.325783694152425; 11973.4769524598; 10606.06; 1356.65
879; 0.329320638919714; 11823.1898883635; 10447.83; 1349.61
880; 0.331672349607506; 11718.6610053456; 10366.94; 1316.75
881; 0.335349548785609; 11589.0018512783; 10243.98; 1295.56
882; 0.330440998585552; 11481.7029235693; 10190.2; 1262.24
883; 0.323254954239088; 11358.0713817433; 10089.13; 1267.51
884; 0.32430871297569; 11272.8694260554; 9988.4; 1278.6
885; 0.32813572923465; 11223.4895461449; 9913.56; 1288.44
886; 0.322339879582483; 11116.3292303952; 9804.76; 1312.99
887; 0.322605965734315; 11073.8876496876; 9763.04; 1310.97
888; 0.329367811929496; 11009.8817291202; 9696.05; 1286.81
889; 0.342356934002138; 10971.6960646928; 9644.06; 1250.79
890; 0.345784281937344; 10949.1265720835; 9630.85; 1229.46
891; 0.346552377762968; 10895.0066584632; 9604.7; 1200.51
892; 0.345017295996246; 10912.7860852018; 9632.5; 1196.29
893; 0.346469765005242; 10961.3034127451; 9695.44; 1177.7
894; 0.347085859348117; 11051.807976286; 9773.06; 1187.38
895; 0.3461499192316; 11135.8855253696; 9825.7; 1219.66
896; 0.347723781794578; 11292.8190043754; 9951.28; 1242.99
897; 0.34020139294435; 11391.0558783775; 10040.59; 1278.76
898; 0.34512287813687; 11611.7900689743; 10233.74; 1286.06
899; 0.350402151211143; 11839.7926503709; 10407.18; 1316.62
900; 0.346656217814426; 11957.7041328229; 10519.34; 1335.97
901; 0.350690390904554; 12119.9607339724; 10674.23; 1327.19
902; 0.343911953510248; 12214.2717110014; 10803.41; 1320.49
903; 0.337178413427625; 12250.6439577738; 10845.48; 1341.2
904; 0.332438741992546; 12280.3833020321; 10871.89; 1363.32
905; 0.330019427168679; 12257.5496746356; 10842.71; 1379.32
906; 0.326349329953991; 12174.9274546583; 10775.52; 1379.39
907; 0.329246945842342; 12031.7263236899; 10665.88; 1334.24
908; 0.329176433374484; 11896.8966927391; 10561.98; 1304.09
909; 0.33436651712137; 11651.0912591017; 10342.42; 1258.44
910; 0.327104598570498; 11354.0475353455; 10084.23; 1247.98
911; 0.338290320285322; 11143.5113046878; 9884.34; 1196.4
912; 0.34782035262037; 10772.7356889293; 9558.26; 1122.13
913; 0.350564498672609; 10487.6713877774; 9303; 1085.88
914; 0.346661150251398; 10064.9617579977; 8920.23; 1060.91
915; 0.334025834311653; 9642.02176896664; 8545.32; 1054.67
916; 0.327888314844887; 9383.72408613986; 8311.13; 1050.62
917; 0.334771647652724; 9003.80683066508; 7972.82; 988.97
918; 0.325177946701936; 8622.2973451948; 7671.41; 938.89
919; 0.323037312891027; 8402.12338233696; 7486.3; 910.14
920; 0.31835284242436; 8078.7003330597; 7193.89; 892.14
921; 0.325833751522203; 7795.91324595555; 6920.81; 861.98
922; 0.320109513489841; 7587.7257006767; 6748.05; 841.79
923; 0.322542738109239; 7284.74296661586; 6496.05; 784.61
924; 0.319949758154761; 7094.96085242884; 6335.94; 761.11
925; 0.320690909060924; 6815.45713995475; 6077.93; 737.75
926; 0.320250149162853; 6540.17505958595; 5815.14; 726.18
927; 0.310328395203953; 6357.28661765214; 5665.7; 714.73
928; 0.305715691077029; 6084.25076900184; 5437.06; 678.85
929; 0.302653572084174; 5792.54891484472; 5175.42; 653.78
930; 0.30270499629646; 5595.17054232781; 4999.79; 630.57
931; 0.303013955027718; 5283.07166586649; 4725.43; 589.92
932; 0.314831825039235; 4938.30813387964; 4403.79; 544.16
933; 0.309110253925219; 4666.18146279688; 4171.45; 512.91
934; 0.321193919580358; 4227.99389690044; 3774.84; 452.07
935; 0.326415134618083; 3756.25875937333; 3360.06; 388.89
936; 0.321460032292434; 3432.03141262038; 3086.68; 344.16
937; 0.330347610397898; 2961.3692497091; 2658.99; 293.19
938; 0.323765634007679; 2519.19838052649; 2252; 264.31
939; 0.318848228860597; 2257.99581986573; 2024.61; 234.4
940; 0.302013508878715; 1922.06384064944; 1733.22; 200.21
941; 0.30166791410544; 1687.82559446726; 1538.72; 158.24
942; 0.307098013573019; 1579.96431779421; 1438.65; 147.3
943; 0.362185558851352; 1482.84629503058; 1334.26; 131.31
944; 0.397507688380161; 1448.23632946485; 1289.05; 128.16
945; 0.380829703734267; 1441.29041903558; 1279.67; 135.8
946; 0.378731324146126; 1457.47096089086; 1299.75; 133.24
947; 0.3835673749838; 1504.39175974293; 1341.65; 135.73
948; 0.356654399310435; 1541.93519230969; 1372.3; 152.14
949; 0.353385125651664; 1624.76309501711; 1429.17; 177.02
950; 0.32395111845441; 1698.0575778698; 1522.48; 173.32
951; 0.322288386887446; 1761.03708694484; 1580.34; 179.27
952; 0.335517140861616; 1857.57504160782; 1680.01; 169.2
953; 0.328894703491114; 1960.60746790737; 1761.43; 193.59
954; 0.316513987756251; 2018.28045916833; 1813.87; 206.42
955; 0.304605050229417; 2110.93615284284; 1902.81; 218.36
956; 0.314287682533603; 2203.4925026034; 2005.39; 201.42
957; 0.313766249999507; 2266.22850722809; 2063.96; 205.97
958; 0.318691773283307; 2351.64699616757; 2131.01; 221.18
959; 0.322348122520085; 2427.7086578055; 2196.72; 228.9
960; 0.329829746035869; 2465.94817493974; 2252.42; 206.77
961; 0.298929817830966; 2522.3435955471; 2309.05; 227.87
962; 0.310826069186817; 2583.60401718431; 2346.14; 243.95
963; 0.320449417923901; 2617.40436683969; 2362.87; 253.6
964; 0.31493380494622; 2639.53385905089; 2387.56; 255.42
965; 0.276362200446868; 2651.19724010836; 2411.05; 277.37
966; 0.264154165811439; 2663.11753776084; 2422.73; 290.45
967; 0.267456694549919; 2679.1508676229; 2412.51; 318.15
968; 0.278515036888497; 2695.31068591961; 2424.46; 310.3
969; 0.28785380465671; 2697.03076954016; 2433.22; 292.4
970; 0.287023315683964; 2693.98538245014; 2425.52; 298.38
971; 0.298023173626718; 2700.07788635704; 2406.15; 314.58
972; 0.327780417718994; 2703.91624442017; 2389.96; 305.48
973; 0.333719087404035; 2701.0022523302; 2390.88; 296.34
974; 0.357583691555579; 2683.38092566907; 2376.55; 273.6
975; 0.365501092024787; 2670.26781971905; 2360.35; 270.33
976; 0.352197884888838; 2655.83327257237; 2346.14; 280.3
977; 0.342405047526417; 2633.57309042605; 2340.7; 272.63
978; 0.321122160734156; 2588.37149145867; 2312.92; 273.37
979; 0.320829753225829; 2563.72154701197; 2292.47; 269.42
980; 0.315483019997767; 2539.8581827116; 2271.21; 271.32
981; 0.303051891007357; 2509.62200913006; 2242.64; 280.66
982; 0.302970243170331; 2463.59406504812; 2202.63; 274.38
983; 0.312270459392235; 2437.99694328788; 2191.33; 251.59
984; 0.322815233450024; 2396.19639522049; 2150.38; 242.5
985; 0.344164061679266; 2366.04836937083; 2126.43; 221.7
986; 0.322632026918177; 2310.2696561562; 2089.99; 217.38
987; 0.312450969043232; 2276.65459224536; 2070.96; 209.58
988; 0.323859380832484; 2230.81118087279; 2031.15; 196.24
989; 0.328180346557684; 2190.13526963637; 2001.59; 182.85
990; 0.304796367794127; 2155.04237336328; 1964.58; 198.86
991; 0.310027129139262; 2119.53984121904; 1922.47; 202.26
992; 0.334577766497113; 2082.42572740729; 1892.5; 180.6
993; 0.342710337826822; 2045.28384069188; 1843.17; 187.61
994; 0.353762553097833; 2021.84612423837; 1823.97; 177.92
995; 0.332007529483347; 1975.76116660597; 1786.35; 181.45
996; 0.337722721267548; 1934.86639218093; 1743.39; 180.3
997; 0.333564931747034; 1891.16379736596; 1714.96; 167.97
998; 0.330981229161372; 1860.37697933863; 1691.86; 161.88
999; 0.294782546735101; 1809.9714454187; 1639.65; 183.68
1000; 0.2838564974507; 1765.41533257251; 1609.32; 174.8
1001; 0.27670055336684; 1732.72031314163; 1574.59; 181.64
1002; 0.299460483035445; 1700.6848224738; 1536.62; 174.11
1003; 0.249695872505334; 1642.98453126438; 1503.2; 177.89
1004; 0.260797584332351; 1600.38250940069; 1462.01; 168.58
1005; 0.278195623679816; 1581.68939774031; 1442.35; 159.12
1006; 0.280144412889062; 1542.92924771982; 1418.13; 141.51
1007; 0.272464326335832; 1503.74902068675; 1387.48; 135.54
1008; 0.256806195050883; 1468.7135376695; 1361.78; 132.24
1009; 0.260866088144977; 1441.28605384162; 1342.09; 120.75
1010; 0.311536471984023; 1421.74335693293; 1308.87; 115.04
1011; 0.292223804605235; 1384.80131042815; 1283.94; 109.58
1012; 0.245996999772958; 1340.76599042223; 1251.78; 114.83
1013; 0.267683648045283; 1327.91085525327; 1226.98; 119.68
1014; 0.284624868080628; 1294.00848450664; 1191.45; 114.36
1015; 0.324138659600376; 1270.70190588426; 1162.48; 105.95
1016; 0.366145586936791; 1250.59765167097; 1141.02; 94.96
1017; 0.368502618622626; 1227.00115814146; 1125.72; 87.2
1018; 0.340299074995363; 1197.76572021983; 1093.11; 97.56
1019; 0.371647165390982; 1164.22491597285; 1062.77; 86.59
1020; 0.389746117703538; 1130.95677341657; 1039.53; 74.4
1021; 0.376625650479927; 1111.75726617954; 1027.85; 70.65
1022; 0.329653307117369; 1070.69208631015; 1001.12; 66.92
1023; 0.275117589167236; 1036.18942882303; 969.14; 77.27
1024; 0.2395327755095; 1008.25129005694; 953.82; 72.04
1025; 0.269524487627083; 991.322586736498; 932.44; 69.25
1026; 0.234457892152996; 964.038417750202; 909.32; 73.97
1027; 0.190238204654334; 935.544564744652; 891.7; 73.04
1028; 0.192835678948302; 914.705956555164; 867.22; 78.03
1029; 0.207791820081449; 900.181444508192; 845.82; 82.89
1030; 0.165207544678858; 867.760898361085; 820.39; 90.84
1031; 0.206115025873902; 847.715963066175; 787.28; 92.88
1032; 0.208233397677861; 826.051778060237; 774.62; 78.23
1033; 0.207666962720064; 801.552502418938; 749.98; 78.65
1034; 0.213232840796421; 783.781433705474; 726; 85.81
1035; 0.199318127381411; 757.526202435154; 702.83; 86.89
1036; 0.177953644904445; 737.734814805939; 698.12; 70.48
1037; 0.23589126694942; 729.249812753417; 685.86; 58.23
1038; 0.197960653368181; 718.341290634955; 684.37; 54.32
1039; -0.0197324586840492; 733.304469638631; 735.85; 40.83
1040; -0.0762672391876997; 728.185487178931; 710.26; -74.38
1041; -0.0242926693152777; 682.102743381781; 684.65; 33.18
