# 08/03/2019 17:31:54
# NanoCalc data
# Original file name: C:\SVA_DATA\StudentProjects\2018_Nathan\PSswelling_080319\PSswelling2_697.dat
# Fit Result : Fitness; Thickness 1; Thickness 2; Thickness 3 
# Fit Result : 35.1981192855464; 2; 190; -1
# comment:PS ID:349 ref:withoptics.ref slowslow2 start 15:37
#
# WaveLength; Reflectance; Raw Intensity; Dark Intensity; Reference Intensity
400; 0.23443298951828; 4224.38128633302; 3869.39; 734.26
401; 0.23758553730713; 4374.19574833317; 4006.64; 746.92
402; 0.237447400984965; 4474.27153665455; 4085.87; 786.28
403; 0.2398823595102; 4588.02587441034; 4170.5; 833.19
404; 0.245248648241243; 4706.47006662684; 4276.9; 834.94
405; 0.256294988285364; 4892.57027798413; 4420.61; 874.39
406; 0.263435141945569; 5016.31933881502; 4512.32; 904.88
407; 0.270505691754503; 5146.44868257371; 4618.2; 920
408; 0.2788428328517; 5282.17831627505; 4719.05; 947.65
409; 0.28704697759021; 5416.36079953799; 4825.46; 962.39
410; 0.289165637153949; 5572.88608813408; 4957.25; 991.61
411; 0.298839518232388; 5689.67103196827; 5054.41; 986.6
412; 0.312619363560016; 5797.46713000806; 5122.07; 999.14
413; 0.311210245114332; 5885.4354947803; 5198.54; 1017.35
414; 0.316261777791512; 6038.11172405268; 5328.84; 1030.24
415; 0.314136159031126; 6128.90118170622; 5407.41; 1051.61
416; 0.322134923190414; 6222.96785667788; 5484.24; 1046.5
417; 0.332163138341844; 6330.82340815321; 5557.11; 1059.45
418; 0.341332194419507; 6507.38147956478; 5686.9; 1089.66
419; 0.340138126280981; 6598.93180627921; 5778.65; 1089.96
420; 0.343270275320437; 6717.40556197381; 5873.63; 1107.63
421; 0.343364540096562; 6859.56600291524; 5999.37; 1125.58
422; 0.358343422710449; 7076.73481169622; 6161.07; 1144.72
423; 0.35549404031167; 7205.42255227595; 6283.37; 1158.5
424; 0.363437948213038; 7379.11646881159; 6410.67; 1186.66
425; 0.35827860085725; 7539.00139068789; 6557.12; 1217.13
426; 0.367394369804483; 7805.44670425847; 6756.41; 1264.66
427; 0.374238724437001; 8000.4687456351; 6894.52; 1305.3
428; 0.384619041152846; 8192.35758972033; 7042.42; 1316.97
429; 0.386707736464179; 8359.76271182778; 7172.4; 1349.15
430; 0.393885157915431; 8598.56945149427; 7362.29; 1375.69
431; 0.395532340888016; 8770.9758438673; 7500.15; 1404.78
432; 0.39637674645916; 8915.5067164907; 7593.7; 1454.39
433; 0.396284899995305; 9031.62612834846; 7693.05; 1469.65
434; 0.395778072627642; 9205.88857933333; 7850.92; 1485.96
435; 0.393117271783568; 9315.92770216739; 7946.36; 1508.87
436; 0.39428535489635; 9423.17207817918; 8021.43; 1536.4
437; 0.39048608893939; 9527.53644748736; 8119.95; 1554.23
438; 0.389487016024126; 9715.30546464824; 8283.29; 1581.59
439; 0.392044013392629; 9820.9224261891; 8354.04; 1605.86
440; 0.390570425667304; 9924.62054116407; 8452.56; 1613.9
441; 0.393071251850353; 10039.4725309535; 8550.95; 1617.96
442; 0.401584903382952; 10258.3281218195; 8688.97; 1665.9
443; 0.401158363479751; 10378.1402677622; 8792.56; 1681.21
444; 0.406802516152943; 10551.030790467; 8949.24; 1671.17
445; 0.406611637198873; 10690.56820539; 9085.03; 1672.09
446; 0.409443355514077; 10921.1376707706; 9265.24; 1708.7
447; 0.403436120223304; 11113.8004954428; 9440.26; 1748.86
448; 0.410295910310673; 11333.8471520231; 9630.23; 1746.72
449; 0.410746314880226; 11660.4812223337; 9885.28; 1814.28
450; 0.409093503100633; 11865.3939803224; 10081.11; 1827.01
451; 0.408914249977559; 12077.3837985607; 10255.69; 1862.38
452; 0.410148607462071; 12308.194081088; 10424.07; 1916.49
453; 0.408682156100432; 12676.3708431639; 10737.48; 1975.37
454; 0.408323623726902; 12948.7535603677; 10963; 2020.88
455; 0.408643133606038; 13184.8832795364; 11156.94; 2058.18
456; 0.409112971343349; 13442.7050923899; 11369.12; 2098.01
457; 0.403785634266002; 13830.7853935624; 11721.72; 2157.98
458; 0.402354217280335; 14108.5137669608; 11971.21; 2190.45
459; 0.401646460156075; 14377.7169932321; 12197.34; 2234.36
460; 0.399679165478188; 14635.6753698966; 12451.85; 2244.7
461; 0.395666041897214; 15004.4061929421; 12770.64; 2315.01
462; 0.391949900650278; 15227.9126874728; 12991.06; 2335.82
463; 0.388443401278494; 15446.1732116241; 13180.57; 2382.87
464; 0.382240801587851; 15810.7706153022; 13511.27; 2453.29
465; 0.380189445939601; 16065.6799560985; 13729.67; 2501.36
466; 0.375408722187071; 16329.3192112432; 13965.54; 2558.83
467; 0.376820435411253; 16604.4961612096; 14207.98; 2580.21
468; 0.368743983998895; 17134.9576311771; 14678.16; 2698.49
469; 0.363793766895578; 17463.5477572814; 14993.1; 2745.87
470; 0.359586439627485; 17814.150084075; 15322.49; 2797.27
471; 0.363253177007674; 18271.5281608917; 15732.43; 2817.13
472; 0.365112399286318; 18993.6013070884; 16372.18; 2888.96
473; 0.357301639372688; 19460.1610449477; 16816.37; 2972.52
474; 0.357616571362429; 20006.9462774673; 17311.54; 3023
475; 0.352950636811637; 20920.279757635; 18143.65; 3150.22
476; 0.349317803363303; 21525.7014010694; 18682.99; 3253.44
477; 0.348198474875134; 22207.3084532921; 19269.42; 3367.82
478; 0.351020838921084; 23025.8916234958; 19967.43; 3472.23
479; 0.339730730022762; 24116.8105578893; 20949.15; 3709.93
480; 0.336368274476164; 24912.7889533544; 21691.29; 3804.75
481; 0.332848664743661; 25674.5667197126; 22361.32; 3948.55
482; 0.333925642222021; 26900.0576100414; 23416.42; 4131.99
483; 0.330029524460459; 27669.0049052185; 24128.61; 4242.65
484; 0.324094255265884; 28384.7725619924; 24824.01; 4338.71
485; 0.320933473352817; 29142.2713620532; 25545.04; 4419.68
486; 0.306288316223773; 30088.3529135949; 26517.16; 4590.47
487; 0.306313721094136; 30756.4325368414; 27144.88; 4634.96
488; 0.301849788170593; 31351.9009170348; 27734.19; 4704.39
489; 0.294519966008068; 31896.4730571343; 28301.4; 4784.45
490; 0.281907456435477; 32671.3542553544; 29129.5; 4917.45
491; 0.277109199638846; 33158.8315122212; 29620.01; 4991.8
492; 0.274632077911059; 33630.0829984966; 30076.82; 5050.77
493; 0.266535187063252; 34244.6766720933; 30727.18; 5145.3
494; 0.261992973025416; 34613.1878765047; 31131.56; 5174.67
495; 0.259006858380447; 34984.5310860431; 31508.11; 5219.97
496; 0.255864710623581; 35552.6705271231; 32056.49; 5307.57
497; 0.253926790180358; 35894.3677363243; 32397.48; 5342.56
498; 0.251319308781975; 36209.3533188519; 32734.99; 5356.59
499; 0.249079385475854; 36589.4673664773; 33093.5; 5431.5
500; 0.242082735014885; 37001.0553394622; 33580.19; 5461.63
501; 0.238652499532283; 37301.411559838; 33912.63; 5481.08
502; 0.234020354302841; 37596.349744522; 34262.4; 5491.88
503; 0.225013520906382; 38025.973880998; 34758.54; 5590.61
504; 0.220938130168936; 38345.1426002617; 35092.98; 5659.87
505; 0.217310715396634; 38702.3610925656; 35469.61; 5713.19
506; 0.212952985504768; 39057.8887012502; 35860.16; 5760.06
507; 0.205486773340218; 39545.1878662201; 36434.09; 5800.95
508; 0.200145784313956; 39882.975002757; 36816.82; 5862.95
509; 0.195395841657414; 40247.9871610893; 37220.5; 5923.17
510; 0.189678712607515; 40820.4651096343; 37815.45; 6049.54
511; 0.188775979984177; 41239.1627626755; 38193.07; 6154.56
512; 0.182819259609889; 41620.7225373012; 38664.27; 6161.05
513; 0.176846497886307; 42163.4145810317; 39275.75; 6213.99
514; 0.17060745873284; 42507.8744752323; 39688.32; 6282.11
515; 0.165197501566514; 42868.4086058725; 40099.69; 6363.71
516; 0.164587160607432; 43263.3392483863; 40486.93; 6397.69
517; 0.157008879964754; 43807.4656965927; 41096.3; 6541.34
518; 0.15324084217082; 44179.7859955702; 41496.14; 6626.65
519; 0.148829157246457; 44558.057765377; 41917.64; 6705.56
520; 0.144402522532442; 45145.3061414874; 42548.12; 6790.4
521; 0.137825923436104; 45496.7929444079; 42977.56; 6893.52
522; 0.132109282986041; 45856.8516690514; 43423.9; 6938.08
523; 0.128261834095762; 46425.1160621632; 44015.23; 7071.04
524; 0.123625670404105; 46813.8940433421; 44459.88; 7158.61
525; 0.121558125921707; 47183.762979448; 44853.54; 7199.39
526; 0.117200731665719; 47702.8785066058; 45445.09; 7227.5
527; 0.116755330475196; 48034.9415684326; 45749.02; 7338.26
528; 0.114975128847761; 48333.9111207132; 46051.59; 7432.64
529; 0.112922744524401; 48573.1623643843; 46325.08; 7446.85
530; 0.112930255199342; 48940.6893143061; 46663.24; 7536.36
531; 0.112138823668468; 49158.1146240467; 46895.43; 7533.44
532; 0.113420915629402; 49390.7077877523; 47103.5; 7522.1
533; 0.112734246950723; 49637.137254221; 47350.71; 7558.38
534; 0.113706145684796; 49810.484240773; 47499.48; 7567.35
535; 0.114504397443423; 50004.3717562424; 47665.71; 7596.56
536; 0.112980480712493; 50275.584388433; 47956; 7628.39
537; 0.112485610675429; 50475.425426053; 48154.07; 7659.54
538; 0.112503731065253; 50662.832743372; 48333.48; 7676.39
539; 0.113704537081847; 50991.2849214113; 48638.4; 7664.33
540; 0.11593705336719; 51206.3103813425; 48781.81; 7737.72
541; 0.118337945050712; 51497.6853794459; 49000.63; 7801.09
542; 0.120106452331323; 51865.8680794498; 49330.89; 7796.44
543; 0.120324527958906; 52112.2843955174; 49574.67; 7784.29
544; 0.121127019169861; 52367.4154249774; 49814.41; 7773.5
545; 0.126770172841089; 52834.9684865181; 50138.07; 7839.71
546; 0.129422217368364; 53192.4129318294; 50409.36; 7917.92
547; 0.129961004504494; 53472.9577433374; 50662.12; 7956.91
548; 0.132142019612735; 54034.6803730987; 51154.89; 8010.79
549; 0.131233758144891; 54314.3147971765; 51448.39; 8020.41
550; 0.131492303618305; 54673.0887957484; 51787.69; 8052.21
551; 0.131972941316892; 55022.7982453762; 52108.28; 8096.98
552; 0.136889918997833; 55577.6968783134; 52532.52; 8149.17
553; 0.136658031957141; 55902.6883806334; 52882.77; 8088.61
554; 0.141649820060642; 56284.7867498754; 53142.48; 8112.9
555; 0.143211851457786; 56833.9441282439; 53645.5; 8135.28
556; 0.143070416063058; 57151.733432801; 53968.23; 8123.54
557; 0.144005553532467; 57495.4428874058; 54277.78; 8150.4
558; 0.153600318997903; 58183.5594180644; 54687.44; 8295.43
559; 0.15708837027031; 58651.9404366258; 55059.41; 8327.75
560; 0.159086737668606; 59117.9273654307; 55464.5; 8355.33
561; 0.161067640317448; 59929.3569503947; 56171.38; 8481.63
562; 0.161084880898159; 60506.0337081843; 56732.23; 8509.08
563; 0.16418826810667; 61146.6815192456; 57284.76; 8536.23
564; 0.166616951670363; 62121.3500499429; 58131.67; 8683
565; 0.16754945875009; 62756.6507027572; 58723.39; 8722.57
566; 0.168605293168949; 63317.7295782821; 59260.3; 8713.46
567; 0.166803050911886; 64010.3413650931; 59968.19; 8768.43
568; 0.169465674087859; 64441.8479564623; 60312.67; 8810.43
569; 0.170412297640624; 64702.710628408; 60536.87; 8832.97
570; 0.176774535109299; 64985.8192840418; 60654.49; 8847
571; 0.177592392257771; 64999.6095520176; 60645.86; 8845.03
572; 0.18057803369197; 65002.399053042; 60593.21; 8802.53
573; 0.182359167566202; 64793.7054218051; 60388.41; 8701.9
574; 0.184540570696265; 64649.4841066684; 60192.1; 8693.52
575; 0.192636105872297; 64503.8645640673; 59917.07; 8563.1
576; 0.19530260423903; 64385.6844225727; 59761.86; 8507.77
577; 0.198923602536525; 64310.448176468; 59641.09; 8428.61
578; 0.202869440260721; 64145.7105669862; 59423.5; 8351.72
579; 0.206165895877318; 64096.7951924659; 59274.96; 8385.25
580; 0.210464297414848; 64058.645565467; 59125.77; 8396.82
581; 0.216618222405445; 64010.8437856498; 58924.46; 8406.26
582; 0.221043202822078; 64002.3278266488; 58842.88; 8350.45
583; 0.223181030619539; 63982.6367347483; 58773.45; 8344.55
584; 0.227288228872041; 63937.7120900886; 58634.76; 8335.83
585; 0.229223579534553; 63907.807475416; 58543.05; 8356.35
586; 0.229113281326378; 63897.0538188696; 58471.96; 8448.9
587; 0.232716612004673; 63852.5782135154; 58404.36; 8348.32
588; 0.23414579337448; 63820.8524635012; 58360.19; 8311.12
589; 0.23607570370307; 63810.6530450251; 58331.89; 8265.55
590; 0.23498447502115; 63792.2977447442; 58337.01; 8263.17
591; 0.235464665503187; 63746.03306452; 58293.38; 8237.16
592; 0.238969348874401; 63837.0065340067; 58296.42; 8242.06
593; 0.242645133665239; 63989.8071896605; 58354.29; 8251.08
594; 0.247142461845266; 64142.7341695523; 58474.67; 8142.58
595; 0.249309614781151; 64440.2800880069; 58691.02; 8182.26
596; 0.251807901865483; 64727.0495009282; 58910.07; 8191.32
597; 0.255094904396851; 65100.3587000347; 59148.04; 8268.66
598; 0.259544247231452; 65763.1245918245; 59669.64; 8314.38
599; 0.262704647280557; 66343.8677812138; 60111.73; 8395.94
600; 0.26528871872302; 66962.1987341346; 60597.36; 8485.8
601; 0.269450142904375; 67942.9206275547; 61431.73; 8541.42
602; 0.268363146818362; 68639.1266807565; 62030.86; 8698.58
603; 0.272599964602486; 69398.4085883442; 62682.2; 8697.72
604; 0.277988591295454; 70498.5432189739; 63509.51; 8869.93
605; 0.280794047879528; 71174.1250341635; 64042.25; 8955.31
606; 0.282939929503228; 71860.9679808725; 64550.97; 9103.79
607; 0.288282769676813; 72720.4828320522; 65111.84; 9294.41
608; 0.287352887578579; 73091.5082669816; 65429.29; 9384.39
609; 0.289051584056445; 73612.4946011385; 65822.24; 9479.31
610; 0.293764762188267; 73879.0879826333; 65955.41; 9481.14
611; 0.293592510415336; 74005.4727381039; 66022.08; 9552.58
612; 0.295858724426628; 74077.9444796815; 66019.65; 9562.45
613; 0.294603470987554; 74029.1913210625; 66016.95; 9542.42
614; 0.29446256382232; 73812.5003179138; 65905.75; 9415.73
615; 0.295955854407394; 73407.592037612; 65585.75; 9262.15
616; 0.297894792340828; 73126.646873476; 65316.88; 9181.97
617; 0.298447618204553; 72522.9031863454; 64768.34; 9095.05
618; 0.297438357800036; 72061.5812336657; 64373.64; 9042.15
619; 0.298441902561689; 71638.2624671913; 63985.54; 8965.65
620; 0.300632547713949; 71005.7911844014; 63448.32; 8784.82
621; 0.304449068317749; 70595.7369626112; 63011.38; 8701.12
622; 0.307652694478879; 70255.5403773058; 62594.57; 8693.06
623; 0.310645184329502; 69709.8973107116; 62070.14; 8581.34
624; 0.312629266723937; 69349.6335642728; 61741.91; 8487.03
625; 0.318130636264742; 68930.5002941593; 61215.67; 8453.6
626; 0.319539665086676; 68602.467528432; 60906.9; 8391.25
627; 0.323874599880101; 68320.9933995116; 60552.71; 8353.36
628; 0.323924188842799; 67781.2724454306; 59996.17; 8366.11
629; 0.322356095771533; 67433.8025571317; 59718.79; 8327.32
630; 0.322313010309242; 67092.6219251537; 59494.05; 8198.99
631; 0.319527322924906; 66564.4700030597; 59130.04; 8088.35
632; 0.32040040055422; 66319.2915179528; 58876.05; 8072.41
633; 0.318968296953022; 65883.3744029289; 58511.89; 8027.04
634; 0.320778045250902; 65690.7948470222; 58308.74; 7989.54
635; 0.320509701405958; 65445.1974428431; 58140.12; 7908.54
636; 0.32054804490844; 65197.336496901; 57915.51; 7878.13
637; 0.320355241103701; 64968.2483096094; 57722.82; 7838.74
638; 0.318976155706098; 64787.9817913575; 57474.46; 7941.82
639; 0.32100317299518; 64587.7017207675; 57165.91; 8003.89
640; 0.319934713843713; 64407.0945551034; 57008.09; 8001.12
641; 0.321691887420531; 64132.6296966382; 56758.58; 7926.46
642; 0.323389687890205; 63943.4293628196; 56539.98; 7912.17
643; 0.324497593443442; 63795.2821709467; 56371.02; 7903.44
644; 0.324699773475079; 63489.5421913396; 56100.39; 7857.3
645; 0.326978916172208; 63388.8097220496; 55952.09; 7849.35
646; 0.331984380577447; 63201.2977002871; 55757.04; 7735.25
647; 0.336072753736452; 63086.6482000671; 55605.78; 7675.61
648; 0.339599972536758; 62940.7402458789; 55421.19; 7632.06
649; 0.343881310520783; 62811.7339849766; 55233.83; 7592.22
650; 0.345220145029576; 62713.3117713712; 55116.84; 7578
651; 0.348188445150918; 62578.7984576087; 54970.38; 7521.71
652; 0.350613412499143; 62477.5394146509; 54836.02; 7498.47
653; 0.353520616949414; 62372.8089860733; 54697.14; 7466.34
654; 0.357015555350804; 62239.3476278429; 54559.48; 7393.84
655; 0.353187788570504; 62065.7462372326; 54465.02; 7393.93
656; 0.352106123863458; 61867.076571042; 54312.69; 7368.41
657; 0.350921301082645; 61744.7014063581; 54258.2; 7324.28
658; 0.350703655354792; 61618.4679467324; 54165.73; 7293.21
659; 0.344473822761078; 61386.7818589392; 54053.82; 7302.78
660; 0.342769190442959; 61241.09486166; 53974.86; 7269.33
661; 0.338977491065957; 61029.7104456768; 53820.55; 7288.84
662; 0.335092703019759; 60871.1067158783; 53704.12; 7326.33
663; 0.335049259125101; 60818.8609694804; 53597.59; 7378.87
664; 0.332186787027954; 60656.3026826882; 53483.1; 7388.78
665; 0.334808656522499; 60554.4292611015; 53326.55; 7383.97
666; 0.336576857664281; 60391.4023628847; 53150.66; 7355.43
667; 0.341010959408041; 60308.5879358719; 52998.89; 7326.55
668; 0.344277994730852; 60226.6830859893; 52847.85; 7323.5
669; 0.348427884933461; 60074.0826551232; 52664.94; 7263.21
670; 0.350486017408112; 59977.1385080434; 52553.29; 7232.11
671; 0.351558134714011; 59697.9161390236; 52404.63; 7079.27
672; 0.350144097468287; 59517.7179553864; 52310.27; 7020.25
673; 0.347737106906506; 59316.9548973174; 52154.03; 7021.01
674; 0.345516654258026; 59014.5989962523; 51884.46; 7029.82
675; 0.346828478539195; 58795.6737510425; 51726.62; 6940.14
676; 0.340996637997369; 58420.2286166681; 51487.64; 6919.48
677; 0.340699972994614; 58148.531267302; 51264.41; 6874.84
678; 0.341087917322748; 57668.4819064141; 50861.27; 6787.88
679; 0.34175212710217; 57408.5214224139; 50607.72; 6765.89
680; 0.341696837913291; 57132.3715590481; 50288.84; 6807.27
681; 0.336205529439397; 56637.1502275179; 49879.04; 6829.65
682; 0.334471970996942; 56306.5252706649; 49603.29; 6806.66
683; 0.332764938609115; 55904.5983404586; 49190.55; 6849.95
684; 0.33120209283485; 55599.4395761517; 48851.84; 6914.18
685; 0.328829295291014; 55160.6364967938; 48496.41; 6875.35
686; 0.326626725790105; 54872.4184855966; 48259.88; 6865.56
687; 0.3243701598179; 54559.4719023552; 48015.34; 6839.14
688; 0.324171562682633; 54104.8070470464; 47660.66; 6736.35
689; 0.326478234947376; 53871.3857753218; 47430.35; 6683.12
690; 0.322998612520179; 53424.9127052056; 47114.92; 6615.1
691; 0.321465841377324; 53108.4826982026; 46875.41; 6563.05
692; 0.322374238908; 52826.7228176677; 46671.62; 6460.16
693; 0.321534807612577; 52396.2834567295; 46240.6; 6475.1
694; 0.323374056314646; 52131.1039189521; 45936.72; 6476.21
695; 0.323550116434949; 51700.7403846627; 45505.74; 6470.6
696; 0.321702705646147; 51379.6768066988; 45255.77; 6430.36
697; 0.323201530935645; 50909.4326141867; 44881.07; 6297.83
698; 0.323024991956653; 50615.6644990203; 44617.46; 6267.1
699; 0.321878947736953; 50141.1087296731; 44279.79; 6143.47
700; 0.322408510303631; 49843.091763963; 44098.54; 6008.83
701; 0.322192761184609; 49599.0810724289; 43886.31; 5977.78
702; 0.315667933340598; 49168.3708704188; 43667.22; 5873.37
703; 0.320222961598295; 48972.048794952; 43450.12; 5809.93
704; 0.318679832407913; 48596.1621691386; 43177.28; 5727.38
705; 0.316922268765764; 48315.4533521896; 42984.61; 5663.34
706; 0.312506058813121; 47940.0730827628; 42694.41; 5649.54
707; 0.312491732132631; 47766.0886728714; 42461.28; 5711.07
708; 0.30981009103005; 47493.4488092028; 42219.65; 5724.39
709; 0.303842910446591; 47058.2495183134; 41899.34; 5707.57
710; 0.303353261987039; 46781.4461364299; 41648.14; 5686.33
711; 0.293384606090753; 46289.6971328617; 41364.18; 5640.34
712; 0.291932528873555; 45983.2189735006; 41116.32; 5599.74
713; 0.287069917410851; 45513.4447960842; 40762.56; 5557.66
714; 0.288437040215794; 45191.3023519211; 40520.22; 5437.41
715; 0.286102650140025; 44716.2559953779; 40202.88; 5294.92
716; 0.286599822911642; 44396.6844430115; 39932.78; 5226.2
717; 0.283909147519575; 43986.4942818281; 39629.07; 5147.84
718; 0.281950297003114; 43414.8309589833; 39183.73; 5031.33
719; 0.283853991019255; 43021.1170570836; 38793.68; 4991.12
720; 0.283389392624168; 42436.3661517145; 38280.05; 4913.24
721; 0.280441464903514; 42096.3436340037; 37997.72; 4894.17
722; 0.277720406425343; 41499.6308361213; 37461.34; 4867.58
723; 0.277133159510332; 41109.2398555158; 37089.11; 4854.17
724; 0.27479524555331; 40594.8978609212; 36612.24; 4848.05
725; 0.275965797530449; 40359.9508143673; 36385.09; 4816.26
726; 0.273102256987741; 40063.5667183978; 36131.54; 4812.54
727; 0.269185265416587; 39917.9188055448; 36040.6; 4812.86
728; 0.265606246938948; 39744.9791440917; 35923.5; 4805.84
729; 0.263397261412155; 39571.9937729987; 35794.86; 4788.58
730; 0.258171586171599; 39466.8231337687; 35804.98; 4735.07
731; 0.25007869109727; 39395.5527233732; 35898.6; 4667.75
732; 0.249174793637579; 39404.8781963763; 35931.8; 4652.12
733; 0.247305247080423; 39389.4662077685; 35937.66; 4658
734; 0.24510072614198; 39343.1211371568; 35940.73; 4632.18
735; 0.24170892423596; 39270.3748338548; 35910.34; 4637.56
736; 0.241819081411032; 39223.0131455183; 35853.79; 4646.83
737; 0.239871186972288; 39150.9693460613; 35763.82; 4707.89
738; 0.241011440072838; 39086.5234372546; 35686.23; 4702.2
739; 0.240044171346798; 38945.6942871262; 35566.35; 4690.32
740; 0.235661082377323; 38819.6268939674; 35518.53; 4665.2
741; 0.235274392196647; 38764.6733820763; 35438.57; 4706.66
742; 0.237114465038101; 38750.0563805223; 35376.98; 4734.62
743; 0.235853829099542; 38748.1769914168; 35384.87; 4744.52
744; 0.235070193430498; 38896.9683564139; 35557.26; 4725.32
745; 0.232763913644191; 39026.732477702; 35711.59; 4735.27
746; 0.229921079686443; 39229.0785508826; 35904.99; 4804.96
747; 0.230698971344383; 39423.0368848482; 36064.38; 4836.75
748; 0.229837934980241; 39618.3157698312; 36277.22; 4827.83
749; 0.22555465624133; 39648.3762408805; 36375.65; 4817.49
750; 0.223993335059203; 39604.8207790052; 36374; 4787.76
751; 0.22495615022021; 39537.5368859604; 36336.55; 4723.1
752; 0.220691117254979; 39203.5964800888; 36099.96; 4667.67
753; 0.218759764482288; 38909.884301771; 35843.88; 4651.64
754; 0.209509882697155; 38279.0807979038; 35400.69; 4559.52
755; 0.20539636261714; 37834.0920149469; 35033.68; 4523.71
756; 0.202251517722417; 37167.012502248; 34423.24; 4499.87
757; 0.197128105981813; 36692.1418530562; 34033.43; 4471.88
758; 0.197519173433663; 36083.5956505105; 33441.09; 4434.02
759; 0.192950251313749; 35632.7540307216; 33053.61; 4428.1
760; 0.193361988868743; 35244.8009351979; 32681.41; 4389.62
761; 0.194889840997919; 34655.7876028066; 32094.24; 4350.03
762; 0.196824360580502; 34328.602952355; 31738.87; 4352.62
763; 0.192911997371932; 33752.2408884313; 31268.89; 4256.73
764; 0.191200063484036; 33388.5099009627; 30955.78; 4205.71
765; 0.186092968110649; 32851.1503444419; 30523.94; 4133.31
766; 0.179176199894028; 32489.8859488654; 30282.24; 4071.93
767; 0.178843136257178; 32009.3610954307; 29889.65; 3917.14
768; 0.172816638189379; 31670.2436263945; 29645; 3873.2
769; 0.167777192638648; 31200.4665961067; 29266.15; 3810.18
770; 0.162607722631188; 30882.4713755388; 29018.85; 3787.39
771; 0.160300745048407; 30512.7935450374; 28680.35; 3776.08
772; 0.158856478435211; 30245.8551807279; 28446.72; 3739.62
773; 0.163778847376131; 29897.7481384175; 28058.77; 3705.92
774; 0.16180307447251; 29639.2078707542; 27829.59; 3689.54
775; 0.1626048271211; 29269.0195257189; 27439.76; 3709.91
776; 0.165195499564048; 29062.7713076944; 27237.96; 3641.47
777; 0.164953512634884; 28732.5502149323; 26913.56; 3634.26
778; 0.167422076227275; 28541.8876737309; 26715.7; 3593.82
779; 0.165626733612183; 28182.3292902021; 26401.43; 3541.9
780; 0.164519520597458; 27983.6480030216; 26209.45; 3551.42
781; 0.157325607838967; 27649.0103564143; 25959.69; 3535.36
782; 0.156275786586281; 27454.3134297093; 25778.2; 3530.39
783; 0.155372143898606; 27128.4151628178; 25494.21; 3461.37
784; 0.153517665718924; 26919.7615617865; 25318.31; 3432.1
785; 0.149840612958466; 26595.2692940559; 25049.77; 3392.5
786; 0.147976575261963; 26413.1210368265; 24888.1; 3388.75
787; 0.145979294836528; 26093.5317751221; 24582.52; 3402.48
788; 0.14212392507471; 25885.886470815; 24429.24; 3367.97
789; 0.138897130986145; 25569.5007846344; 24166.33; 3318.75
790; 0.136097074387831; 25363.0277675103; 23986.74; 3321.19
791; 0.128651986397046; 25038.1870373444; 23719.03; 3366.69
792; 0.12841120482739; 24862.3697904144; 23546.07; 3364.95
793; 0.128294310307468; 24562.9800825742; 23263.87; 3323.4
794; 0.125727150410192; 24363.1536725745; 23096.99; 3304.73
795; 0.127010110698614; 24104.3140172357; 22857.12; 3222.13
796; 0.128513616392114; 23877.8555798549; 22628.84; 3188.88
797; 0.130858481248005; 23716.6830183308; 22457.2; 3157.88
798; 0.13266527102217; 23487.2124292262; 22251.53; 3055.91
799; 0.132140025780427; 23337.6176986529; 22129.09; 3000.25
800; 0.126600247102394; 23079.8908171418; 21918.26; 3009.63
801; 0.127643377798152; 22906.4629547465; 21741.23; 2993.24
802; 0.128822462463061; 22672.8478620123; 21479.09; 3037.38
803; 0.125882959402792; 22499.1049091163; 21336.34; 3026.35
804; 0.121318941756585; 22279.782476113; 21187.49; 2948.75
805; 0.120569569608296; 22112.6978863424; 21034.56; 2927.88
806; 0.116466917229964; 21866.1762350106; 20836.79; 2893.22
807; 0.11607431552899; 21730.8233630271; 20715.72; 2862.27
808; 0.116848068685426; 21537.216374276; 20539.9; 2792.96
809; 0.118407469129086; 21423.541725507; 20424.64; 2760.03
810; 0.119547211233339; 21209.8686155171; 20224.7; 2695.53
811; 0.118389681193283; 21071.8619920734; 20091.86; 2706.83
812; 0.112823048884513; 20812.6338034156; 19884.31; 2689.74
813; 0.108182420966422; 20676.2221540904; 19793.26; 2667.28
814; 0.110524241909193; 20514.3927349623; 19615.6; 2656.72
815; 0.10879455587729; 20379.3931382566; 19510.51; 2608.64
816; 0.105687462424112; 20168.2990138268; 19316.71; 2631.29
817; 0.102720258404526; 19985.0373063856; 19151.29; 2650.15
818; 0.105099934563993; 19874.3882807283; 19034.43; 2609.02
819; 0.112657275091269; 19706.9909309914; 18814.23; 2586.51
820; 0.112733796998463; 19575.4930548522; 18689.96; 2563.25
821; 0.107749379552776; 19350.7487442796; 18518.27; 2520.42
822; 0.103889727313066; 19198.9937866496; 18404.2; 2495
823; 0.103807217172586; 19038.8180562109; 18260.87; 2443.43
824; 0.103372553395168; 18922.6509359432; 18158.8; 2408.62
825; 0.10275219725508; 18761.0087143223; 18009.86; 2382.79
826; 0.0975528502218148; 18637.4001215993; 17931.53; 2358.5
827; 0.0913909656576462; 18462.4550331743; 17798.05; 2369.86
828; 0.0945223985615145; 18372.5708597646; 17684; 2374.92
829; 0.0926303260866367; 18217.9978188385; 17555.02; 2333.13
830; 0.0850880115074156; 18021.4469732049; 17403.79; 2366.16
831; 0.083132067715001; 17906.0518976566; 17305.83; 2352.33
832; 0.076811527953682; 17741.5355792238; 17198.16; 2303.66
833; 0.0735103415017307; 17630.2674799253; 17119.37; 2262.14
834; 0.0676283632973281; 17476.662168604; 17011.62; 2237.18
835; 0.0661925923243288; 17383.9865867395; 16937.08; 2196
836; 0.0625465519670424; 17227.8476206403; 16817.17; 2135.06
837; 0.0665389413713522; 17164.0451696524; 16729.78; 2122.5
838; 0.0680990055431937; 17020.7997201879; 16579.8; 2106.31
839; 0.0669210437909925; 16854.3425815789; 16431.87; 2054.8
840; 0.0694742466643891; 16784.8096691182; 16338.43; 2091.29
841; 0.0741785058056204; 16656.1263856125; 16176.85; 2105.39
842; 0.0701921339087804; 16553.367321954; 16100.15; 2103.51
843; 0.0724693134932863; 16433.1693690002; 15963.29; 2111.77
844; 0.0670774641934191; 16320.5548204815; 15892.03; 2080.25
845; 0.0707802065071341; 16171.5776912928; 15721.29; 2071.01
846; 0.0680720460353873; 16076.0035940369; 15640.73; 2081.13
847; 0.0640659015340937; 15920.9616201135; 15512.12; 2076.45
848; 0.0593783211896864; 15756.030998231; 15379; 2065.59
849; 0.057969620070419; 15651.1454894684; 15291.55; 2017.42
850; 0.0587018315691; 15479.0016702521; 15122.34; 1975.49
851; 0.057499185703914; 15379.9441102935; 15033.42; 1959.04
852; 0.0529960920475521; 15208.886366206; 14892.72; 1938.79
853; 0.0483325829632523; 15103.9351986458; 14821.77; 1896.81
854; 0.0504441609516407; 14955.875371201; 14666.47; 1863.56
855; 0.055058425820434; 14788.7920853557; 14480.87; 1816.21
856; 0.0565265349750296; 14695.2677165081; 14373.72; 1846.96
857; 0.0613999138198018; 14544.1235765103; 14195.76; 1841.75
858; 0.0611285086606215; 14435.9796360114; 14085.44; 1861.12
859; 0.0633186400279149; 14278.7988408564; 13917.36; 1852.25
860; 0.070681542430587; 14208.308773556; 13810.98; 1823.65
861; 0.0684296815528238; 14043.6569739248; 13662.8; 1805.22
862; 0.0577597162390999; 13854.4299185737; 13537.19; 1781.11
863; 0.0568318271721631; 13745.0074640621; 13438.2; 1750.32
864; 0.0511413881654135; 13555.7518872445; 13288.14; 1696.2
865; 0.040568103509547; 13414.5734752489; 13208.2; 1648.65
866; 0.0388324299843211; 13244.8935044206; 13052.04; 1609.19
867; 0.0274790734311766; 12975.4077300211; 12842.9; 1562.12
868; 0.0258216023263454; 12809.2323508382; 12685.62; 1550.49
869; 0.0248697913137929; 12568.8092874945; 12452.22; 1518.07
870; 0.0253116690153683; 12426.4514758139; 12312.23; 1460.99
871; 0.0219408489891657; 12154.4818431965; 12058.87; 1410.52
872; 0.0303273682015743; 12007.9984308303; 11877.36; 1394.03
873; 0.0392472551313814; 11768.9842096308; 11599.66; 1395.92
874; 0.046675063258753; 11544.2556767282; 11341.58; 1404.65
875; 0.0519210567103585; 11421.2650794044; 11199.45; 1381.7
876; 0.0591453798524731; 11210.0345491074; 10955.32; 1392.56
877; 0.0591376536491183; 11057.9867250131; 10806.42; 1375.26
878; 0.0616078170949565; 10864.6474462467; 10606.06; 1356.65
879; 0.0662817643487603; 10724.6461762175; 10447.83; 1349.61
880; 0.0622456289691565; 10620.6202488001; 10366.94; 1316.75
881; 0.0603354110967375; 10485.9736052541; 10243.98; 1295.56
882; 0.0537815948152662; 10400.401177322; 10190.2; 1262.24
883; 0.0502678929408398; 10286.4572449167; 10089.13; 1267.51
884; 0.0580320476604147; 10218.2439356354; 9988.4; 1278.6
885; 0.061005619463981; 10157.0966109114; 9913.56; 1288.44
886; 0.0610718210230837; 10053.2552262247; 9804.76; 1312.99
887; 0.0602624940196536; 10007.9051204269; 9763.04; 1310.97
888; 0.0696689209808571; 9973.95584144212; 9696.05; 1286.81
889; 0.0778799666288137; 9946.07302250488; 9644.06; 1250.79
890; 0.0778946320034776; 9927.81742687645; 9630.85; 1229.46
891; 0.0802822875233266; 9903.61230531062; 9604.7; 1200.51
892; 0.0744586058842867; 9908.80011058406; 9632.5; 1196.29
893; 0.072342308904869; 9959.75016869478; 9695.44; 1177.7
894; 0.0708166648135662; 10033.9656646322; 9773.06; 1187.38
895; 0.0679985402613491; 10083.076062356; 9825.7; 1219.66
896; 0.0631603065431502; 10194.9562142602; 9951.28; 1242.99
897; 0.0605231122080901; 10280.8429783398; 10040.59; 1278.76
898; 0.0555895579215505; 10455.7049840126; 10233.74; 1286.06
899; 0.0633724404958884; 10666.277039289; 10407.18; 1316.62
900; 0.0605904898284243; 10770.7452334294; 10519.34; 1335.97
901; 0.0611234708907486; 10926.2131815348; 10674.23; 1327.19
902; 0.0607285546397982; 11052.5423480653; 10803.41; 1320.49
903; 0.0630938354156936; 11108.4184917693; 10845.48; 1341.2
904; 0.0680346587929786; 11160.1426887257; 10871.89; 1363.32
905; 0.0746894751311731; 11162.9142788811; 10842.71; 1379.32
906; 0.0725854256731207; 11086.7710934244; 10775.52; 1379.39
907; 0.0725859221648843; 10966.9950633058; 10665.88; 1334.24
908; 0.0707072739790699; 10848.7208197031; 10561.98; 1304.09
909; 0.0752876134166304; 10637.0868724277; 10342.42; 1258.44
910; 0.0771479812624311; 10383.7178697874; 10084.23; 1247.98
911; 0.0807154753345592; 10184.7760582939; 9884.34; 1196.4
912; 0.0745668828308237; 9818.62333329844; 9558.26; 1122.13
913; 0.0736619703720368; 9551.92774082225; 9303; 1085.88
914; 0.0767509381034044; 9173.67413771018; 8920.23; 1060.91
915; 0.0755651982832111; 8793.42202719886; 8545.32; 1054.67
916; 0.070535212139684; 8541.86604023198; 8311.13; 1050.62
917; 0.0680115786175103; 8182.27334641999; 7972.82; 988.97
918; 0.0624159319763586; 7853.9270509157; 7671.41; 938.89
919; 0.0583837856601782; 7651.82030964602; 7486.3; 910.14
920; 0.0673924117738538; 7381.19632920762; 7193.89; 892.14
921; 0.0722985815361191; 7114.9848609058; 6920.81; 861.98
922; 0.065545249184765; 6919.98101334364; 6748.05; 841.79
923; 0.0672658103387719; 6660.53075011361; 6496.05; 784.61
924; 0.0640129997855507; 6487.79884791403; 6335.94; 761.11
925; 0.0742184876540098; 6248.61818411946; 6077.93; 737.75
926; 0.0722380040902975; 5978.68429728414; 5815.14; 726.18
927; 0.0681217449501638; 5817.5136525911; 5665.7; 714.73
928; 0.0580470284670482; 5559.94378414438; 5437.06; 678.85
929; 0.0575448253676612; 5292.75737483923; 5175.42; 653.78
930; 0.0579927514422816; 5113.85404330034; 4999.79; 630.57
931; 0.044110245398676; 4806.60682475597; 4725.43; 589.92
932; 0.0359504154521021; 4464.82623411407; 4403.79; 544.16
933; 0.0264047359289827; 4213.71082268391; 4171.45; 512.91
934; 0.0377102184180499; 3828.04316290991; 3774.84; 452.07
935; 0.034768650565718; 3402.26176933689; 3360.06; 388.89
936; 0.0368850656145176; 3126.3064177034; 3086.68; 344.16
937; 0.039967119806548; 2695.57336648956; 2658.99; 293.19
938; 0.0488806209211922; 2292.34036159922; 2252; 264.31
939; 0.0401400615702076; 2053.99112973844; 2024.61; 234.4
940; 0.0619895987172024; 1771.98102743065; 1733.22; 200.21
941; 0.0583470575790346; 1567.55923778084; 1538.72; 158.24
942; 0.0600187384932839; 1466.26824144144; 1438.65; 147.3
943; 0.0579731798508298; 1358.04344413426; 1334.26; 131.31
944; 0.0737743651479558; 1318.593756611; 1289.05; 128.16
945; 0.0797385628579086; 1313.51026985296; 1279.67; 135.8
946; 0.106661575119243; 1344.16873445738; 1299.75; 133.24
947; 0.122913519078011; 1393.80032272178; 1341.65; 135.73
948; 0.130389836454385; 1434.31719374535; 1372.3; 152.14
949; 0.137086670390286; 1505.04531053488; 1429.17; 177.02
950; 0.147359750599938; 1602.34719789478; 1522.48; 173.32
951; 0.162605798725382; 1671.50802015046; 1580.34; 179.27
952; 0.16379515544513; 1766.69497089921; 1680.01; 169.2
953; 0.168397265774362; 1863.41078790395; 1761.43; 193.59
954; 0.167958697924692; 1922.34076556547; 1813.87; 206.42
955; 0.128239880265174; 1990.43189891637; 1902.81; 218.36
956; 0.121573766878926; 2082.02064385943; 2005.39; 201.42
957; 0.0988256186991996; 2127.66764978774; 2063.96; 205.97
958; 0.0858296674761241; 2190.43167825324; 2131.01; 221.18
959; 0.0904663404945201; 2261.54649380439; 2196.72; 228.9
960; 0.0826491031116369; 2305.92612659998; 2252.42; 206.77
961; 0.0613416301725554; 2352.81872454933; 2309.05; 227.87
962; 0.0769036249068894; 2404.89261284937; 2346.14; 243.95
963; 0.0831426205297159; 2428.91054521625; 2362.87; 253.6
964; 0.0986178690828008; 2466.46269210196; 2387.56; 255.42
965; 0.0897247241804679; 2489.01704776045; 2411.05; 277.37
966; 0.0951352713439962; 2509.30570688822; 2422.73; 290.45
967; 0.112655056153522; 2524.82142284709; 2412.51; 318.15
968; 0.116021905978444; 2537.28914260943; 2424.46; 310.3
969; 0.122815379068456; 2545.77720487021; 2433.22; 292.4
970; 0.113254822330812; 2531.45215787683; 2425.52; 298.38
971; 0.119651848689678; 2524.15765207648; 2406.15; 314.58
972; 0.134012340696454; 2518.32035625254; 2389.96; 305.48
973; 0.124440489441292; 2506.52146709979; 2390.88; 296.34
974; 0.123181751721743; 2482.24825134334; 2376.55; 273.6
975; 0.129525167495272; 2470.17773618131; 2360.35; 270.33
976; 0.125221112355516; 2456.2489408665; 2346.14; 280.3
977; 0.136642380472906; 2457.57583621028; 2340.7; 272.63
978; 0.137082441019348; 2430.50628786393; 2312.92; 273.37
979; 0.138468108282647; 2409.54046558444; 2292.47; 269.42
980; 0.148889152088627; 2397.99590478297; 2271.21; 271.32
981; 0.133984219620137; 2360.67713227791; 2242.64; 280.66
982; 0.144787511497238; 2327.34303179196; 2202.63; 274.38
983; 0.149314706930735; 2309.27584226191; 2191.33; 251.59
984; 0.165417289572863; 2276.34147150608; 2150.38; 242.5
985; 0.159184288775404; 2237.25935132653; 2126.43; 221.7
986; 0.152421566848567; 2194.05707188033; 2089.99; 217.38
987; 0.12397433847837; 2152.57552860688; 2070.96; 209.58
988; 0.141479717606999; 2118.37306395557; 2031.15; 196.24
989; 0.13148744254519; 2077.13180367142; 2001.59; 182.85
990; 0.13242259352013; 2047.32875987302; 1964.58; 198.86
991; 0.120851537569258; 1999.28970731391; 1922.47; 202.26
992; 0.129005126255192; 1965.73078487792; 1892.5; 180.6
993; 0.15429417351786; 1934.16517745459; 1843.17; 187.61
994; 0.161502733235398; 1914.3061156422; 1823.97; 177.92
995; 0.16751613234193; 1881.91839298669; 1786.35; 181.45
996; 0.176847416898604; 1843.65599699058; 1743.39; 180.3
997; 0.172682240023544; 1806.1784211645; 1714.96; 167.97
998; 0.170039763906885; 1778.43466000004; 1691.86; 161.88
999; 0.163514564950735; 1734.1265467219; 1639.65; 183.68
1000; 0.159739890706477; 1697.16245415856; 1609.32; 174.8
1001; 0.160030946325862; 1666.04534169319; 1574.59; 181.64
1002; 0.173590643719604; 1631.72476259266; 1536.62; 174.11
1003; 0.15511516744745; 1590.0364412919; 1503.2; 177.89
1004; 0.149837581265918; 1541.50997763734; 1462.01; 168.58
1005; 0.141121162573639; 1513.03313132077; 1442.35; 159.12
1006; 0.143087401204127; 1481.87283836077; 1418.13; 141.51
1007; 0.128142745140688; 1442.16250352619; 1387.48; 135.54
1008; 0.111721658814648; 1408.30065425831; 1361.78; 132.24
1009; 0.106911927904197; 1382.74396706835; 1342.09; 120.75
1010; 0.116679234514093; 1351.14426984743; 1308.87; 115.04
1011; 0.119399126103352; 1325.15071635156; 1283.94; 109.58
1012; 0.120623991648913; 1295.41404990901; 1251.78; 114.83
1013; 0.127827393690721; 1275.17767013867; 1226.98; 119.68
1014; 0.136043772560154; 1240.47046414435; 1191.45; 114.36
1015; 0.186218285698375; 1224.65369385566; 1162.48; 105.95
1016; 0.157584419965324; 1188.18083245519; 1141.02; 94.96
1017; 0.177481906410444; 1174.50004150308; 1125.72; 87.2
1018; 0.163425419101261; 1143.36992191869; 1093.11; 97.56
1019; 0.157109487020874; 1105.65887764682; 1062.77; 86.59
1020; 0.176601318953132; 1080.95719590931; 1039.53; 74.4
1021; 0.163675731356411; 1064.31481098818; 1027.85; 70.65
1022; 0.0977554992852355; 1021.75092918144; 1001.12; 66.92
1023; 0.10562170833945; 994.881266623154; 969.14; 77.27
1024; 0.0198368243760985; 958.327708555238; 953.82; 72.04
1025; 0.0526609341222606; 943.944750638351; 932.44; 69.25
1026; 0.056168015166224; 922.428643474708; 909.32; 73.97
1027; 0.0394209559665949; 900.785423505305; 891.7; 73.04
1028; 0.0369490630983664; 876.318739479188; 867.22; 78.03
1029; 0.0754369841972182; 865.555442081863; 845.82; 82.89
1030; 0.0829077863195047; 844.16262083713; 820.39; 90.84
1031; 0.137988057431933; 827.740131944148; 787.28; 92.88
1032; 0.121332048903225; 804.587925800444; 774.62; 78.23
1033; 0.162433660774963; 790.319157724024; 749.98; 78.65
1034; 0.190661399311464; 777.665066991375; 726; 85.81
1035; 0.159832066946784; 746.690572062377; 702.83; 86.89
1036; 0.129847444274364; 727.025743744195; 698.12; 70.48
1037; 0.136652170914156; 710.995784740961; 685.86; 58.23
1038; 0.105678174143925; 702.505037981198; 684.37; 54.32
1039; -0.287621392931557; 698.746210755616; 735.85; 40.83
1040; 0.234215106653938; 655.21120137882; 710.26; -74.38
1041; -0.647244131443476; 616.781916998282; 684.65; 33.18
