# 08/03/2019 17:36:14
# NanoCalc data
# Original file name: C:\SVA_DATA\StudentProjects\2018_Nathan\PSswelling_080319\PSswelling2_723.dat
# Fit Result : Fitness; Thickness 1; Thickness 2; Thickness 3 
# Fit Result : 11.812106373112; 2; 272.9; -1
# comment:PS ID:349 ref:withoptics.ref slowslow2 start 15:37
#
# WaveLength; Reflectance; Raw Intensity; Dark Intensity; Reference Intensity
400; 0.527651993681305; 4668.38957918893; 3869.39; 734.26
401; 0.512717605477277; 4799.83770597475; 4006.64; 746.92
402; 0.496519719933033; 4898.0457551412; 4085.87; 786.28
403; 0.486440109563972; 5017.17056180645; 4170.5; 833.19
404; 0.489439679307017; 5134.18764320414; 4276.9; 834.94
405; 0.478674639237512; 5302.07638102401; 4420.61; 874.39
406; 0.467539848912554; 5406.80876479163; 4512.32; 904.88
407; 0.471069317540164; 5538.11316255676; 4618.2; 920
408; 0.464974777719066; 5658.0752602496; 4719.05; 947.65
409; 0.46178834901439; 5776.07479810976; 4825.46; 962.39
410; 0.468492291918492; 5954.6740534124; 4957.25; 991.61
411; 0.469154009384021; 6051.71872916741; 5054.41; 986.6
412; 0.470131418138183; 6137.76335603931; 5122.07; 999.14
413; 0.468942226693424; 6233.57759238266; 5198.54; 1017.35
414; 0.462686918264348; 6366.49542110598; 5328.84; 1030.24
415; 0.458066719471835; 6459.47321918287; 5407.41; 1051.61
416; 0.45901749999645; 6536.87040278803; 5484.24; 1046.5
417; 0.463127425868903; 6635.88081384474; 5557.11; 1059.45
418; 0.443790319684361; 6753.66646406121; 5686.9; 1089.66
419; 0.443480481521572; 6848.15365843898; 5778.65; 1089.96
420; 0.434330510841013; 6941.23619026843; 5873.63; 1107.63
421; 0.421573241753024; 7055.4942503084; 5999.37; 1125.58
422; 0.419302413104548; 7232.50159552109; 6161.07; 1144.72
423; 0.413023921375619; 7354.63904440234; 6283.37; 1158.5
424; 0.404453791518936; 7488.41063803698; 6410.67; 1186.66
425; 0.389411387096527; 7624.32243240087; 6557.12; 1217.13
426; 0.377850662868223; 7835.30300069595; 6756.41; 1264.66
427; 0.368898011904139; 7984.68589383268; 6894.52; 1305.3
428; 0.366445281477639; 8138.02151386089; 7042.42; 1316.97
429; 0.364450986407548; 8291.42470714925; 7172.4; 1349.15
430; 0.355557822381494; 8478.27221155281; 7362.29; 1375.69
431; 0.348320215471245; 8619.28562053731; 7500.15; 1404.78
432; 0.337622547142283; 8719.57772728325; 7593.7; 1454.39
433; 0.334119284847502; 8821.64233022259; 7693.05; 1469.65
434; 0.327861288171436; 8973.37163281191; 7850.92; 1485.96
435; 0.317138077990619; 9051.22640989543; 7946.36; 1508.87
436; 0.305669583621723; 9108.13005634553; 8021.43; 1536.4
437; 0.298894327974487; 9197.37533525447; 8119.95; 1554.23
438; 0.287976092707484; 9342.08323633358; 8283.29; 1581.59
439; 0.289193760048822; 9436.09515168604; 8354.04; 1605.86
440; 0.283784494809593; 9522.1442018495; 8452.56; 1613.9
441; 0.281378743827807; 9616.50388608918; 8550.95; 1617.96
442; 0.272876629289722; 9755.34762232357; 8688.97; 1665.9
443; 0.266629930443058; 9846.41602044582; 8792.56; 1681.21
444; 0.265039505303925; 9992.83688509436; 8949.24; 1671.17
445; 0.257305199032411; 10101.0199267466; 9085.03; 1672.09
446; 0.247514817539475; 10266.2556577831; 9265.24; 1708.7
447; 0.234361696626828; 10412.4431294347; 9440.26; 1748.86
448; 0.228810763936853; 10580.290510511; 9630.23; 1746.72
449; 0.222338683252134; 10846.2037818636; 9885.28; 1814.28
450; 0.216467184597946; 11025.2436193711; 10081.11; 1827.01
451; 0.212257642545523; 11201.2878390177; 10255.69; 1862.38
452; 0.208730391778598; 11382.927229916; 10424.07; 1916.49
453; 0.205956994570556; 11714.5917356058; 10737.48; 1975.37
454; 0.198244454483113; 11927.0995730785; 10963; 2020.88
455; 0.198184873839103; 12140.4575241076; 11156.94; 2058.18
456; 0.196277605285306; 12363.9511219593; 11369.12; 2098.01
457; 0.185089281201671; 12688.4839573443; 11721.72; 2157.98
458; 0.182433768455683; 12940.2973459132; 11971.21; 2190.45
459; 0.177128454987722; 13158.8990983969; 12197.34; 2234.36
460; 0.177038055324139; 13419.1763708691; 12451.85; 2244.7
461; 0.168103923556019; 13719.6849560438; 12770.64; 2315.01
462; 0.15935924880636; 13900.5210392164; 12991.06; 2335.82
463; 0.16063780632292; 14117.4929306396; 13180.57; 2382.87
464; 0.161019076342561; 14479.9354684351; 13511.27; 2453.29
465; 0.162221187195044; 14726.4107365588; 13729.67; 2501.36
466; 0.159289864661719; 14968.516351896; 13965.54; 2558.83
467; 0.156535760708719; 15203.5217623152; 14207.98; 2580.21
468; 0.149832509359678; 15676.4356873107; 14678.16; 2698.49
469; 0.148915969867215; 16004.3573585887; 14993.1; 2745.87
470; 0.146977480909927; 16340.9319713395; 15322.49; 2797.27
471; 0.151218396088945; 16789.429293345; 15732.43; 2817.13
472; 0.146133065916328; 17421.381104679; 16372.18; 2888.96
473; 0.146459484873128; 17900.0713657005; 16816.37; 2972.52
474; 0.143841395879164; 18395.6927839028; 17311.54; 3023
475; 0.145063206207955; 19284.8487204032; 18143.65; 3150.22
476; 0.143812608925698; 19853.3218269909; 18682.99; 3253.44
477; 0.14367125406407; 20481.631278456; 19269.42; 3367.82
478; 0.14905639216406; 21266.1655866727; 19967.43; 3472.23
479; 0.152305752467346; 22369.2538710809; 20949.15; 3709.93
480; 0.152022099811974; 23147.2508399267; 21691.29; 3804.75
481; 0.153470967029604; 23889.0027938414; 22361.32; 3948.55
482; 0.161583513066753; 25102.1198448406; 23416.42; 4131.99
483; 0.162552918874747; 25872.3980042805; 24128.61; 4242.65
484; 0.162481669582003; 26609.1655115748; 24824.01; 4338.71
485; 0.166375353077357; 27409.8833013548; 25545.04; 4419.68
486; 0.162842857322871; 28415.8392094156; 26517.16; 4590.47
487; 0.163859363480459; 29076.8427529228; 27144.88; 4634.96
488; 0.166597735615352; 29730.8866037701; 27734.19; 4704.39
489; 0.16829504280475; 30355.7020639221; 28301.4; 4784.45
490; 0.16882785092271; 31250.6345374605; 29129.5; 4917.45
491; 0.170751364314213; 31800.5893602803; 29620.01; 4991.8
492; 0.176777544359241; 32364.0149705024; 30076.82; 5050.77
493; 0.178760860424749; 33086.3084084205; 30727.18; 5145.3
494; 0.182862992609743; 33561.6285827531; 31131.56; 5174.67
495; 0.186873032231769; 34016.342228774; 31508.11; 5219.97
496; 0.19053814934571; 34660.0368736311; 32056.49; 5307.57
497; 0.193177309928832; 35057.7718327225; 32397.48; 5342.56
498; 0.197170419782748; 35460.7721031575; 32734.99; 5356.59
499; 0.197072334156702; 35859.5195472665; 33093.5; 5431.5
500; 0.202216061710617; 36437.7003323493; 33580.19; 5461.63
501; 0.207368457371103; 36857.189163673; 33912.63; 5481.08
502; 0.214294900564727; 37315.332857565; 34262.4; 5491.88
503; 0.216106857444193; 37896.6397243403; 34758.54; 5590.61
504; 0.219681027747495; 38326.638318196; 35092.98; 5659.87
505; 0.226483095433522; 38838.8109750832; 35469.61; 5713.19
506; 0.228834514023278; 39296.3677225373; 35860.16; 5760.06
507; 0.235112183860333; 39993.7206352973; 36434.09; 5800.95
508; 0.237021187533352; 40447.8917330663; 36816.82; 5862.95
509; 0.238817280263177; 40920.7642620752; 37220.5; 5923.17
510; 0.242297151914448; 41654.0810857712; 37815.45; 6049.54
511; 0.248557411896432; 42203.7970721123; 38193.07; 6154.56
512; 0.252253127698081; 42743.5688715551; 38664.27; 6161.05
513; 0.25573507875684; 43451.5586130054; 39275.75; 6213.99
514; 0.257526278532391; 43944.343602479; 39688.32; 6282.11
515; 0.259795437135538; 44453.8748617385; 40099.69; 6363.71
516; 0.264244475004265; 44944.4514830196; 40486.93; 6397.69
517; 0.267180659293278; 45709.867324546; 41096.3; 6541.34
518; 0.26949226526453; 46215.6509885137; 41496.14; 6626.65
519; 0.270815725365298; 46722.253999217; 41917.64; 6705.56
520; 0.273181876721105; 47461.498048269; 42548.12; 6790.4
521; 0.274222948304491; 47989.9079550029; 42977.56; 6893.52
522; 0.275138221881543; 48490.9019624378; 43423.9; 6938.08
523; 0.279507309433236; 49266.8371832637; 44015.23; 7071.04
524; 0.280275980599598; 49796.7456540852; 44459.88; 7158.61
525; 0.285352647879184; 50323.6415854973; 44853.54; 7199.39
526; 0.287528271517321; 50984.117082251; 45445.09; 7227.5
527; 0.289707089636199; 51421.1180706565; 45749.02; 7338.26
528; 0.292775552814275; 51863.3497650296; 46051.59; 7432.64
529; 0.294055754618388; 52179.1845817434; 46325.08; 7446.85
530; 0.297499614100156; 52662.8748272015; 46663.24; 7536.36
531; 0.300269672709711; 52954.1307182851; 46895.43; 7533.44
532; 0.303478953000186; 53223.353828274; 47103.5; 7522.1
533; 0.308881094508168; 53615.3028091911; 47350.71; 7558.38
534; 0.314249363959938; 53886.3961020093; 47499.48; 7567.35
535; 0.318621230049438; 54173.2966261966; 47665.71; 7596.56
536; 0.320470405068428; 54535.5272233192; 47956; 7628.39
537; 0.32156729030257; 54790.2252353477; 48154.07; 7659.54
538; 0.323340214458061; 55028.1327769248; 48333.48; 7676.39
539; 0.328398017265821; 55433.9313207064; 48638.4; 7664.33
540; 0.330300877365115; 55689.1323777148; 48781.81; 7737.72
541; 0.330876585423538; 55982.4747262243; 49000.63; 7801.09
542; 0.334747751377965; 56396.1075250951; 49330.89; 7796.44
543; 0.336175719620826; 56664.5323913535; 49574.67; 7784.29
544; 0.337889089278771; 56936.1296945934; 49814.41; 7773.5
545; 0.345421558572904; 57486.5405246379; 50138.07; 7839.71
546; 0.347050456108194; 57872.2192293053; 50409.36; 7917.92
547; 0.349375719820048; 58218.5286598139; 50662.12; 7956.91
548; 0.347818121239177; 58734.9412211736; 51154.89; 8010.79
549; 0.348632023305056; 59061.9276659461; 51448.39; 8020.41
550; 0.3471444782496; 59405.2480770087; 51787.69; 8052.21
551; 0.346969663625972; 59770.8311649524; 52108.28; 8096.98
552; 0.34891229031049; 60294.228435445; 52532.52; 8149.17
553; 0.348309131835101; 60579.8305701475; 52882.77; 8088.61
554; 0.349317197490772; 60891.6023571827; 53142.48; 8112.9
555; 0.350792739391854; 61455.4894579901; 53645.5; 8135.28
556; 0.35569566162051; 61882.9225755933; 53968.23; 8123.54
557; 0.358988066618065; 62299.0163387643; 54277.78; 8150.4
558; 0.364310191941165; 62979.5577804432; 54687.44; 8295.43
559; 0.367227895854178; 63457.7235783; 55059.41; 8327.75
560; 0.369517993832313; 63950.481738454; 55464.5; 8355.33
561; 0.371938583111477; 64849.3280939846; 56171.38; 8481.63
562; 0.372062714133385; 65448.7007354588; 56732.23; 8509.08
563; 0.375121145922317; 66108.0970292953; 57284.76; 8536.23
564; 0.370978550668507; 67014.8340941739; 58131.67; 8683
565; 0.369177881383061; 67610.26228486; 58723.39; 8722.57
566; 0.370692584264853; 68180.8921568483; 59260.3; 8713.46
567; 0.368631701989078; 68901.270835547; 59968.19; 8768.43
568; 0.368885971402346; 69300.8962573898; 60312.67; 8810.43
569; 0.366803000594227; 69503.610450386; 60536.87; 8832.97
570; 0.370720119886261; 69737.8735905949; 60654.49; 8847
571; 0.370759943161951; 69735.1904376714; 60645.86; 8845.03
572; 0.372514526118281; 69688.9285493646; 60593.21; 8802.53
573; 0.374341957714372; 69431.4810696791; 60388.41; 8701.9
574; 0.37267206057766; 69193.6031033597; 60192.1; 8693.52
575; 0.374297462888597; 68829.3430152141; 59917.07; 8563.1
576; 0.376346780345855; 68671.9379843672; 59761.86; 8507.77
577; 0.379496050500208; 68549.0474456988; 59641.09; 8428.61
578; 0.378862204097273; 68242.3102718703; 59423.5; 8351.72
579; 0.376913572889909; 68090.2644059241; 59274.96; 8385.25
580; 0.377457029836636; 67972.6318305593; 59125.77; 8396.82
581; 0.378248826563571; 67806.0705912503; 58924.46; 8406.26
582; 0.37973532121176; 67706.4168684231; 58842.88; 8350.45
583; 0.37856393015438; 67609.3721110332; 58773.45; 8344.55
584; 0.377630105096205; 67445.3982149147; 58634.76; 8335.83
585; 0.375182640043898; 67323.8389437413; 58543.05; 8356.35
586; 0.371181444766114; 67261.0365215446; 58471.96; 8448.9
587; 0.370528212922845; 67078.9386683549; 58404.36; 8348.32
588; 0.370048587509247; 66990.3276691896; 58360.19; 8311.12
589; 0.37000600470407; 66918.8610148563; 58331.89; 8265.55
590; 0.366521600347568; 66846.0010487923; 58337.01; 8263.17
591; 0.366022067652625; 66769.3496092959; 58293.38; 8237.16
592; 0.366857040314061; 66802.1266399673; 58296.42; 8242.06
593; 0.366808465618363; 66873.5435373785; 58354.29; 8251.08
594; 0.369094438315292; 66939.6296244038; 58474.67; 8142.58
595; 0.368321877646634; 67184.7889729792; 58691.02; 8182.26
596; 0.368004114061082; 67411.2821219854; 58910.07; 8191.32
597; 0.367788320087851; 67729.9177936369; 59148.04; 8268.66
598; 0.368595716402116; 68323.394966512; 59669.64; 8314.38
599; 0.369370922861166; 68874.3099827838; 60111.73; 8395.94
600; 0.367964995847035; 69425.6202805215; 60597.36; 8485.8
601; 0.372093445753077; 70423.2685846419; 61431.73; 8541.42
602; 0.370066214109558; 71143.4980852476; 62030.86; 8698.58
603; 0.37232946940341; 71855.5041262399; 62682.2; 8697.72
604; 0.371933462153971; 72860.4524618053; 63509.51; 8869.93
605; 0.372318622074008; 73498.7534607251; 64042.25; 8955.31
606; 0.371832243010282; 74157.577842169; 64550.97; 9103.79
607; 0.369905311275606; 74874.7453527216; 65111.84; 9294.41
608; 0.368887651519914; 75265.6195589535; 65429.29; 9384.39
609; 0.364466508211612; 75645.0088383882; 65822.24; 9479.31
610; 0.363916117405197; 75771.2711861042; 65955.41; 9481.14
611; 0.361498832582971; 75851.9872779248; 66022.08; 9552.58
612; 0.360558621196499; 75840.1734691663; 66019.65; 9562.45
613; 0.355856658169285; 75695.0756901063; 66016.95; 9542.42
614; 0.353320031208692; 75392.9093618614; 65905.75; 9415.73
615; 0.351731963382575; 74881.7034882879; 65585.75; 9262.15
616; 0.347793441682189; 74434.8161623554; 65316.88; 9181.97
617; 0.344106573342341; 73709.2596222538; 64768.34; 9095.05
618; 0.342144386346913; 73217.1057692403; 64373.64; 9042.15
619; 0.338327492858597; 72661.0188239976; 63985.54; 8965.65
620; 0.334661482892956; 71861.2298220565; 63448.32; 8784.82
621; 0.33454330567291; 71345.4368709744; 63011.38; 8701.12
622; 0.332980368467922; 70886.2338951532; 62594.57; 8693.06
623; 0.332635889335546; 70250.7189870568; 62070.14; 8581.34
624; 0.332361947700129; 69829.8214354275; 61741.91; 8487.03
625; 0.330437582349867; 69228.9500178353; 61215.67; 8453.6
626; 0.330746070048017; 68872.3546678191; 60906.9; 8391.25
627; 0.333019456839279; 68540.3370607101; 60552.71; 8353.36
628; 0.332263984073842; 67981.708728005; 59996.17; 8366.11
629; 0.329309076996885; 67600.2096397547; 59718.79; 8327.32
630; 0.32809803680701; 67229.004691366; 59494.05; 8198.99
631; 0.32315285375537; 66648.8250902438; 59130.04; 8088.35
632; 0.322785978926517; 66374.7110366372; 58876.05; 8072.41
633; 0.319320305313928; 65891.5094563712; 58511.89; 8027.04
634; 0.31619849640502; 65585.4058365977; 58308.74; 7989.54
635; 0.312213351375135; 65256.1065067428; 58140.12; 7908.54
636; 0.305922114029124; 64865.0821197162; 57915.51; 7878.13
637; 0.303328455700978; 64583.155958526; 57722.82; 7838.74
638; 0.301282115175368; 64382.2908057344; 57474.46; 7941.82
639; 0.297782866033144; 64050.8338750185; 57165.91; 8003.89
640; 0.296110378459886; 63856.1185015534; 57008.09; 8001.12
641; 0.291749789698061; 63446.2756875349; 56758.58; 7926.46
642; 0.291127195426541; 63204.8352201573; 56539.98; 7912.17
643; 0.291948636992181; 63050.5863982583; 56371.02; 7903.44
644; 0.289103087494401; 62679.4728543533; 56100.39; 7857.3
645; 0.285861912598236; 62453.6557525835; 55952.09; 7849.35
646; 0.283079062225883; 62104.668418842; 55757.04; 7735.25
647; 0.282322529760533; 61890.1860149676; 55605.78; 7675.61
648; 0.280458007594936; 61631.1966269615; 55421.19; 7632.06
649; 0.283015536542045; 61470.4718195985; 55233.83; 7592.22
650; 0.281901792117462; 61320.0093021152; 55116.84; 7578
651; 0.279694545606994; 61082.1082119066; 54970.38; 7521.71
652; 0.28033090232898; 60945.7521331903; 54836.02; 7498.47
653; 0.286118139725509; 60909.3608045318; 54697.14; 7466.34
654; 0.288107411353997; 60757.0440798761; 54559.48; 7393.84
655; 0.285300847119719; 60604.7952254808; 54465.02; 7393.93
656; 0.283885047224498; 60403.4031206386; 54312.69; 7368.41
657; 0.279394035451246; 60218.7496528158; 54258.2; 7324.28
658; 0.276491703979554; 60041.4036142955; 54165.73; 7293.21
659; 0.270986218636949; 59822.4197433284; 54053.82; 7302.78
660; 0.266254723325311; 59619.0935152931; 53974.86; 7269.33
661; 0.255575795986193; 59255.9755602698; 53820.55; 7288.84
662; 0.250876112755906; 59069.8762556554; 53704.12; 7326.33
663; 0.245294947307606; 58884.3985325067; 53597.59; 7378.87
664; 0.242223228185676; 58713.640099973; 53483.1; 7388.78
665; 0.242581907948478; 58563.4299534352; 53326.55; 7383.97
666; 0.241562070147821; 58347.3592820703; 53150.66; 7355.43
667; 0.241426979241618; 58173.967935588; 52998.89; 7326.55
668; 0.242563370489256; 58046.656345478; 52847.85; 7323.5
669; 0.242051851748777; 57812.0501398383; 52664.94; 7263.21
670; 0.242403823559482; 57687.7865975651; 52553.29; 7232.11
671; 0.242449094091345; 57434.3830984276; 52404.63; 7079.27
672; 0.236978842987349; 57188.2979025372; 52310.27; 7020.25
673; 0.232594192954703; 56945.1630214599; 52154.03; 7021.01
674; 0.231576577853056; 56663.3126776358; 51884.46; 7029.82
675; 0.229110414985309; 56396.3456386683; 51726.62; 6940.14
676; 0.221619911837092; 55993.2553252768; 51487.64; 6919.48
677; 0.218965486863089; 55688.7865318501; 51264.41; 6874.84
678; 0.216402540833386; 55180.0918571384; 50861.27; 6787.88
679; 0.21434930508531; 54873.2298339207; 50607.72; 6765.89
680; 0.211972528238292; 54534.2427245581; 50288.84; 6807.27
681; 0.207841265212423; 54056.8837804829; 49879.04; 6829.65
682; 0.204061956657078; 53692.9460067125; 49603.29; 6806.66
683; 0.201106309951613; 53248.1814687181; 49190.55; 6849.95
684; 0.203442533119396; 52996.5866062123; 48851.84; 6914.18
685; 0.201379129833104; 52577.6647791624; 48496.41; 6875.35
686; 0.198878767872425; 52286.1687347729; 48259.88; 6865.56
687; 0.196427567682365; 51978.2443340295; 48015.34; 6839.14
688; 0.194966362159794; 51536.3605598774; 47660.66; 6736.35
689; 0.194834142827621; 51274.2009826211; 47430.35; 6683.12
690; 0.19123909887449; 50850.9029797187; 47114.92; 6615.1
691; 0.185873274834452; 50479.406087834; 46875.41; 6563.05
692; 0.183100728579163; 50167.568727827; 46671.62; 6460.16
693; 0.180089961397102; 49688.3660578227; 46240.6; 6475.1
694; 0.180620089244667; 49396.5837534739; 45936.72; 6476.21
695; 0.180406130920943; 48959.9685527981; 45505.74; 6470.6
696; 0.176718806190009; 48619.7749682673; 45255.77; 6430.36
697; 0.176487670904314; 48172.9222200822; 44881.07; 6297.83
698; 0.174882619532964; 47864.8301459726; 44617.46; 6267.1
699; 0.17678336869118; 47498.9619194109; 44279.79; 6143.47
700; 0.173615843001513; 47191.9608164264; 44098.54; 6008.83
701; 0.173513617413004; 46962.8644532565; 43886.31; 5977.78
702; 0.163111995088992; 46509.7757333737; 43667.22; 5873.37
703; 0.164444072783197; 46285.7956683795; 43450.12; 5809.93
704; 0.160647197839841; 45908.9503078409; 43177.28; 5727.38
705; 0.159802215517242; 45672.5895527555; 42984.61; 5663.34
706; 0.157387543384649; 45336.2852620514; 42694.41; 5649.54
707; 0.154293457349242; 45080.5405645201; 42461.28; 5711.07
708; 0.153153294045961; 44826.7298955568; 42219.65; 5724.39
709; 0.148436316748268; 44419.6210432881; 41899.34; 5707.57
710; 0.14882287575605; 44166.502177336; 41648.14; 5686.33
711; 0.140434039724067; 43721.8710796877; 41364.18; 5640.34
712; 0.140128601148141; 43452.4479666829; 41116.32; 5599.74
713; 0.137679325528867; 43041.0941643934; 40762.56; 5557.66
714; 0.136741846047853; 42734.6804706988; 40520.22; 5437.41
715; 0.132628862490543; 42295.1497638981; 40202.88; 5294.92
716; 0.131494077477984; 41980.8517354268; 39932.78; 5226.2
717; 0.128347593588479; 41598.9428473625; 39629.07; 5147.84
718; 0.126664324767782; 41084.5244013197; 39183.73; 5031.33
719; 0.129821504306389; 40727.1114664399; 38793.68; 4991.12
720; 0.125688425445229; 40123.4529161225; 38280.05; 4913.24
721; 0.120663138266957; 39761.1995568628; 37997.72; 4894.17
722; 0.12102282634733; 39221.1147925351; 37461.34; 4867.58
723; 0.11897443565159; 38814.9687231178; 37089.11; 4854.17
724; 0.119234210911059; 38340.3232731276; 36612.24; 4848.05
725; 0.117369689177582; 38075.6189803349; 36385.09; 4816.26
726; 0.114802663885257; 37784.4268956229; 36131.54; 4812.54
727; 0.110609408079696; 37633.8073301036; 36040.6; 4812.86
728; 0.110983342535896; 37520.3017835815; 35923.5; 4805.84
729; 0.109134510852453; 37359.8559476817; 35794.86; 4788.58
730; 0.104723442315146; 37290.351894998; 35804.98; 4735.07
731; 0.097653366703034; 37264.1270072807; 35898.6; 4667.75
732; 0.0966842267581503; 37279.415763959; 35931.8; 4652.12
733; 0.100798250218027; 37344.5691939713; 35937.66; 4658
734; 0.0972408811249818; 37290.5893713562; 35940.73; 4632.18
735; 0.0919295076190363; 37188.2669480242; 35910.34; 4637.56
736; 0.0885702028191974; 37087.8232102844; 35853.79; 4646.83
737; 0.0849173950430791; 36962.9131579566; 35763.82; 4707.89
738; 0.0840871212928852; 36872.5674062385; 35686.23; 4702.2
739; 0.0844212967310708; 36754.8338745273; 35566.35; 4690.32
740; 0.0803646552762849; 36644.26324047; 35518.53; 4665.2
741; 0.0806434216609741; 36578.6360948455; 35438.57; 4706.66
742; 0.0846620555689775; 36581.3416989807; 35376.98; 4734.62
743; 0.0881426232662099; 36641.7955381813; 35384.87; 4744.52
744; 0.0884062996299574; 36813.2731649404; 35557.26; 4725.32
745; 0.0880872660675115; 36966.1738094621; 35711.59; 4735.27
746; 0.0893620366284378; 37196.9434096014; 35904.99; 4804.96
747; 0.0906146317195544; 37383.603293105; 36064.38; 4836.75
748; 0.0911023923684609; 37601.5523726779; 36277.22; 4827.83
749; 0.0871147211284036; 37639.6568644776; 36375.65; 4817.49
750; 0.0856769768056951; 37609.7821132179; 36374; 4787.76
751; 0.0814778572992064; 37495.9295166552; 36336.55; 4723.1
752; 0.0806430653239125; 37234.0643650448; 36099.96; 4667.67
753; 0.0793158485637708; 36955.522872128; 35843.88; 4651.64
754; 0.0731567083764823; 36405.7671518983; 35400.69; 4559.52
755; 0.0702801991789035; 35991.8932404181; 35033.68; 4523.71
756; 0.0687653260128614; 35356.1200730245; 34423.24; 4499.87
757; 0.0652953693938924; 34914.0835815509; 34033.43; 4471.88
758; 0.0663182650109503; 34328.3273601864; 33441.09; 4434.02
759; 0.0654066271126447; 33927.8929342726; 33053.61; 4428.1
760; 0.0678795629677772; 33581.2862239403; 32681.41; 4389.62
761; 0.0696871168777441; 33010.1772611248; 32094.24; 4350.03
762; 0.0730421972430567; 32699.9288067191; 31738.87; 4352.62
763; 0.0713321052893881; 32187.146248742; 31268.89; 4256.73
764; 0.0716700919152601; 31867.6728750855; 30955.78; 4205.71
765; 0.0687867952023111; 31384.1624091597; 30523.94; 4133.31
766; 0.062510395997923; 31052.4361676183; 30282.24; 4071.93
767; 0.0578533677331042; 30575.3482496412; 29889.65; 3917.14
768; 0.0528649862172007; 30264.5264386435; 29645; 3873.2
769; 0.0511022406870686; 29855.3117966939; 29266.15; 3810.18
770; 0.049383251941786; 29584.8236353425; 29018.85; 3787.39
771; 0.0481367941337749; 29230.6154255449; 28680.35; 3776.08
772; 0.0510376252830912; 29024.748595951; 28446.72; 3739.62
773; 0.0553555271614914; 28680.3252613872; 28058.77; 3705.92
774; 0.056411230023868; 28460.4974799426; 27829.59; 3689.54
775; 0.0629803087548514; 28148.2711294804; 27439.76; 3709.91
776; 0.0631036021533167; 27935.0260040347; 27237.96; 3641.47
777; 0.0662794877400336; 27644.4431301865; 26913.56; 3634.26
778; 0.0672724890090105; 27449.4872816885; 26715.7; 3593.82
779; 0.0651161708307909; 27101.590776489; 26401.43; 3541.9
780; 0.0646292331250884; 26906.4193075383; 26209.45; 3551.42
781; 0.0605083234368673; 26609.4122157185; 25959.69; 3535.36
782; 0.0597992617813023; 26419.568365169; 25778.2; 3530.39
783; 0.0597335652104359; 26122.4880053811; 25494.21; 3461.37
784; 0.0585998047740865; 25929.6060904947; 25318.31; 3432.1
785; 0.0626171418327511; 25695.6212587982; 25049.77; 3392.5
786; 0.0584041120919891; 25490.0026958813; 24888.1; 3388.75
787; 0.0635694168803557; 25240.5183658054; 24582.52; 3402.48
788; 0.0611136829520154; 25055.6020325977; 24429.24; 3367.97
789; 0.0638721428416102; 24811.5810872689; 24166.33; 3318.75
790; 0.0653898751214951; 24647.99804433; 23986.74; 3321.19
791; 0.0668538452524065; 24404.5283192103; 23719.03; 3366.69
792; 0.0651797401373535; 24214.2054512434; 23546.07; 3364.95
793; 0.0680498862220566; 23952.9441537737; 23263.87; 3323.4
794; 0.0729709665467765; 23831.8606042628; 23096.99; 3304.73
795; 0.0748034262407059; 23591.6629837277; 22857.12; 3222.13
796; 0.0753366259264968; 23361.0318264971; 22628.84; 3188.88
797; 0.0779487169153032; 23207.4386113548; 22457.2; 3157.88
798; 0.077395285785494; 22972.4119159167; 22251.53; 3055.91
799; 0.0768163074550038; 22831.6374281492; 22129.09; 3000.25
800; 0.0749221796091879; 22605.71452488; 21918.26; 3009.63
801; 0.0728749746660723; 22406.4922605421; 21741.23; 2993.24
802; 0.0759832217702321; 22183.2029833646; 21479.09; 3037.38
803; 0.0768190810301254; 22045.9080956036; 21336.34; 3026.35
804; 0.0737616909440904; 21851.6017938966; 21187.49; 2948.75
805; 0.0727893239653707; 21685.4450296412; 21034.56; 2927.88
806; 0.0726011467246196; 21478.471113073; 20836.79; 2893.22
807; 0.073507669015122; 21358.565763815; 20715.72; 2862.27
808; 0.0749007733017001; 21179.1897075674; 20539.9; 2792.96
809; 0.0800474655533808; 21099.9314495332; 20424.64; 2760.03
810; 0.0793319314773182; 20878.4612069198; 20224.7; 2695.53
811; 0.0799165340132221; 20753.39031027; 20091.86; 2706.83
812; 0.0833596757231181; 20570.2050541036; 19884.31; 2689.74
813; 0.0810712730248654; 20454.9466698436; 19793.26; 2667.28
814; 0.0831406259352912; 20291.7067914155; 19615.6; 2656.72
815; 0.0839304579601659; 20180.8170674786; 19510.51; 2608.64
816; 0.0891832137985875; 20035.3141120363; 19316.71; 2631.29
817; 0.087981217813906; 19865.4052534487; 19151.29; 2650.15
818; 0.0859466698567936; 19721.3154614108; 19034.43; 2609.02
819; 0.0873962344624859; 19506.8079411996; 18814.23; 2586.51
820; 0.0910482700784104; 19405.1514943718; 18689.96; 2563.25
821; 0.0932876358600108; 19239.0163679131; 18518.27; 2520.42
822; 0.0946722920273597; 19128.4770908858; 18404.2; 2495
823; 0.0965728538489984; 18984.6025687063; 18260.87; 2443.43
824; 0.0969453305670899; 18875.1582503947; 18158.8; 2408.62
825; 0.0966516038809204; 18716.4115865526; 18009.86; 2382.79
826; 0.095846280457425; 18625.0517729415; 17931.53; 2358.5
827; 0.0971984814603722; 18504.6752099916; 17798.05; 2369.86
828; 0.100007129231068; 18412.5256828561; 17684; 2374.92
829; 0.0997778014040035; 18269.1540416038; 17555.02; 2333.13
830; 0.094567006806048; 18090.2553451653; 17403.79; 2366.16
831; 0.0959202320752836; 17998.3837316991; 17305.83; 2352.33
832; 0.08956517260701; 17831.7566597742; 17198.16; 2303.66
833; 0.0913489555431935; 17754.2459946888; 17119.37; 2262.14
834; 0.0889015925862711; 17622.9461861285; 17011.62; 2237.18
835; 0.0839107226910049; 17503.6124978502; 16937.08; 2196
836; 0.0826076609527905; 17359.5678873309; 16817.17; 2135.06
837; 0.0838361846947145; 17276.9353081417; 16729.78; 2122.5
838; 0.0863220957614169; 17138.809926403; 16579.8; 2106.31
839; 0.0975190113245418; 17047.5075653071; 16431.87; 2054.8
840; 0.100060655515825; 16981.3307070298; 16338.43; 2091.29
841; 0.105620981962572; 16859.280064209; 16176.85; 2105.39
842; 0.109256399574488; 16805.5978908681; 16100.15; 2103.51
843; 0.109493946534196; 16673.2311326919; 15963.29; 2111.77
844; 0.112582214758713; 16611.2622182868; 15892.03; 2080.25
845; 0.11864939198619; 16476.110640222; 15721.29; 2071.01
846; 0.123488356654903; 16430.352524273; 15640.73; 2081.13
847; 0.121927468457087; 16290.2097879632; 15512.12; 2076.45
848; 0.126983733740438; 16185.3010696835; 15379; 2065.59
849; 0.12735823081333; 16081.5749353284; 15291.55; 2017.42
850; 0.129324735518701; 15908.0936118053; 15122.34; 1975.49
851; 0.128967848708163; 15810.6565553173; 15033.42; 1959.04
852; 0.126279878702421; 15646.0859338213; 14892.72; 1938.79
853; 0.119483403881814; 15519.3130718615; 14821.77; 1896.81
854; 0.116209431373577; 15333.1801402672; 14666.47; 1863.56
855; 0.113610566952903; 15116.2532710125; 14480.87; 1816.21
856; 0.112314216678544; 15012.6125116378; 14373.72; 1846.96
857; 0.124807184655488; 14903.8762580842; 14195.76; 1841.75
858; 0.124838818743683; 14801.3245363865; 14085.44; 1861.12
859; 0.123574045037864; 14622.7519600725; 13917.36; 1852.25
860; 0.124584100365372; 14511.3162702698; 13810.98; 1823.65
861; 0.128529386476542; 14378.1520531303; 13662.8; 1805.22
862; 0.126959930931213; 14234.5057205969; 13537.19; 1781.11
863; 0.131717865282255; 14149.2808543337; 13438.2; 1750.32
864; 0.127639710979242; 13956.0511609568; 13288.14; 1696.2
865; 0.122972597083179; 13833.7723098928; 13208.2; 1648.65
866; 0.121370188173831; 13654.8007886233; 13052.04; 1609.19
867; 0.127580971701547; 13458.1123359033; 12842.9; 1562.12
868; 0.125269270848495; 13285.3050567854; 12685.62; 1550.49
869; 0.121237140836999; 13020.5782821308; 12452.22; 1518.07
870; 0.121246559213223; 12859.3674061615; 12312.23; 1460.99
871; 0.125465385895803; 12605.611687561; 12058.87; 1410.52
872; 0.13020189123242; 12438.2187810419; 11877.36; 1394.03
873; 0.134450789343484; 12179.7202758997; 11599.66; 1395.92
874; 0.136697065032707; 11935.1554175345; 11341.58; 1404.65
875; 0.140584301898993; 11800.0486793122; 11199.45; 1381.7
876; 0.149446125211542; 11598.9222981686; 10955.32; 1392.56
877; 0.153526606731381; 11459.5095846315; 10806.42; 1375.26
878; 0.156457931367928; 11262.7633020358; 10606.06; 1356.65
879; 0.157458045663413; 11105.4306921885; 10447.83; 1349.61
880; 0.16101552339547; 11023.1540781947; 10366.94; 1316.75
881; 0.166267894038285; 10910.8482020219; 10243.98; 1295.56
882; 0.160429770408133; 10817.2272708186; 10190.2; 1262.24
883; 0.155423850607474; 10699.2482771041; 10089.13; 1267.51
884; 0.160923190377476; 10625.7585096946; 9988.4; 1278.6
885; 0.160417876011925; 10553.9538882485; 9913.56; 1288.44
886; 0.161892775836516; 10463.4857638908; 9804.76; 1312.99
887; 0.161874874569873; 10420.7875974147; 9763.04; 1310.97
888; 0.17138671915991; 10379.7030511679; 9696.05; 1286.81
889; 0.183999015655086; 10357.5952165823; 9644.06; 1250.79
890; 0.181169350110568; 10321.5445234533; 9630.85; 1229.46
891; 0.185972854161029; 10297.1263903955; 9604.7; 1200.51
892; 0.184831756858295; 10318.371488633; 9632.5; 1196.29
893; 0.187839041624911; 10381.7295244971; 9695.44; 1177.7
894; 0.193002626726387; 10484.1282031466; 9773.06; 1187.38
895; 0.190139812541072; 10545.3836293962; 9825.7; 1219.66
896; 0.191052884687757; 10688.3733773476; 9951.28; 1242.99
897; 0.189513646885394; 10792.8847257523; 10040.59; 1278.76
898; 0.192191270644104; 11001.1454968397; 10233.74; 1286.06
899; 0.194441496566367; 11202.1504269086; 10407.18; 1316.62
900; 0.195554660658919; 11330.7456389109; 10519.34; 1335.97
901; 0.192812649046411; 11469.105422466; 10674.23; 1327.19
902; 0.18436035704801; 11559.7284882954; 10803.41; 1320.49
903; 0.180472196065217; 11597.5833826371; 10845.48; 1341.2
904; 0.178440974931474; 11627.9177616641; 10871.89; 1363.32
905; 0.178343377451061; 11607.2931286087; 10842.71; 1379.32
906; 0.178660336261782; 11541.6273073193; 10775.52; 1379.39
907; 0.180560902670198; 11414.9179128143; 10665.88; 1334.24
908; 0.184547627798223; 11310.3802011559; 10561.98; 1304.09
909; 0.195364588805227; 11107.0540447504; 10342.42; 1258.44
910; 0.196900935308709; 10848.597916176; 10084.23; 1247.98
911; 0.206237528455461; 10651.9894484437; 9884.34; 1196.4
912; 0.210890643183562; 10294.6216224283; 9558.26; 1122.13
913; 0.216946745277923; 10036.1335682174; 9303; 1085.88
914; 0.220938726416836; 9649.80577310728; 8920.23; 1060.91
915; 0.214257188013844; 9248.78725603674; 8545.32; 1054.67
916; 0.208328874580303; 8992.61911910055; 8311.13; 1050.62
917; 0.205569187554092; 8605.90564702183; 7972.82; 988.97
918; 0.197530930208351; 8249.03115704558; 7671.41; 938.89
919; 0.193798263919869; 8035.7256374464; 7486.3; 910.14
920; 0.193397411485813; 7731.40688461932; 7193.89; 892.14
921; 0.189370888108318; 7429.41010081486; 6920.81; 861.98
922; 0.190366932934125; 7247.39938219888; 6748.05; 841.79
923; 0.193707648635478; 6969.71082694677; 6496.05; 784.61
924; 0.19492370488377; 6798.35996709965; 6335.94; 761.11
925; 0.194601521616959; 6525.47590670898; 6077.93; 737.75
926; 0.204308071333921; 6277.68627846606; 5815.14; 726.18
927; 0.201732322717696; 6115.2733451905; 5665.7; 714.73
928; 0.200783148316385; 5862.11178489105; 5437.06; 678.85
929; 0.1965053113531; 5576.10619947705; 5175.42; 653.78
930; 0.205602255137508; 5404.18234127376; 4999.79; 630.57
931; 0.196956465301964; 5087.89228793033; 4725.43; 589.92
932; 0.210661153615974; 4761.44827262765; 4403.79; 544.16
933; 0.209179357917616; 4506.24190164468; 4171.45; 512.91
934; 0.206259830022623; 4065.84004717054; 3774.84; 452.07
935; 0.202256218749797; 3605.55616254151; 3360.06; 388.89
936; 0.209558815821388; 3311.81353387936; 3086.68; 344.16
937; 0.192085135679571; 2834.81254988041; 2658.99; 293.19
938; 0.19804460179802; 2415.44290843169; 2252; 264.31
939; 0.195702187303664; 2167.85719819394; 2024.61; 234.4
940; 0.158335398271659; 1832.22439497356; 1733.22; 200.21
941; 0.140332630592725; 1608.08229983136; 1538.72; 158.24
942; 0.144452883197303; 1505.12148382671; 1438.65; 147.3
943; 0.188761093273125; 1411.699066274; 1334.26; 131.31
944; 0.204764380498885; 1371.05015015958; 1289.05; 128.16
945; 0.195781729877203; 1362.75786030079; 1279.67; 135.8
946; 0.194958285853209; 1380.93950352926; 1299.75; 133.24
947; 0.244559016207851; 1445.41264316105; 1341.65; 135.73
948; 0.264466857929028; 1498.08811979067; 1372.3; 152.14
949; 0.264590149385978; 1575.61647573666; 1429.17; 177.02
950; 0.239693355693107; 1652.39089218913; 1522.48; 173.32
951; 0.255405696959159; 1723.53804034935; 1580.34; 179.27
952; 0.270119196000661; 1822.9646226871; 1680.01; 169.2
953; 0.270904962543639; 1925.4890861155; 1761.43; 193.59
954; 0.276785126621323; 1992.62284193506; 1813.87; 206.42
955; 0.262550054581539; 2082.20142094847; 1902.81; 218.36
956; 0.266048726154492; 2173.08641762851; 2005.39; 201.42
957; 0.265205316126871; 2234.92384140111; 2063.96; 205.97
958; 0.249128531435804; 2303.48690541033; 2131.01; 221.18
959; 0.265394666115367; 2386.89687224441; 2196.72; 228.9
960; 0.276621891863283; 2431.50199132385; 2252.42; 206.77
961; 0.251953521571065; 2488.82488133028; 2309.05; 227.87
962; 0.243373817468023; 2532.0720375689; 2346.14; 243.95
963; 0.249753784109468; 2561.25051732463; 2362.87; 253.6
964; 0.262821865822429; 2597.83987067168; 2387.56; 255.42
965; 0.250039266362423; 2628.32370689104; 2411.05; 277.37
966; 0.235966509201365; 2637.46599693835; 2422.73; 290.45
967; 0.237867744736731; 2649.65217340059; 2412.51; 318.15
968; 0.236878461397835; 2654.81989175289; 2424.46; 310.3
969; 0.253211874764707; 2665.28231238822; 2433.22; 292.4
970; 0.251943236744364; 2661.173459884; 2425.52; 298.38
971; 0.25038132518026; 2653.09070866344; 2406.15; 314.58
972; 0.268766634556822; 2647.39137371693; 2389.96; 305.48
973; 0.27260275184169; 2644.20737198278; 2390.88; 296.34
974; 0.277809021777945; 2614.9288783558; 2376.55; 273.6
975; 0.28757758125163; 2604.19446155236; 2360.35; 270.33
976; 0.274778034285905; 2587.75675103717; 2346.14; 280.3
977; 0.254748473677173; 2558.59682513777; 2340.7; 272.63
978; 0.244978010163794; 2523.05672217427; 2312.92; 273.37
979; 0.235570917377341; 2491.63786123217; 2292.47; 269.42
980; 0.239385098047549; 2475.05733086163; 2271.21; 271.32
981; 0.235056171641689; 2449.71928518352; 2242.64; 280.66
982; 0.235259337345123; 2405.27113191999; 2202.63; 274.38
983; 0.243278259731606; 2383.49900891997; 2191.33; 251.59
984; 0.255217337360067; 2344.72214797467; 2150.38; 242.5
985; 0.285113308227004; 2324.93528747811; 2126.43; 221.7
986; 0.284191687090482; 2284.02419961967; 2089.99; 217.38
987; 0.289329528658611; 2261.43314720839; 2070.96; 209.58
988; 0.306492348803906; 2220.10430520913; 2031.15; 196.24
989; 0.317167678366266; 2183.80830181107; 2001.59; 182.85
990; 0.31848398700692; 2163.59554760164; 1964.58; 198.86
991; 0.307528339287676; 2117.95147661153; 1922.47; 202.26
992; 0.317722562351132; 2072.85773685747; 1892.5; 180.6
993; 0.319949942305131; 2031.8608696087; 1843.17; 187.61
994; 0.310977798331341; 1997.91458774434; 1823.97; 177.92
995; 0.276042185133001; 1943.83279082666; 1786.35; 181.45
996; 0.285626430623984; 1905.32970675746; 1743.39; 180.3
997; 0.285220340402189; 1865.62603914763; 1714.96; 167.97
998; 0.309330313252829; 1849.35355375626; 1691.86; 161.88
999; 0.271767577354853; 1796.67370138831; 1639.65; 183.68
1000; 0.259918194325254; 1752.25143665627; 1609.32; 174.8
1001; 0.276552351881376; 1732.63561816354; 1574.59; 181.64
1002; 0.319285901439596; 1711.54653523795; 1536.62; 174.11
1003; 0.29943929304868; 1670.83185070291; 1503.2; 177.89
1004; 0.309507844766802; 1626.22692428333; 1462.01; 168.58
1005; 0.305491231942224; 1595.36090545827; 1442.35; 159.12
1006; 0.318916990813958; 1560.20172696467; 1418.13; 141.51
1007; 0.301645029629427; 1516.20133633674; 1387.48; 135.54
1008; 0.26649402662774; 1472.74752953895; 1361.78; 132.24
1009; 0.253561517481847; 1438.50844257776; 1342.09; 120.75
1010; 0.239995372570079; 1395.82316852578; 1308.87; 115.04
1011; 0.211691068362573; 1357.00536368531; 1283.94; 109.58
1012; 0.192418606311253; 1321.38475239159; 1251.78; 114.83
1013; 0.192455277956563; 1299.54579153791; 1226.98; 119.68
1014; 0.233431055091785; 1275.56188877641; 1191.45; 114.36
1015; 0.267655202185126; 1251.84347221286; 1162.48; 105.95
1016; 0.261005467323794; 1219.132005724; 1141.02; 94.96
1017; 0.299866501956872; 1208.13685423984; 1125.72; 87.2
1018; 0.289859939766996; 1182.25364742133; 1093.11; 97.56
1019; 0.355135378873493; 1159.71740974195; 1062.77; 86.59
1020; 0.405351153598711; 1134.61740790692; 1039.53; 74.4
1021; 0.373211716185293; 1110.99668629547; 1027.85; 70.65
1022; 0.333696199981703; 1071.54532359074; 1001.12; 66.92
1023; 0.317716612808402; 1046.57131757178; 969.14; 77.27
1024; 0.26217067444159; 1013.39551318228; 953.82; 72.04
1025; 0.277103800955585; 992.978427281444; 932.44; 69.25
1026; 0.226041752458155; 962.074236278478; 909.32; 73.97
1027; 0.235961944779447; 946.082603031577; 891.7; 73.04
1028; 0.226884035912685; 923.090394582417; 867.22; 78.03
1029; 0.234689056872354; 907.218163492892; 845.82; 82.89
1030; 0.220740033584309; 883.684044563589; 820.39; 90.84
1031; 0.273273089269137; 867.407696949921; 787.28; 92.88
1032; 0.285796675286328; 845.209210653036; 774.62; 78.23
1033; 0.286417318592044; 821.109551193107; 749.98; 78.65
1034; 0.26756111888672; 798.503208208325; 726; 85.81
1035; 0.284878192679767; 781.005304478737; 702.83; 86.89
1036; 0.262232242697335; 756.496335793398; 698.12; 70.48
1037; 0.268319478753641; 735.214654336191; 685.86; 58.23
1038; 0.213893100542354; 721.075398571411; 684.37; 54.32
1039; -0.543774402732487; 665.70191181423; 735.85; 40.83
1040; 0.113308502477683; 683.628511433476; 710.26; -74.38
1041; 0.283264327181651; 714.352249792077; 684.65; 33.18
