# 08/03/2019 16:04:14
# NanoCalc data
# Original file name: C:\SVA_DATA\StudentProjects\2018_Nathan\PSswelling_080319\PSswelling2_171.dat
# Fit Result : Fitness; Thickness 1; Thickness 2; Thickness 3 
# Fit Result : 1.19086506782696; 2; 300.1; -1
# comment:PS ID:349 ref:withoptics.ref slowslow2 start 15:37
#
# WaveLength; Reflectance; Raw Intensity; Dark Intensity; Reference Intensity
400; 0.269797801388819; 4277.93262346627; 3869.39; 734.26
401; 0.283580599072467; 4445.35222333752; 4006.64; 746.92
402; 0.28986123503915; 4560.00679256452; 4085.87; 786.28
403; 0.292258786010759; 4679.18936520552; 4170.5; 833.19
404; 0.300046346029089; 4802.4520459712; 4276.9; 834.94
405; 0.296197686003215; 4966.05001488115; 4420.61; 874.39
406; 0.296568640071589; 5079.70974688591; 4512.32; 904.88
407; 0.289959913480088; 5184.43925841107; 4618.2; 920
408; 0.292974477195343; 5310.71743633795; 4719.05; 947.65
409; 0.289604782747044; 5421.62617151621; 4825.46; 962.39
410; 0.296984585834275; 5589.5326960307; 4957.25; 991.61
411; 0.297928127667909; 5687.73363455195; 5054.41; 986.6
412; 0.302752561439933; 5776.15044073336; 5122.07; 999.14
413; 0.301540244264504; 5864.09210997037; 5198.54; 1017.35
414; 0.308266892223622; 6020.18181070704; 5328.84; 1030.24
415; 0.31479203271285; 6130.40755741011; 5407.41; 1051.61
416; 0.325275855971584; 6230.17072223007; 5484.24; 1046.5
417; 0.338306830171837; 6345.13401699487; 5557.11; 1059.45
418; 0.338671666973789; 6500.98620384577; 5686.9; 1089.66
419; 0.346095185708877; 6613.29793312613; 5778.65; 1089.96
420; 0.356893811454978; 6750.89289741892; 5873.63; 1107.63
421; 0.35266719720169; 6882.87099665767; 5999.37; 1125.58
422; 0.363677661887103; 7090.36524217626; 6161.07; 1144.72
423; 0.361757154585261; 7221.66732672026; 6283.37; 1158.5
424; 0.363157793733745; 7378.3699462827; 6410.67; 1186.66
425; 0.352298146207065; 7522.6116394864; 6557.12; 1217.13
426; 0.357133126967453; 7776.14734299422; 6756.41; 1264.66
427; 0.35902688157531; 7955.51476991547; 6894.52; 1305.3
428; 0.356988563027236; 8109.74772900374; 7042.42; 1316.97
429; 0.356869418071309; 8268.14596020218; 7172.4; 1349.15
430; 0.369351019443597; 8521.56464274909; 7362.29; 1375.69
431; 0.373303165108666; 8699.55460178923; 7500.15; 1404.78
432; 0.374767040652284; 8843.44433005638; 7593.7; 1454.39
433; 0.383417892231935; 8988.16378740253; 7693.05; 1469.65
434; 0.386674071838629; 9174.72051857282; 7850.92; 1485.96
435; 0.386430366494072; 9292.63142350125; 7946.36; 1508.87
436; 0.39140864782711; 9412.94496399532; 8021.43; 1536.4
437; 0.391911837936952; 9532.67584943619; 8119.95; 1554.23
438; 0.397802168664667; 9745.8775419763; 8283.29; 1581.59
439; 0.396450474743355; 9837.40976050936; 8354.04; 1605.86
440; 0.401572632747268; 9966.08787674244; 8452.56; 1613.9
441; 0.406081821749868; 10088.7422914481; 8550.95; 1617.96
442; 0.411537307571809; 10297.2212331238; 8688.97; 1665.9
443; 0.416107684380318; 10437.227527045; 8792.56; 1681.21
444; 0.422198691979307; 10611.6534554404; 8949.24; 1671.17
445; 0.423823241500129; 10758.5295861121; 9085.03; 1672.09
446; 0.423519814472548; 10978.0666092627; 9265.24; 1708.7
447; 0.418009073132377; 11174.2522636633; 9440.26; 1748.86
448; 0.42447918105734; 11392.7384612188; 9630.23; 1746.72
449; 0.420249690781864; 11701.5537868479; 9885.28; 1814.28
450; 0.42022059517462; 11913.9254089193; 10081.11; 1827.01
451; 0.420625374667511; 12129.5563096019; 10255.69; 1862.38
452; 0.416956565994051; 12339.4682055877; 10424.07; 1916.49
453; 0.415840555978167; 12710.3320909636; 10737.48; 1975.37
454; 0.412551827698766; 12969.3161009683; 10963; 2020.88
455; 0.416910533511787; 13225.9112981163; 11156.94; 2058.18
456; 0.415880848036071; 13477.0080091884; 11369.12; 2098.01
457; 0.411969517762913; 13873.5317025034; 11721.72; 2157.98
458; 0.417346174161948; 14188.150973534; 11971.21; 2190.45
459; 0.41501115223786; 14450.2685280457; 12197.34; 2234.36
460; 0.422195827271341; 14758.7051936065; 12451.85; 2244.7
461; 0.420624946506373; 15145.313805487; 12770.64; 2315.01
462; 0.422114208756249; 15400.0599785951; 12991.06; 2335.82
463; 0.422661759258152; 15645.7524076667; 13180.57; 2382.87
464; 0.426448574228216; 16076.7176308102; 13511.27; 2453.29
465; 0.426398637799583; 16349.6045452764; 13729.67; 2501.36
466; 0.420367175217261; 16612.4022893968; 13965.54; 2558.83
467; 0.423791719632197; 16903.2258243857; 14207.98; 2580.21
468; 0.41834584762959; 17465.4355409407; 14678.16; 2698.49
469; 0.418025183693946; 17831.8220219753; 14993.1; 2745.87
470; 0.419330674696208; 18228.132118349; 15322.49; 2797.27
471; 0.424812945568997; 18701.8239023537; 15732.43; 2817.13
472; 0.425410140922611; 19426.5249355482; 16372.18; 2888.96
473; 0.422951885775321; 19945.9285713509; 16816.37; 2972.52
474; 0.424013643027714; 20507.3903231396; 17311.54; 3023
475; 0.426683129774471; 21500.3264064089; 18143.65; 3150.22
476; 0.425806518449598; 22148.1584883849; 18682.99; 3253.44
477; 0.425621494724232; 22860.5571388736; 19269.42; 3367.82
478; 0.428609137149509; 23701.9222355055; 19967.43; 3472.23
479; 0.425290357821525; 24914.5713560004; 20949.15; 3709.93
480; 0.426091050133619; 25772.0906467816; 21691.29; 3804.75
481; 0.424177574149469; 26583.6741957386; 22361.32; 3948.55
482; 0.426665321961835; 27867.5527509807; 23416.42; 4131.99
483; 0.423264861477646; 28669.1878818829; 24128.61; 4242.65
484; 0.421628246531779; 29456.3601602865; 24824.01; 4338.71
485; 0.421589510173923; 30270.4897702178; 25545.04; 4419.68
486; 0.413849263228669; 31342.4683054559; 26517.16; 4590.47
487; 0.414314579221828; 32029.8027657651; 27144.88; 4634.96
488; 0.411350745546612; 32664.2848392693; 27734.19; 4704.39
489; 0.409355480196534; 33298.2186455805; 28301.4; 4784.45
490; 0.40136602790308; 34172.218599423; 29129.5; 4917.45
491; 0.39703417884076; 34690.3328005419; 29620.01; 4991.8
492; 0.398210341506789; 35228.9714997713; 30076.82; 5050.77
493; 0.395404250897187; 35945.3770867972; 30727.18; 5145.3
494; 0.396344184387908; 36398.582795003; 31131.56; 5174.67
495; 0.39282436008059; 36780.6456271826; 31508.11; 5219.97
496; 0.389876717938216; 37383.8342277844; 32056.49; 5307.57
497; 0.391776250230069; 37792.7262591268; 32397.48; 5342.56
498; 0.390471131848623; 38133.0574391491; 32734.99; 5356.59
499; 0.388681268514983; 38548.8572472224; 33093.5; 5431.5
500; 0.392025742875809; 39119.8963978905; 33580.19; 5461.63
501; 0.390709314929223; 39460.5648604518; 33912.63; 5481.08
502; 0.390704195902009; 39828.5318776807; 34262.4; 5491.88
503; 0.388005085295438; 40392.7834738458; 34758.54; 5590.61
504; 0.385602103432007; 40768.9614994584; 35092.98; 5659.87
505; 0.385878491089405; 41210.0039395718; 35469.61; 5713.19
506; 0.384966272228476; 41640.8617581856; 35860.16; 5760.06
507; 0.384777351315888; 42259.6717500561; 36434.09; 5800.95
508; 0.38238415501455; 42674.7954447075; 36816.82; 5862.95
509; 0.378923688847508; 43091.590158765; 37220.5; 5923.17
510; 0.373325267339506; 43729.9148007223; 37815.45; 6049.54
511; 0.371762034500318; 44191.8291791278; 38193.07; 6154.56
512; 0.368787873289241; 44628.1046968391; 38664.27; 6161.05
513; 0.366228543555819; 45255.7677353178; 39275.75; 6213.99
514; 0.364506342188406; 45712.3560884647; 39688.32; 6282.11
515; 0.360027126556782; 46133.7631213493; 40099.69; 6363.71
516; 0.357680258854874; 46520.6131559936; 40486.93; 6397.69
517; 0.352577434646103; 47184.4642262511; 41096.3; 6541.34
518; 0.350862033195438; 47640.6474109743; 41496.14; 6626.65
519; 0.343799706445303; 48017.0822694091; 41917.64; 6705.56
520; 0.342010822855579; 48699.4375378196; 42548.12; 6790.4
521; 0.336556961864564; 49129.271991918; 42977.56; 6893.52
522; 0.330856515937062; 49517.0215011639; 43423.9; 6938.08
523; 0.326467747540927; 50149.1675044122; 44015.23; 7071.04
524; 0.322269058015289; 50596.3554247466; 44459.88; 7158.61
525; 0.3200089388388; 50987.9894846131; 44853.54; 7199.39
526; 0.316014122038171; 51532.876676093; 45445.09; 7227.5
527; 0.314969523992738; 51915.7245552743; 45749.02; 7338.26
528; 0.311446875140237; 52233.986038485; 46051.59; 7432.64
529; 0.311262760410412; 52521.7441469384; 46325.08; 7446.85
530; 0.308281557246183; 52880.3128289262; 46663.24; 7536.36
531; 0.305897876104363; 53067.6939684199; 46895.43; 7533.44
532; 0.304206970503915; 53238.0347827955; 47103.5; 7522.1
533; 0.301468741594377; 53464.9686722416; 47350.71; 7558.38
534; 0.298890362819211; 53574.2342873907; 47499.48; 7567.35
535; 0.297706791124129; 53746.1357523791; 47665.71; 7596.56
536; 0.292748565616611; 53966.3745200773; 47956; 7628.39
537; 0.287040616428213; 54077.7013733129; 48154.07; 7659.54
538; 0.28356231339301; 54204.5444203953; 48333.48; 7676.39
539; 0.281323076465517; 54459.810839431; 48638.4; 7664.33
540; 0.278691412051732; 54609.8642343639; 48781.81; 7737.72
541; 0.274891005673339; 54801.1199796405; 49000.63; 7801.09
542; 0.272384507781484; 55079.8630402079; 49330.89; 7796.44
543; 0.267139176166581; 55208.5688446186; 49574.67; 7784.29
544; 0.267162021612904; 55445.4087251416; 49814.41; 7773.5
545; 0.265717506545638; 55790.9229162976; 50138.07; 7839.71
546; 0.26250314999748; 56054.1416771337; 50409.36; 7917.92
547; 0.261798938966827; 56324.3903219272; 50662.12; 7956.91
548; 0.256480002375889; 56744.3962289727; 51154.89; 8010.79
549; 0.253940481603294; 56994.0234827378; 51448.39; 8020.41
550; 0.249610409861532; 57265.0111526614; 51787.69; 8052.21
551; 0.249511102699657; 57618.5357689908; 52108.28; 8096.98
552; 0.244877469166343; 57979.9277608085; 52532.52; 8149.17
553; 0.239052025702584; 58165.4277114273; 52882.77; 8088.61
554; 0.236941342307339; 58398.6983202079; 53142.48; 8112.9
555; 0.230445212706916; 58776.0927397627; 53645.5; 8135.28
556; 0.229946786391797; 59084.8460271541; 53968.23; 8123.54
557; 0.227843768186902; 59368.7255853478; 54277.78; 8150.4
558; 0.224063540226028; 59787.3831444876; 54687.44; 8295.43
559; 0.221101056931196; 60115.8777399646; 55059.41; 8327.75
560; 0.218955814059161; 60492.8208683947; 55464.5; 8355.33
561; 0.216331332675831; 61218.7511556317; 56171.38; 8481.63
562; 0.213027737194351; 61722.9209952549; 56732.23; 8509.08
563; 0.213040174783973; 62295.7418743416; 57284.76; 8536.23
564; 0.20787448425342; 63109.2708647598; 58131.67; 8683
565; 0.203025759734337; 63610.6383653039; 58723.39; 8722.57
566; 0.202819321243469; 64141.0786374521; 59260.3; 8713.46
567; 0.197102424117126; 64744.5884432699; 59968.19; 8768.43
568; 0.19266639162856; 65007.1535380134; 60312.67; 8810.43
569; 0.189435511943667; 65167.7456060694; 60536.87; 8832.97
570; 0.188471895808004; 65272.4279910536; 60654.49; 8847
571; 0.183409742794674; 65142.2242607446; 60645.86; 8845.03
572; 0.179605326612733; 64978.6483823878; 60593.21; 8802.53
573; 0.177153154982525; 64667.9424908441; 60388.41; 8701.9
574; 0.173173965364245; 64374.9356658428; 60192.1; 8693.52
575; 0.170263873427172; 63971.1667413996; 59917.07; 8563.1
576; 0.169451844005731; 63773.6630059893; 59761.86; 8507.77
577; 0.167570159495424; 63574.4849536146; 59641.09; 8428.61
578; 0.166457239687682; 63298.1404347265; 59423.5; 8351.72
579; 0.164882362295173; 63131.250458461; 59274.96; 8385.25
580; 0.164710781604964; 62986.2717569634; 59125.77; 8396.82
581; 0.161987116096516; 62728.0580152; 58924.46; 8406.26
582; 0.160520738764457; 62589.6515187649; 58842.88; 8350.45
583; 0.155776542046974; 62409.3732420581; 58773.45; 8344.55
584; 0.156010796725346; 62274.7099643108; 58634.76; 8335.83
585; 0.152288243143435; 62107.2099022258; 58543.05; 8356.35
586; 0.148882148340387; 61997.2886846818; 58471.96; 8448.9
587; 0.145462419319822; 61809.8367104651; 58404.36; 8348.32
588; 0.143239798811416; 61700.7761424039; 58360.19; 8311.12
589; 0.141219441286997; 61609.2618092373; 58331.89; 8265.55
590; 0.135325789774909; 61478.6691348873; 58337.01; 8263.17
591; 0.134766163884799; 61414.1588010559; 58293.38; 8237.16
592; 0.133249265672256; 61385.8500483616; 58296.42; 8242.06
593; 0.134633012400223; 61481.1882988301; 58354.29; 8251.08
594; 0.131199725552168; 61483.6570348663; 58474.67; 8142.58
595; 0.130235098061343; 61694.3355841142; 58691.02; 8182.26
596; 0.129041638092165; 61891.0430274045; 58910.07; 8191.32
597; 0.128380997174524; 62143.6490734851; 59148.04; 8268.66
598; 0.13025758695167; 62727.7798259636; 59669.64; 8314.38
599; 0.1311789758032; 63223.6865628809; 60111.73; 8395.94
600; 0.128805667748709; 63687.6810178304; 60597.36; 8485.8
601; 0.123406412361623; 64413.8129445034; 61431.73; 8541.42
602; 0.123388834885386; 65069.2292247518; 62030.86; 8698.58
603; 0.121843483246378; 65684.1308689435; 62682.2; 8697.72
604; 0.120949460251699; 66550.3534805789; 63509.51; 8869.93
605; 0.121188554721384; 67120.3124958782; 64042.25; 8955.31
606; 0.119545114229853; 67639.5214998809; 64550.97; 9103.79
607; 0.118927184477682; 68250.6834027004; 65111.84; 9294.41
608; 0.119560591382904; 68617.3538298952; 65429.29; 9384.39
609; 0.119426046870941; 69040.9018667707; 65822.24; 9479.31
610; 0.117057087651155; 69112.7753055713; 65955.41; 9481.14
611; 0.116566336734944; 69191.7618317356; 66022.08; 9552.58
612; 0.115820126460219; 69174.2390272432; 66019.65; 9562.45
613; 0.11215436648333; 69067.1783169409; 66016.95; 9542.42
614; 0.109853867628233; 68855.4869428519; 65905.75; 9415.73
615; 0.107182864514301; 68418.4948938232; 65585.75; 9262.15
616; 0.104009059318723; 68043.6363142877; 65316.88; 9181.97
617; 0.100698503661044; 67384.788789599; 64768.34; 9095.05
618; 0.102630299587115; 67026.3432957521; 64373.64; 9042.15
619; 0.100647167345217; 66566.3600262451; 63985.54; 8965.65
620; 0.0993558182943049; 65945.9828095381; 63448.32; 8784.82
621; 0.100059510683719; 65504.0368201467; 63011.38; 8701.12
622; 0.102367266256485; 65143.654108381; 62594.57; 8693.06
623; 0.102706881193684; 64596.0302633673; 62070.14; 8581.34
624; 0.105043429435156; 64298.1050157774; 61741.91; 8487.03
625; 0.10909541834628; 63861.2895740653; 61215.67; 8453.6
626; 0.10758634651925; 63497.933556199; 60906.9; 8391.25
627; 0.111217974300854; 63220.3250084276; 60552.71; 8353.36
628; 0.113036603659851; 62712.8597992991; 59996.17; 8366.11
629; 0.113187544776291; 62427.7300222755; 59718.79; 8327.32
630; 0.110549909799572; 62100.2787716073; 59494.05; 8198.99
631; 0.108362202568046; 61651.2992231396; 59130.04; 8088.35
632; 0.10740922976612; 61371.2804585875; 58876.05; 8072.41
633; 0.106121073409434; 60964.3902795965; 58511.89; 8027.04
634; 0.107239525618703; 60776.6397568762; 58308.74; 7989.54
635; 0.103210902688423; 60492.5094402488; 58140.12; 7908.54
636; 0.0999045137148858; 60185.021066077; 57915.51; 7878.13
637; 0.0994122984737543; 59971.2136245386; 57722.82; 7838.74
638; 0.100832435197934; 59786.3576102251; 57474.46; 7941.82
639; 0.103613091386441; 59561.5086996632; 57165.91; 8003.89
640; 0.105606355107324; 59450.4067248699; 57008.09; 8001.12
641; 0.105968053955117; 59187.6549213068; 56758.58; 7926.46
642; 0.10526980520129; 58949.9506992087; 56539.98; 7912.17
643; 0.107085837741753; 58821.0638531875; 56371.02; 7903.44
644; 0.109616639671464; 58594.9221783474; 56100.39; 7857.3
645; 0.109960898324504; 58453.0108263246; 55952.09; 7849.35
646; 0.111609127791974; 58259.7092748091; 55757.04; 7735.25
647; 0.113108016116207; 58123.5269804647; 55605.78; 7675.61
648; 0.112491515638453; 57912.0194242776; 55421.19; 7632.06
649; 0.115287645541282; 57774.353959394; 55233.83; 7592.22
650; 0.118369534318032; 57721.5281648817; 55116.84; 7578
651; 0.122930502519206; 57656.588337456; 54970.38; 7521.71
652; 0.121664916111004; 57487.6721770153; 54836.02; 7498.47
653; 0.126413728976798; 57441.8453789792; 54697.14; 7466.34
654; 0.129414769195119; 57343.3595302063; 54559.48; 7393.84
655; 0.129689079990128; 57255.9749108512; 54465.02; 7393.93
656; 0.131441689120821; 57132.7526568894; 54312.69; 7368.41
657; 0.130148519846276; 57034.7686319369; 54258.2; 7324.28
658; 0.130713834526108; 56943.505309328; 54165.73; 7293.21
659; 0.129956743601823; 56820.2648825334; 54053.82; 7302.78
660; 0.131733947609526; 56767.4382983804; 53974.86; 7269.33
661; 0.128573084292778; 56554.9616293604; 53820.55; 7288.84
662; 0.126516050649091; 56410.0543464544; 53704.12; 7326.33
663; 0.125519057024273; 56302.8851108527; 53597.59; 7378.87
664; 0.127484040591804; 56235.9754835638; 53483.1; 7388.78
665; 0.130250873290065; 56138.4175173214; 53326.55; 7383.97
666; 0.13334504718578; 56019.2979055865; 53150.66; 7355.43
667; 0.136167148365529; 55917.6839445374; 52998.89; 7326.55
668; 0.138146599956512; 55808.7151092352; 52847.85; 7323.5
669; 0.141231830112313; 55668.1633985695; 52664.94; 7263.21
670; 0.144811945662588; 55620.6361803249; 52553.29; 7232.11
671; 0.147400278369658; 55462.5379275073; 52404.63; 7079.27
672; 0.142232946099872; 55238.0262122804; 52310.27; 7020.25
673; 0.14210838237144; 55081.2748927332; 52154.03; 7021.01
674; 0.144751133035829; 54871.5683946064; 51884.46; 7029.82
675; 0.144135206311371; 54664.3819886469; 51726.62; 6940.14
676; 0.141724222037096; 54368.9462034004; 51487.64; 6919.48
677; 0.14391214890247; 54172.2725283551; 51264.41; 6874.84
678; 0.147476945473185; 53804.5194326579; 50861.27; 6787.88
679; 0.149512460125631; 53582.9891230127; 50607.72; 6765.89
680; 0.155181139963399; 53396.8202645937; 50288.84; 6807.27
681; 0.154942981032648; 52993.5686234431; 49879.04; 6829.65
682; 0.153393212187542; 52677.4812009886; 49603.29; 6806.66
683; 0.158764764961771; 52393.8751795407; 49190.55; 6849.95
684; 0.163463606197603; 52182.0935936727; 48851.84; 6914.18
685; 0.163176006992407; 51803.4203090341; 48496.41; 6875.35
686; 0.163068174837819; 51561.1854252762; 48259.88; 6865.56
687; 0.163470290208677; 51313.3349260512; 48015.34; 6839.14
688; 0.165191328644041; 50944.4681288498; 47660.66; 6736.35
689; 0.168617931359298; 50756.985628317; 47430.35; 6683.12
690; 0.169905685927632; 50434.1405700554; 47114.92; 6615.1
691; 0.16740409596874; 50121.2973256312; 46875.41; 6563.05
692; 0.16830131597817; 49885.0030162839; 46671.62; 6460.16
693; 0.172306796695123; 49539.3598007623; 46240.6; 6475.1
694; 0.176385135121929; 49315.4611921455; 45936.72; 6476.21
695; 0.179515098347384; 48942.9079898264; 45505.74; 6470.6
696; 0.181331392525561; 48707.5797904246; 45255.77; 6430.36
697; 0.183611722519484; 48305.8001996329; 44881.07; 6297.83
698; 0.184779233800363; 48048.5989493219; 44617.46; 6267.1
699; 0.189226608459103; 47725.5495692784; 44279.79; 6143.47
700; 0.189969923846931; 47483.3515861057; 44098.54; 6008.83
701; 0.190269930618355; 47259.969146137; 43886.31; 5977.78
702; 0.185064520217088; 46892.3427918593; 43667.22; 5873.37
703; 0.186264667029209; 46662.0702712019; 43450.12; 5809.93
704; 0.189676017042674; 46402.5609313334; 43177.28; 5727.38
705; 0.188872532973547; 46161.5716276393; 42984.61; 5663.34
706; 0.189310241358804; 45872.1331713726; 42694.41; 5649.54
707; 0.188947197033064; 45668.8167968786; 42461.28; 5711.07
708; 0.18856095607708; 45429.4632837287; 42219.65; 5724.39
709; 0.187957003459789; 45090.637676675; 41899.34; 5707.57
710; 0.191775750206416; 44893.3453717988; 41648.14; 5686.33
711; 0.191862513438042; 44585.2832122137; 41364.18; 5640.34
712; 0.193901235586283; 44348.9084617131; 41116.32; 5599.74
713; 0.194528634785008; 43981.9260058098; 40762.56; 5557.66
714; 0.196366331195085; 43700.2668603846; 40520.22; 5437.41
715; 0.19885494986249; 43339.8909883015; 40202.88; 5294.92
716; 0.199674654606813; 43042.7909162696; 39932.78; 5226.2
717; 0.202083698261483; 42730.6411239297; 39629.07; 5147.84
718; 0.200218171724789; 42188.3138128033; 39183.73; 5031.33
719; 0.204317966348699; 41836.587162478; 38793.68; 4991.12
720; 0.208816278616886; 41342.6433579218; 38280.05; 4913.24
721; 0.20565438492204; 41003.3380271629; 37997.72; 4894.17
722; 0.209478019147692; 40507.3285032624; 37461.34; 4867.58
723; 0.212555344025786; 40172.4656185673; 37089.11; 4854.17
724; 0.214489903263745; 39720.881481775; 36612.24; 4848.05
725; 0.213986654167276; 39467.2370416211; 36385.09; 4816.26
726; 0.215933705569884; 39240.4747597063; 36131.54; 4812.54
727; 0.214086586877262; 39124.2827120886; 36040.6; 4812.86
728; 0.212444655100366; 38980.1028777419; 35923.5; 4805.84
729; 0.217541034132661; 38914.4125064697; 35794.86; 4788.58
730; 0.213898551805016; 38838.8651570197; 35804.98; 4735.07
731; 0.2149503440154; 38904.3386640843; 35898.6; 4667.75
732; 0.216838258588167; 38954.1611989347; 35931.8; 4652.12
733; 0.222151688427716; 39038.3810167752; 35937.66; 4658
734; 0.220373957872192; 38999.8739402353; 35940.73; 4632.18
735; 0.218208176401352; 38943.6871387458; 35910.34; 4637.56
736; 0.217664869435436; 38886.4767168169; 35853.79; 4646.83
737; 0.215085197040261; 38800.9737894902; 35763.82; 4707.89
738; 0.217558851136801; 38755.6441884449; 35686.23; 4702.2
739; 0.220379395261141; 38668.8533692658; 35566.35; 4690.32
740; 0.217952623671123; 38571.5700767692; 35518.53; 4665.2
741; 0.216891611146885; 38504.7937171; 35438.57; 4706.66
742; 0.221627981221208; 38529.7531072838; 35376.98; 4734.62
743; 0.223477234177518; 38571.6851006975; 35384.87; 4744.52
744; 0.226814515593292; 38779.6776193008; 35557.26; 4725.32
745; 0.22627840828665; 38934.3625997276; 35711.59; 4735.27
746; 0.229437822901304; 39222.0918563664; 35904.99; 4804.96
747; 0.232648460916511; 39451.4187477374; 36064.38; 4836.75
748; 0.2394648772953; 39758.2601887019; 36277.22; 4827.83
749; 0.242947253435116; 39900.7372880064; 36375.65; 4817.49
750; 0.248103672370393; 39952.5819244573; 36374; 4787.76
751; 0.248888580877275; 39878.0805723963; 36336.55; 4723.1
752; 0.252975190010776; 39657.6157771816; 36099.96; 4667.67
753; 0.251609742062936; 39370.2896821375; 35843.88; 4651.64
754; 0.24662032646926; 38788.9295863457; 35400.69; 4559.52
755; 0.240623083704202; 38314.3796486831; 35033.68; 4523.71
756; 0.234670104659232; 37606.8076068813; 34423.24; 4499.87
757; 0.232467575339526; 37168.7733592237; 34033.43; 4471.88
758; 0.231725573899268; 36541.2251805589; 33441.09; 4434.02
759; 0.228153808777922; 36103.3159733762; 33053.61; 4428.1
760; 0.229429911957829; 35722.9517219109; 32681.41; 4389.62
761; 0.233403713945048; 35161.9972565133; 32094.24; 4350.03
762; 0.236865333027097; 34855.4453893554; 31738.87; 4352.62
763; 0.242515068666087; 34390.779874318; 31268.89; 4256.73
764; 0.244753533249023; 34069.8963232452; 30955.78; 4205.71
765; 0.242309086439943; 33554.1684833246; 30523.94; 4133.31
766; 0.239719983690545; 33235.8513120465; 30282.24; 4071.93
767; 0.241427803005387; 32751.1363476788; 29889.65; 3917.14
768; 0.238717148570245; 32442.5337833106; 29645; 3873.2
769; 0.238820924555983; 32019.5354310051; 29266.15; 3810.18
770; 0.237416476424468; 31739.8426638803; 29018.85; 3787.39
771; 0.237787100920138; 31398.5621832477; 28680.35; 3776.08
772; 0.240719141616342; 31172.9939336956; 28446.72; 3739.62
773; 0.249626439849018; 30861.6812001202; 28058.77; 3705.92
774; 0.25098088314744; 30636.5792543263; 27829.59; 3689.54
775; 0.257264428093796; 30333.913968558; 27439.76; 3709.91
776; 0.258418411561039; 30092.5464795196; 27237.96; 3641.47
777; 0.258630731247202; 29765.5560678907; 26913.56; 3634.26
778; 0.258438420432709; 29534.6655059111; 26715.7; 3593.82
779; 0.259663141739743; 29193.4545405477; 26401.43; 3541.9
780; 0.254873473885472; 28958.0357407596; 26209.45; 3551.42
781; 0.251222621423501; 28657.2514090547; 25959.69; 3535.36
782; 0.250829352903716; 28468.4340800895; 25778.2; 3530.39
783; 0.2525752340026; 28150.7978609251; 25494.21; 3461.37
784; 0.255263023099841; 27981.1394867253; 25318.31; 3432.1
785; 0.257672030355411; 27707.4736302075; 25049.77; 3392.5
786; 0.257383146120591; 27540.6462672968; 24888.1; 3388.75
787; 0.26198049218933; 27294.2443510024; 24582.52; 3402.48
788; 0.263617788985602; 27131.0927793126; 24429.24; 3367.97
789; 0.260931764365582; 26802.3227375132; 24166.33; 3318.75
790; 0.257458718721246; 26590.3028378401; 23986.74; 3321.19
791; 0.254685052525112; 26330.4904892929; 23719.03; 3366.69
792; 0.251856058475811; 26127.7611961221; 23546.07; 3364.95
793; 0.254235508900344; 25838.2625211436; 23263.87; 3323.4
794; 0.255751902672284; 25672.5973155159; 23096.99; 3304.73
795; 0.259141191559706; 25401.7941362153; 22857.12; 3222.13
796; 0.263369234758483; 25188.5086693815; 22628.84; 3188.88
797; 0.265225759563767; 25009.9374076837; 22457.2; 3157.88
798; 0.271786511883617; 24783.0276153716; 22251.53; 3055.91
799; 0.271026518451886; 24607.8473082726; 22129.09; 3000.25
800; 0.270644228353445; 24401.5780292504; 21918.26; 3009.63
801; 0.271753361863034; 24222.0165340786; 21741.23; 2993.24
802; 0.271478635107293; 23994.7984318321; 21479.09; 3037.38
803; 0.271794037401626; 23846.8670061727; 21336.34; 3026.35
804; 0.275309144395192; 23666.229945089; 21187.49; 2948.75
805; 0.27953707898575; 23534.19167714; 21034.56; 2927.88
806; 0.282814194218535; 23336.4271975686; 20836.79; 2893.22
807; 0.285921055043081; 23216.1820807951; 20715.72; 2862.27
808; 0.289760764573759; 23013.0530301124; 20539.9; 2792.96
809; 0.290809502140203; 22877.9490320933; 20424.64; 2760.03
810; 0.29630314524396; 22666.4847673886; 20224.7; 2695.53
811; 0.292507902597686; 22513.1717592146; 20091.86; 2706.83
812; 0.294825210508651; 22310.1730082082; 19884.31; 2689.74
813; 0.29023613696568; 22162.1062728121; 19793.26; 2667.28
814; 0.291114670912674; 21982.9697890842; 19615.6; 2656.72
815; 0.2935461056736; 21854.9036092571; 19510.51; 2608.64
816; 0.289044376098264; 21645.7186595698; 19316.71; 2631.29
817; 0.285491726861554; 21468.5345432214; 19151.29; 2650.15
818; 0.289847360768719; 21350.8890143174; 19034.43; 2609.02
819; 0.293572793907653; 21140.6693763332; 18814.23; 2586.51
820; 0.292761726817409; 20989.6269427888; 18689.96; 2563.25
821; 0.296016854287738; 20805.3155511287; 18518.27; 2520.42
822; 0.296715584679992; 20674.1809615932; 18404.2; 2495
823; 0.301501278363001; 20520.3692895114; 18260.87; 2443.43
824; 0.304131685555757; 20406.1206381359; 18158.8; 2408.62
825; 0.306489678299657; 20250.3894870369; 18009.86; 2382.79
826; 0.301727119241605; 20114.7584537522; 17931.53; 2358.5
827; 0.297337642103539; 19959.6709495565; 17798.05; 2369.86
828; 0.300924021191402; 19876.1524966458; 17684; 2374.92
829; 0.299776697387799; 19700.5948821061; 17555.02; 2333.13
830; 0.287713560705866; 19492.3132115232; 17403.79; 2366.16
831; 0.286928319543332; 19377.4813516557; 17305.83; 2352.33
832; 0.282727904552682; 19198.2170616388; 17198.16; 2303.66
833; 0.288114310586894; 19121.7668356314; 17119.37; 2262.14
834; 0.286411355040417; 18981.109592336; 17011.62; 2237.18
835; 0.282592798623585; 18845.0364439963; 16937.08; 2196
836; 0.290035409157891; 18721.5284016778; 16817.17; 2135.06
837; 0.2989884261935; 18681.1224311998; 16729.78; 2122.5
838; 0.304510580316198; 18551.7683076506; 16579.8; 2106.31
839; 0.316732435935668; 18431.4020201134; 16431.87; 2054.8
840; 0.311840536862838; 18342.0397164882; 16338.43; 2091.29
841; 0.315980560021101; 18218.438989775; 16176.85; 2105.39
842; 0.313634913607215; 18125.2312690929; 16100.15; 2103.51
843; 0.313824413872359; 17998.077007895; 15963.29; 2111.77
844; 0.308624034496579; 17863.6766710424; 15892.03; 2080.25
845; 0.311585128094112; 17703.5242275384; 15721.29; 2071.01
846; 0.303415404374695; 17580.8613937249; 15640.73; 2081.13
847; 0.305756672188581; 17463.3303978054; 15512.12; 2076.45
848; 0.301329107393636; 17292.3315304374; 15379; 2065.59
849; 0.298285198631493; 17141.8642141136; 15291.55; 2017.42
850; 0.305277853927925; 16977.1528118409; 15122.34; 1975.49
851; 0.305301026840642; 16873.3446076703; 15033.42; 1959.04
852; 0.302090171473619; 16694.9425430448; 14892.72; 1938.79
853; 0.301627734641429; 16582.6700894261; 14821.77; 1896.81
854; 0.299793280740478; 16386.4269595268; 14666.47; 1863.56
855; 0.299103770275903; 16153.6504202302; 14480.87; 1816.21
856; 0.29739546919233; 16065.4358297583; 14373.72; 1846.96
857; 0.297652716570635; 15884.5468150252; 14195.76; 1841.75
858; 0.295590521619776; 15780.4951571983; 14085.44; 1861.12
859; 0.29071338413925; 15576.825657165; 13917.36; 1852.25
860; 0.298123970450393; 15486.8521934093; 13810.98; 1823.65
861; 0.301309170945621; 15339.7871853568; 13662.8; 1805.22
862; 0.300131729764545; 15185.6358669731; 13537.19; 1781.11
863; 0.303963538967229; 15079.1516849665; 13438.2; 1750.32
864; 0.307759165962937; 14898.5775374748; 13288.14; 1696.2
865; 0.307649753097375; 14773.2410843392; 13208.2; 1648.65
866; 0.310030891486894; 14591.7464753873; 13052.04; 1609.19
867; 0.312273022803026; 14348.7218575703; 12842.9; 1562.12
868; 0.309193017004849; 14165.7789464382; 12685.62; 1550.49
869; 0.312932684943669; 13919.244725338; 12452.22; 1518.07
870; 0.31906532778618; 13752.0446798872; 12312.23; 1460.99
871; 0.32868955993811; 13491.2035747239; 12058.87; 1410.52
872; 0.328887909102097; 13294.080372127; 11877.36; 1394.03
873; 0.323028287384133; 12993.2991033359; 11599.66; 1395.92
874; 0.321375434243663; 12737.0785611496; 11341.58; 1404.65
875; 0.325138545128067; 12588.4939982246; 11199.45; 1381.7
876; 0.328896778709085; 12371.7416190804; 10955.32; 1392.56
877; 0.326735363185969; 12196.3254188106; 10806.42; 1375.26
878; 0.323820344946025; 11965.2361563837; 10606.06; 1356.65
879; 0.323084206538327; 11797.1443329681; 10447.83; 1349.61
880; 0.328244333284135; 11704.6902246144; 10366.94; 1316.75
881; 0.329489184676598; 11565.4970700385; 10243.98; 1295.56
882; 0.333750256334471; 11494.6368999096; 10190.2; 1262.24
883; 0.322533050605279; 11355.2375399643; 10089.13; 1267.51
884; 0.328455434619731; 11289.2930895496; 9988.4; 1278.6
885; 0.329888497603594; 11230.4866600508; 9913.56; 1288.44
886; 0.329900063308497; 11147.0908735528; 9804.76; 1312.99
887; 0.324900175897474; 11083.2097339629; 9763.04; 1310.97
888; 0.329836990926712; 11011.753260675; 9696.05; 1286.81
889; 0.337868112613038; 10954.2887316663; 9644.06; 1250.79
890; 0.336351534743626; 10913.1649327453; 9630.85; 1229.46
891; 0.335107702192963; 10852.3950879201; 9604.7; 1200.51
892; 0.332208787141989; 10865.2564226353; 9632.5; 1196.29
893; 0.32873619490502; 10896.5119653099; 9695.44; 1177.7
894; 0.334647913819686; 11005.9835865989; 9773.06; 1187.38
895; 0.33545681222403; 11095.4118657089; 9825.7; 1219.66
896; 0.338299690134629; 11256.460298976; 9951.28; 1242.99
897; 0.338967741677965; 11386.1587675025; 10040.59; 1278.76
898; 0.346783134566064; 11618.4193498239; 10233.74; 1286.06
899; 0.349102055214575; 11834.4772321723; 10407.18; 1316.62
900; 0.347284003715862; 11960.3089749614; 10519.34; 1335.97
901; 0.353093721663982; 12129.8685308009; 10674.23; 1327.19
902; 0.344626814285828; 12217.2043502617; 10803.41; 1320.49
903; 0.337671734529101; 12252.6998338435; 10845.48; 1341.2
904; 0.328896377646324; 12265.3748333286; 10871.89; 1363.32
905; 0.324706313660604; 12234.7716101696; 10842.71; 1379.32
906; 0.319544019338054; 12145.745833821; 10775.52; 1379.39
907; 0.321704792118427; 12000.4384922716; 10665.88; 1334.24
908; 0.318713894568153; 11854.4677206592; 10561.98; 1304.09
909; 0.328926674197667; 11629.8003530936; 10342.42; 1258.44
910; 0.323134796109839; 11338.6367927316; 10084.23; 1247.98
911; 0.326916013079424; 11101.1742929983; 9884.34; 1196.4
912; 0.337244135537827; 10735.8069743478; 9558.26; 1122.13
913; 0.339217804836161; 10449.327221198; 9303; 1085.88
914; 0.332495159677427; 10018.1833425861; 8920.23; 1060.91
915; 0.327086788101876; 9619.23890766824; 8545.32; 1054.67
916; 0.315176524475562; 9342.14105143843; 8311.13; 1050.62
917; 0.321847480534519; 8964.00463657364; 7972.82; 988.97
918; 0.316514606059832; 8596.96395138; 7671.41; 938.89
919; 0.315306745085734; 8380.20692107288; 7486.3; 910.14
920; 0.309767479296837; 8054.8387022024; 7193.89; 892.14
921; 0.306712680705818; 7744.55910888598; 6920.81; 861.98
922; 0.312035023247212; 7566.54559522413; 6748.05; 841.79
923; 0.323499281774853; 7287.08194118324; 6496.05; 784.61
924; 0.325155237028501; 7107.30987570935; 6335.94; 761.11
925; 0.327281908030795; 6830.61516434007; 6077.93; 737.75
926; 0.328831685396204; 6559.60335540579; 5815.14; 726.18
927; 0.327335316105953; 6395.18762537514; 5665.7; 714.73
928; 0.325280372995454; 6125.66860232094; 5437.06; 678.85
929; 0.317219215754518; 5822.24914210585; 5175.42; 653.78
930; 0.315832403169167; 5620.99040892683; 4999.79; 630.57
931; 0.304048819537815; 5284.97614438895; 4725.43; 589.92
932; 0.30565280298203; 4922.72408757096; 4403.79; 544.16
933; 0.295114603467261; 4643.7814015374; 4171.45; 512.91
934; 0.295308792434766; 4191.47407033239; 3774.84; 452.07
935; 0.291022715516989; 3713.29986730026; 3360.06; 388.89
936; 0.296380788943887; 3405.08824318153; 3086.68; 344.16
937; 0.303984897957172; 2937.23849483994; 2658.99; 293.19
938; 0.285606430436463; 2487.70622593862; 2252; 264.31
939; 0.279919946422601; 2229.50167032875; 2024.61; 234.4
940; 0.31250079972302; 1928.62136282253; 1733.22; 200.21
941; 0.318444308933724; 1696.11767395906; 1538.72; 158.24
942; 0.339009254165315; 1594.64860422707; 1438.65; 147.3
943; 0.360550857875658; 1482.17566044694; 1334.26; 131.31
944; 0.344139811342038; 1426.86457564633; 1289.05; 128.16
945; 0.32762160424958; 1418.70941957446; 1279.67; 135.8
946; 0.345696342787564; 1443.71369110434; 1299.75; 133.24
947; 0.329058566810773; 1481.26450768208; 1341.65; 135.73
948; 0.325514987002468; 1527.12438328704; 1372.3; 152.14
949; 0.332385282170379; 1613.1400127671; 1429.17; 177.02
950; 0.334276754211374; 1703.65394723819; 1522.48; 173.32
951; 0.342785493002803; 1772.52917762056; 1580.34; 179.27
952; 0.362792600878442; 1872.00997682551; 1680.01; 169.2
953; 0.35356573692459; 1975.54815840125; 1761.43; 193.59
954; 0.353028108211123; 2041.86193871437; 1813.87; 206.42
955; 0.367279290207014; 2153.75930511514; 1902.81; 218.36
956; 0.37018096285324; 2238.72327786246; 2005.39; 201.42
957; 0.362848501102337; 2297.86923870249; 2063.96; 205.97
958; 0.358049855324108; 2378.8954215252; 2131.01; 221.18
959; 0.346882198828644; 2445.28931970825; 2196.72; 228.9
960; 0.365357196399217; 2488.94825824794; 2252.42; 206.77
961; 0.340598616612745; 2552.07528300064; 2309.05; 227.87
962; 0.327333601741381; 2596.21539500234; 2346.14; 243.95
963; 0.323309084378828; 2619.67581234642; 2362.87; 253.6
964; 0.33202287095356; 2653.20656690828; 2387.56; 255.42
965; 0.313122364913637; 2683.14029175707; 2411.05; 277.37
966; 0.32443499777088; 2717.97474860357; 2422.73; 290.45
967; 0.314901116339774; 2726.45056902392; 2412.51; 318.15
968; 0.303998402315021; 2720.09278415899; 2424.46; 310.3
969; 0.306082639438279; 2713.73703797834; 2433.22; 292.4
970; 0.310688685004757; 2716.12063097653; 2425.52; 298.38
971; 0.316438949473838; 2718.24060170732; 2406.15; 314.58
972; 0.334715868043138; 2710.55919140365; 2389.96; 305.48
973; 0.33716531652932; 2704.20480315429; 2390.88; 296.34
974; 0.345722989849805; 2673.20364362459; 2376.55; 273.6
975; 0.359902517780446; 2665.52064396171; 2360.35; 270.33
976; 0.351160904166917; 2654.9214387223; 2346.14; 280.3
977; 0.342727366970739; 2633.84878347569; 2340.7; 272.63
978; 0.339845850407928; 2604.4322585962; 2312.92; 273.37
979; 0.324310281841143; 2566.66422536967; 2292.47; 269.42
980; 0.315675703389485; 2540.02226140916; 2271.21; 271.32
981; 0.310764315602878; 2516.41648451489; 2242.64; 280.66
982; 0.308076790785236; 2467.99260072608; 2202.63; 274.38
983; 0.316312470322264; 2441.18978606522; 2191.33; 251.59
984; 0.329809425794486; 2401.52231225117; 2150.38; 242.5
985; 0.3314307038837; 2357.18298576075; 2126.43; 221.7
986; 0.341947189347554; 2323.45724134167; 2089.99; 217.38
987; 0.336529112597555; 2292.50585983975; 2070.96; 209.58
988; 0.362302879414863; 2254.51182003324; 2031.15; 196.24
989; 0.398365298607368; 2230.45773515701; 2001.59; 182.85
990; 0.382517506286516; 2203.60906923597; 1964.58; 198.86
991; 0.357130118761755; 2149.48102317824; 1922.47; 202.26
992; 0.380051606050651; 2108.23931372424; 1892.5; 180.6
993; 0.362369251453547; 2056.87770903598; 1843.17; 187.61
994; 0.359976688287372; 2025.3219838963; 1823.97; 177.92
995; 0.33392552514859; 1976.85538816493; 1786.35; 181.45
996; 0.302534346382778; 1914.91587465473; 1743.39; 180.3
997; 0.300064932496712; 1873.46761135279; 1714.96; 167.97
998; 0.301693932756926; 1845.46553938906; 1691.86; 161.88
999; 0.289524215596322; 1806.93325143481; 1639.65; 183.68
1000; 0.274194259976843; 1760.10197816483; 1609.32; 174.8
1001; 0.298468279344262; 1745.16024968424; 1574.59; 181.64
1002; 0.321948374556415; 1713.00521911779; 1536.62; 174.11
1003; 0.325877341513003; 1685.63237653881; 1503.2; 177.89
1004; 0.344716729758134; 1644.90785563445; 1462.01; 168.58
1005; 0.358526289973254; 1621.92449027465; 1442.35; 159.12
1006; 0.365696435607879; 1581.0411199721; 1418.13; 141.51
1007; 0.381534643104971; 1550.29272454437; 1387.48; 135.54
1008; 0.327517737118964; 1498.1576690539; 1361.78; 132.24
1009; 0.344668078881752; 1473.1523145897; 1342.09; 120.75
1010; 0.330084408226175; 1428.4634941114; 1308.87; 115.04
1011; 0.291513307819103; 1384.55608181989; 1283.94; 109.58
1012; 0.249718708237854; 1342.11226665371; 1251.78; 114.83
1013; 0.223622067058479; 1311.29731503412; 1226.98; 119.68
1014; 0.235580064287966; 1276.33623828367; 1191.45; 114.36
1015; 0.292476076170622; 1260.1305500077; 1162.48; 105.95
1016; 0.299480261978113; 1230.64649011808; 1141.02; 94.96
1017; 0.295435951564901; 1206.91913894495; 1125.72; 87.2
1018; 0.29199525614067; 1182.91034351428; 1093.11; 97.56
1019; 0.326553795749866; 1151.9150036315; 1062.77; 86.59
1020; 0.39443639750966; 1132.05702080742; 1039.53; 74.4
1021; 0.408117142348693; 1118.77315845149; 1027.85; 70.65
1022; 0.372495913145513; 1079.7338566185; 1001.12; 66.92
1023; 0.354625183233314; 1055.56637518753; 969.14; 77.27
1024; 0.35969999194903; 1035.55801916506; 953.82; 72.04
1025; 0.392060075090713; 1018.09274191111; 932.44; 69.25
1026; 0.354339518604487; 992.016716354311; 909.32; 73.97
1027; 0.297050589122226; 960.161820331365; 891.7; 73.04
1028; 0.261721925302848; 931.669255668069; 867.22; 78.03
1029; 0.243862816913762; 909.618156174158; 845.82; 82.89
1030; 0.213164278821866; 881.511805338329; 820.39; 90.84
1031; 0.209912643383016; 848.829480484651; 787.28; 92.88
1032; 0.228548324253199; 831.06938237628; 774.62; 78.23
1033; 0.286419763164982; 821.110158284106; 749.98; 78.65
1034; 0.295826898414158; 806.162615923375; 726; 85.81
1035; 0.272039873209862; 777.482256525806; 702.83; 86.89
1036; 0.250060361376575; 753.786715405343; 698.12; 70.48
1037; 0.289456927413709; 739.102674233265; 685.86; 58.23
1038; 0.278138089055207; 732.100241839382; 684.37; 54.32
1039; -0.465521588119512; 675.796696181923; 735.85; 40.83
1040; 0.233806426134521; 655.307255693741; 710.26; -74.38
1041; 0.159765236629867; 701.402504678881; 684.65; 33.18
